solver_type L2R_L2LOSS_SVC_DUAL
nr_class 5
label 1 2 3 4 5
nr_feature 450
bias 1
w
0.4134621460884046 -0.5387031490990537 1.651415607338972 -1.11681150709633 0.1380602861168082 
0.1584855824458593 0.03984956732141415 -0.08379882101955619 -0.6018561867716224 -0.1116183386975207 
0.3840826795050423 -0.2794254100467954 0.1003472614021602 -0.4421778837946757 -0.02302155742202008 
0.3329175845784686 -0.4943332028038716 -0.9908062195692371 0.2979003030018404 -0.03593032571689245 
0.237162003863884 -0.4989396404332762 1.038826707871732 -0.9431578498302197 -0.1467687330191257 
0.2077060880798988 -0.3290612020729473 -1.16244354235836 1.190408917910335 0.03791705551996406 
0.08580541259066796 -0.4725335252256447 0.6251993691123022 0.2578005866480023 0.08150839820537069 
-0.06374489529706809 0.107315949340908 -0.06549361962615012 -0.4922674691192913 -0.2036698875799227 
0.1883724875222166 0.006799607108101852 -0.1714871397127089 0.2061885316267601 -0.04269146942216899 
-0.003876415500234926 0.1628630457554566 -2.473519872026229 2.554557636516435 -0.1129578143159545 
0.1624581599842367 0.05333047152841315 0.9432086976883973 -1.412892753093585 0.05561011784688984 
0.05676614336987536 0.02765000570268418 -0.3511368240125338 0.3312616684035876 -0.2216658395684075 
0.09360252196593224 0.04332903091260926 -0.7597624408360225 -1.184251077912713 -0.2308387407821369 
0.1807644279184322 0.2754191351710668 -0.07520991034814088 -1.537179414308661 -0.3049274936364149 
0.1005437245012522 0.2474692571267922 0.05021903830922116 -1.55140532802369 -0.4150436270986839 
-0.04129936967012169 -0.3065722808534805 0.1520182150268987 2.573140927926797 -0.01689634529512494 
0.06652064166201309 0.08685571375693169 -0.5313021871808997 -0.5049158697092708 -0.2437654815596772 
0.1232192275560158 0.2287835383039499 -1.268183495256549 -1.018361945334391 -0.1522266961995983 
0.3397299800213661 -0.4457976178775798 1.544763262565426 -1.948226667586419 0.06122885044106857 
0.1457395726863356 0.04309904035670616 -1.384052964518571 -0.1643669694180953 -0.1760632116446668 
0.3058278327331604 -0.04141082994154226 0.1392234271411656 -1.052223123185735 -0.05592755664407745 
0.2091521304252138 -0.0190838274892756 1.016879560448508 -0.4859177004692829 0.2538450066183155 
0.1326288996971446 0.1927815897524899 0.2166698960003262 -0.41276944191904 -0.239736271076344 
0.1124150109888623 0.1037553910308623 -1.68758178338112 0.2621872018562719 -0.1496628684554906 
0.2535558096545474 0.04789617165367878 -1.066025256265776 0.1934462406061595 -0.2094529765129902 
0.379834716871083 0.06108403568614714 0.1950508110976452 0.1410663493183628 -0.1703824353550793 
0.2095657831755635 -0.1020675994862103 -1.139301104624077 0.8538458835489454 -0.1258238930528026 
0.3647374965090369 -0.03947005340758716 -1.85838046543752 2.09324422493858 -0.3888323583638943 
0.5784779373708636 -0.3527100185060413 0.6385786084210913 -1.611398382641275 0.00464137035564939 
0.4040413246957066 -0.2790632292620199 -0.1559801874926743 0.5268826014505409 -0.347533069734785 
0.4201348109786425 -0.1395597173486895 0.475706924801866 0.1162840108544008 -0.131761272429777 
0.3015572541019658 -0.1615937142286255 -1.212722049964922 1.00696568780377 -0.4090783246823985 
0.536139209718908 -0.3146029311303767 -0.1417508574791082 -1.203152713147352 0.01428243349418798 
0.4913250115057633 -0.4549744016308848 0.1641273989380758 -0.03309218871319747 -0.09717161215439633 
0.4245756795098974 -0.1403618792539305 -0.4171865742555413 0.5855585088126614 -0.3372606897336621 
0.4906031952809067 -0.127791595733119 -1.383318530449962 1.211221474460387 -0.2930214875087558 
0.4994752341776048 -0.1341500965866298 -0.2239540336767382 0.1418911968168358 -0.05785471084204897 
0.5218752196378622 -0.6709346913893183 0.168960983912159 -0.7978398009847938 -0.1079002405109256 
0.3702813807555326 -0.3228658144236322 0.03018878999712608 -1.132145511388978 -0.03106000229580548 
0.3896625171055956 -0.2062558696645335 -0.2367325789667364 -0.675869259665404 -0.148109791935849 
0.31092018258517 0.05183970246278707 -0.6102053583160383 0.08009786436061918 -0.09089231072906928 
0.2779702592456235 0.4504763003783152 -0.8335369806251635 0.1241370587763407 -0.1697520255786625 
0.7698367525694744 -0.3270538385303651 0.8983030340121456 0.3244879426309166 0.06343744222796799 
0.1650549136543807 -0.4103910246660065 -0.2979628956380053 -0.291189057895378 -0.08127241318311659 
0.2951659859443077 -0.2561977014012377 -0.5199902153589746 -0.9044625386532672 0.002543998432704502 
0.4534114494050943 0.1683589088542035 -0.674454594515103 -0.3676981639483896 0.1237875783650942 
0.6728412907969881 -0.6816469810168311 0.2284565240174301 -1.286463930958724 -0.5205612225358038 
0.6509902638001858 -0.185640042269781 -0.01853892391362937 0.2402221502811589 -0.1464357468505475 
0.4605070239057495 0.00846514214364162 3.860905477855689 -2.440708545309505 -0.01224147763671202 
0.1762049952784668 0.2513927528876335 2.603456590420143 -0.5257101230637141 -0.1397697190126396 
0.6762222498034058 0.1464159926249039 0.07667920524812821 -0.9554095264849888 -0.1534110884318539 
0.4090663010838609 0.444154589016386 0.08339230667777944 -1.077533714691244 -0.7248106525347749 
0.06070324278432365 0.203402801689575 1.659031061801265 -2.177301742902797 -0.2486709187327013 
0.4180801290947865 0.1113183978643994 -1.167318427342314 0.7064126753801808 -0.3043589420175473 
0.127151821388627 -0.3180201009996337 -0.4877833897552544 0.4285442156079343 -0.01721031746677205 
0.2150441642747536 0.1418362461141 -0.531565611908959 1.10259012802663 -0.1705761204398563 
0.007847781870526961 -0.4600927082961133 0.1485813947933138 0.5989640652347841 -0.06629391257632933 
0.4015068130966639 -0.02667523902157958 -0.0385216639587535 -0.7790576307250864 -0.0376535377215424 
0.107817913296541 -0.5603082436562876 -0.02470957548078253 -0.2195379520127053 0.007414804056991089 
0.1106936879341299 -0.0767381957591899 -0.815092270985053 -0.1303553613998499 -0.1711337700381226 
0.0607762124049243 -0.3508007795660862 -1.587012315226529 0.6950177478352165 -0.05707469747260414 
0.1664667611684484 -0.7806079437758273 -0.351274514145052 0.127242766075777 0.05944408205117007 
0.193077531103648 -0.4443980640910458 0.3142192069660453 -1.486083826052872 -0.2706330558151274 
0.3185464836673856 0.3519025277712161 1.779714884246541 -2.045143721825479 -0.2632072555580976 
0.3022559758945893 0.0791645764292154 0.4914804917602529 -0.5317492431002137 0.08098638066584297 
0.2972644845032039 -0.0311707966849245 0.6818780364078306 -1.555535794400194 -0.2763580239608973 
0.2544645390080834 -0.1336526441066816 0.2613998908278277 -0.9941100201573313 -0.3056520576315346 
0.06001241917985292 -0.09399350468434804 -0.6566389196245734 1.264488230550918 -0.1446433267815907 
0.1769698320005339 -0.008152239082345154 0.4087127958696392 0.2826249186553637 -0.2737155053929317 
0.245025028231253 -0.35447576550472 -0.9136685500769089 1.316442571222659 -0.1111546932574422 
0.1512780428232934 -0.4261198831475602 -0.0850046735181219 0.2183247688747787 -0.02054894685181788 
-0.08613261409256441 -0.09546958080786422 -0.4546922245548398 1.698419559750916 0.03833382583910728 
0.7018541811125324 -0.6336887762454523 -1.28946183300392 1.63571974974295 0.09436558630431952 
0.3342488241206823 -0.1462296488474713 1.129918418954697 -0.8372569353233564 -0.0754596763502436 
-0.05191262356296306 -0.3136711834487485 0.8208688441718999 -1.555519228728621 0.2166678290088669 
0.1467101344384804 -0.3132675046957414 1.659620016531032 -2.658129767581584 0.1282748555279933 
-0.08142839351390935 -0.2748820844148308 -0.2136653960602746 0.9073246675594344 0.3412802245428416 
-0.2607136748678066 -0.04414381337001809 -1.194384723073315 -0.4670416862200029 0.3240053657850769 
0.08794156820203312 -0.1831536239705176 -0.5703133325957079 1.903363800497397 -0.07629458540035321 
0.3544405835057171 0.1414526792801048 -0.6793241509156914 -1.218140227117959 0.1214662824868313 
0.356357949350825 -0.4630930160144966 1.891047028700763 -0.8424491186917195 0.01844314010887477 
0.02710305024051573 -0.1528333070627441 0.2324859840169615 -1.279243347154447 0.008523922784278808 
0.4921660883839008 0.005239196534736363 -0.7720621800035059 1.432602833012947 -0.1297195191973747 
0.5143372152916658 -0.2329545204980208 -0.9481028923442382 0.7677246709663267 -0.07949495512992723 
0.113118124450764 -0.1557608411566933 -1.348864141982089 0.971070961708094 -0.4558244245828148 
0.4073219028144923 -0.1488490626919074 0.3187228198427812 0.08256710245215687 -0.2332470684700793 
0.4651386332879198 -0.2440083885525914 -0.7506046147282904 0.07105666740335954 -0.2234740960294676 
0.1496003104280798 -0.1586767400668585 -1.041443800813805 1.488499312832202 -0.2479964883708185 
0.2731596694933497 -0.1051562019834832 -1.408584655041298 0.9127728449628442 -0.2487237156649042 
0.2904591121678411 -0.3698578725713884 0.07278006095471658 0.7510256525523452 -0.2799712897317807 
0.1050869276588519 0.09083344096118963 -0.558691007684942 -0.4363933359026153 0.5172363650758757 
-0.04607103638911805 -0.3108271789539272 0.4108888622719195 -0.4123529975797069 0.1142419205046177 
0.1305682704251268 -0.2171300981186211 0.2002778192419306 -0.2723726129584138 0.0484080861204653 
-0.175860386351743 0.1130987905875186 0.1802969674685549 -0.5773503791679125 0.1845799006443354 
-0.2811757997553138 0.41456795451935 -0.8244724033645262 0.5073778787927354 -0.3039950580441743 
0.02876816306571725 0.2920765900520964 -0.2057832639334934 -0.9628499068318712 -0.2849325159130069 
-0.2512424133821008 0.05958330966852293 -0.5726891135740199 0.8607030816932912 -0.2211625019668295 
-0.06375948874935357 0.2647129045736238 -0.2302066785785068 -1.075146683231698 0.08016543656871181 
0.05354326480236733 0.48319227363062 -1.359040054563744 0.7287383750027532 -0.2659749950738248 
0.1823387218313545 -0.1620624385776974 -1.0379650187892 0.945980223838918 0.4417956223379333 
-0.1537136447664916 -0.0479894447306379 1.521902690296085 0.9538503105044972 0.01013576048686228 
-0.2025568327117618 1.346039457684575 -0.5972208246067973 -0.6355769369379027 -0.02683311328590086 
0.01749997914737066 -0.2001457006929172 0.5762422500980529 -0.9049401148180273 -0.5534478884173208 
0.004250645953506579 -0.00403856116845326 0.4168597785747351 0.958498363962009 0.2584151856237722 
-0.1338934077692542 0.5141920344427929 -0.3693230729571171 -1.008899239137935 0.1287362567660119 
-0.04001984434865139 0.3696051598176891 0.8819134239174107 -0.3710536549223108 0.3028774875579372 
-0.02735680191357542 0.5270921247385907 -0.003484451985868063 -0.514206128624498 -0.1169839196919072 
0.2748596450586759 0.4131909865890963 -1.666507263959822 1.144734623906864 -0.1169862746860071 
0.1569915471940635 0.4429314764956814 0.07607766399212444 -1.338713676986102 0.0633759002355849 
-0.0138523558822346 0.1247643704775411 0.001622221359942142 0.2216034642104168 0.0469514832207089 
0.2018081456929166 0.4085899154367645 -1.380625969322462 -0.1473255761930815 -0.1858419272934481 
0.1574749116243807 0.3213991963023724 1.67791988068371 -1.275537567943568 0.007066958806613121 
0.04480880766989089 0.3904806309417992 1.164498015207481 -0.3630917063992968 -0.2785445613261446 
-0.002299595683360221 0.07152920721802847 0.1629626224489029 -0.924280059121652 -0.2177237731024218 
0.1194087266895704 0.3059343878020937 -0.04247802506820091 -1.005480401809544 -0.3193104419554013 
-0.0003964334419097312 0.3787444307405409 0.2510281986163932 -0.3632712568999688 -0.2821018472684876 
0.2097781634716768 0.2413061961745458 -0.1055406463967882 -1.053105858935243 -0.0677759262795137 
-0.09947754384597256 1.534079068974039 1.804658819195193 -3.015781365794147 -0.7194468819075592 
-0.1404106018279189 0.9175580523703922 0.4400479925253178 -0.7395036108041785 -0.3524780627966534 
-0.01565836308231107 0.9954501039122197 -1.261265070075151 1.053904561711697 -0.2555777654887412 
-0.01754256760959688 0.9308424370050125 1.999070452417675 -1.160055259539918 -0.3075800680901087 
-0.008864882830845721 1.131384322504554 -1.27611049722794 0.7539754680318002 -0.2103376354241759 
-0.00520330061616997 0.8186678062369498 -0.9509965425373068 0.2825227154843618 -0.1666908874324298 
-0.1144851121342824 0.9715333645241376 -1.704840824114106 1.51638065606236 -0.2207707900959495 
0.1602771855105971 0.9791901275952347 1.581969469829526 -2.616678053418139 -0.3373976063361106 
-0.02127053578043325 0.6441856029189595 0.02912898957882154 1.714151073686585 -0.04915560815669924 
-0.1253140571729043 0.8345409857596172 0.3464836485115815 0.072038680685583 -0.1864295741206776 
-0.05927017884561122 0.7940786354552832 -1.219758102879656 0.6555415183150288 -0.1891849024992296 
-0.02771574093487294 1.322286810698197 -0.1915703892868302 -0.1205255310946981 -0.2598724380836738 
-0.1625564603895158 1.204944322079555 1.13618255613425 -1.367030746586875 -0.3760146987801637 
0.06206476017992574 0.8447095386238626 -0.6691550036300268 0.1877414971403031 -0.1384962212348896 
0.01844011262810997 1.072438861450385 -1.210227221067448 -0.5206131530958473 -0.1824199324941829 
-0.08838449763227058 0.6722562303854444 0.1627057355783967 0.4741679081007624 -0.2706224563678006 
0.06237739647149941 1.101749488915877 -0.4041755213414683 0.7592262635992431 -0.3723654660732775 
-0.06029746699343789 0.9833163470348721 0.5740451183363851 -1.232423771176277 -0.1893579397893035 
0.2356694226874455 0.5408047983765102 -0.2120504396814886 2.870597094071875 -0.2251713193992116 
-0.158861256476018 0.7711904020392961 -0.9216851036343765 0.319171967465287 -0.3578738479116877 
-0.0978672259013033 0.8758276385645392 -0.13907942597551 -0.1621379547236853 -0.669624545520294 
0.1470634105680047 0.2078894107135685 -1.369412527174159 0.4539780261469125 -0.01823135898000849 
0.1159352658915996 1.586994291152027 -0.9924740692427241 0.494699011906355 -0.2197362036045917 
-0.0699448622273805 0.5331776675685124 0.8176949408891289 -1.166731581151751 -0.1672587637258363 
-0.06092185218095079 0.6190249683512968 -1.055697927583576 -0.4341154292657515 -0.008237257930235308 
0.1511402489285377 -0.1881106874372034 0.8969049673159998 -1.081821384106915 -0.1972134127461175 
-0.1062116242136866 0.2887850402415626 -0.09249036014184767 0.09101109204319571 -0.09172369268543432 
-0.1222278439350595 0.294779327174857 1.221525225301617 -1.015166544275108 0.03160707719350972 
-0.4271177003980564 0.8650442798510803 0.5032626392776408 -0.4656943067612969 -0.1166469535536176 
-0.3976504371317465 0.9988016169531756 0.6103435768446414 1.96016244335562 0.06107534963039048 
-0.3861719708117612 0.1697311781930662 0.707986897232688 0.1359667186172856 0.3680214780263492 
-0.3324124661740547 0.4947486419428566 0.2565919387249451 1.121465757165768 -0.04551445882041642 
-0.2127811154893997 0.903612854040067 -0.05904648418482174 0.2426624397221616 -0.3123184567107676 
-0.3770552850949825 0.4926610507278399 0.1883514373937306 0.566272832083926 -0.06105056736004377 
-0.0560943949223598 1.386949260399227 0.08921434009611082 0.07470578411039615 -0.3445554273650699 
-0.3171841504387013 1.258224409913983 0.8437167884000923 -0.9747092512163221 -0.3840802762431265 
-0.2803099196654032 0.2767651609737134 0.609090694951937 2.232675484600112 -0.2717167353947607 
-0.2985048704948731 0.8773535941887329 -0.687450714536991 0.1303391893330771 -0.4290322346819814 
-0.3658488896758898 1.124272106619775 0.5995398649190591 -1.492561293435253 -0.5180110143346424 
0.05414413221978355 -0.231458853631392 0.9526266681569617 -1.143786497315357 0.2220977196652963 
-0.03533610855844812 1.189072791873905 1.048993055312389 -4.001355452764823 0.04545976433360528 
-0.135383217615783 0.5011141356873571 -0.2959078804423654 0.1290929224637475 -0.3520469650814277 
-0.3625454641219966 0.6508290084443982 0.02055489777371994 0.7439101448714616 -0.2925172367853948 
-0.144430070005345 0.2180119051177012 -0.6359075047737751 0.06491618531995125 -0.5381770377005669 
-0.2509212613653701 -0.05273715586435766 -0.8402944110659011 -0.8979869868710749 0.1224733154403154 
0.06624536808567441 1.109766780362237 -0.1211579208871553 -0.02579437692626111 -0.609648657999459 
0.08746142635462241 0.4104053578933978 -0.480363696077956 0.08964497393237195 0.08757098014214008 
-0.1187968363633039 0.5003628332099583 0.9189115766948477 -2.484912541198351 -0.4487146225119911 
-0.1228070620784035 0.8183359561644753 1.192732696029801 -0.9978392472978198 -0.6009435951707474 
-0.1553495672773837 1.033262759375957 0.8188226028026216 -1.700501548750504 -0.1338494944972958 
-0.3363868248392227 0.8039314460950735 -0.8287388576300477 -0.14910088122979 -0.1277122025160237 
-0.1518884945472906 1.540348384123076 -0.2081540021709283 1.155706098667297 -0.4936872977929435 
-0.2169450439123644 0.9835483792865857 0.1186178316814031 -0.7039130311399103 -0.4860865108428206 
-0.114535150622251 1.07168375336427 -2.118155868011303 2.396389218002034 -0.6118909280007819 
-0.03452673221450577 -0.04019152502166457 1.538616958940046 0.5991607606442707 0.1107093618780697 
-0.2137347106232448 0.8269113454814185 -0.7199822376376952 0.4633519252479198 0.1381083180555599 
-0.07338825301509595 0.2336941480242525 2.371575844288301 0.0811919693710525 -0.1221615437568781 
-0.01661235973603615 0.1975681198021391 -0.9268598756589924 -0.45638907739212 0.1192395759633115 
-0.4808720350408066 0.7332565607061803 -0.3986888934608471 -0.8718094434033071 0.1853903958595712 
-0.1550561272016268 0.5251373052509023 -0.8256229013016118 -0.2587086134788091 0.1770388959004775 
-0.1606433611592516 -0.02858015929351046 -1.231439603699146 2.675867054833729 0.3621198764126511 
-0.1436247524486139 -0.04279543303705426 0.6631794586819355 -2.464268753523749 0.1089178871882952 
-0.1248357768506649 -0.4661485825173442 -0.992318495513402 1.324274471135358 0.4154717886375393 
-0.06460036999415721 -0.103944275036236 2.087273096253554 -1.084977457359483 0.03507536368849624 
-0.1265493010450549 0.132335386804369 1.364098647227087 -0.9157139259589953 -0.2549895568152961 
-0.2132242826588983 -0.06350866820291934 1.282861258032541 -0.56528621462367 -0.3439945663372044 
-0.07691709381200248 -0.7656708278685121 1.621587233583972 -0.8685636093102516 0.006322941610907479 
-0.008240221477406478 -0.4161046020652491 2.845504121401901 -1.77404644467923 0.02398729217146625 
-0.09478443456638541 -0.3235966204414163 4.083296857174827 -2.14314810463142 0.05113535050476986 
-0.1250148165658836 -0.3396507751898952 0.9611441176792737 -1.034923842147511 -0.01214792201696461 
-0.1213625568535911 -0.5216738253169063 -0.1047393640825994 -1.898646304038155 -0.328251463940681 
-0.2439326310309691 -0.08640947256610958 1.530887940167424 -0.7907531089618237 -0.1466348636621355 
-0.01836793868897828 0.02482341949208925 1.584882927551846 -0.6179792452543686 -0.6240433326623497 
-0.06186589027445275 -0.5011164325726873 0.9939498049247791 0.9294383818087857 0.07024346933617943 
-0.337921086162408 -0.006642416340037541 -0.608165118799093 0.748653538681831 0.2462633678097167 
-0.1625941675886703 0.08183560704783883 2.374320396574793 -1.731568571660099 -0.3210569246445237 
0.1657021597676897 -0.4223871542534956 0.4526211419460071 0.4761336270707145 -0.1139415142948094 
-0.3477018360100839 -0.01498948558346163 1.026324007556581 0.5176361284777307 -0.02715114117928142 
0.05911892321444687 0.6562537403217753 0.1198532623293469 0.3483803759319276 -0.561623776346997 
-0.002852404915346284 -0.3750952973626711 1.139029886314718 -0.9475874666666597 -0.3627530583223213 
0.04674722061921208 -0.2448509278365185 1.014707366302012 -1.458457186813055 -0.4053229751776253 
-0.0971121096874256 -0.1004445929531239 0.1914425739152024 -1.212617510185865 0.3437378068664678 
-0.3171936031025399 -0.2185376896782022 -0.04416923097862061 -0.8971690567412666 0.1697092422371735 
-0.3381162810455786 0.1792997499948444 -1.459482926061017 -0.6272798813341095 0.009143221193836915 
0.05231723232803222 -0.1662502338834708 0.427721209934154 -1.314696110715148 -0.05168955609495494 
-0.274765850342174 0.2448790456618665 3.250628794036168 -1.906540190138892 -1.073374612614995 
-0.1274663527681788 0.01527487832788635 0.562054766741248 -1.083897280589533 0.7779179738322166 
-0.1744524516278112 0.4686347289843121 2.431374878068677 -0.04290602013334484 0.2605029546641832 
-0.2222302580310274 -0.1173901389313157 1.209765849736957 1.295892546549607 0.01082648376061931 
-0.02250704540566255 -0.3676960477081379 2.208405366783205 0.8502576215359026 0.382522450370785 
-0.01336125873108299 0.4098390236565366 2.418803264989834 -0.06480892137111426 -0.6479630226808488 
0.1486909642577507 -0.2613428197800027 0.251634052489329 0.4113514129502127 -0.174446528004541 
-0.07115015400728315 0.3416931922577725 0.8475634398212569 -0.8630940867393833 -0.3569460892647979 
-0.04961414145749666 0.1319790067694705 -0.1052835004262134 0.1119878086943324 -0.173570429159835 
0.07320518669356436 -0.1656832354136662 0.1043035481595161 -1.174489950232205 0.01282638787087272 
0.02613648339890564 -0.34620099516607 1.075048418488439 -0.03865007308433662 -0.2289861800619768 
0.1479419614804384 0.1468934369649021 1.081057665189169 -1.203726446619699 -0.3111320563819456 
0.06354976122709355 -0.06583452266151738 1.555288885033444 -1.443541277754179 -0.1068315684772779 
0.03784510551554059 -0.1263932309239805 0.1825967192857473 0.2797564169709721 -0.08649952523137429 
-0.07640811543401912 -0.4376816290033098 2.610595702802688 -1.393886802898589 0.09729954453445659 
-0.4828916057847436 -0.3589827340242065 3.002046907218889 -1.739429899449364 -0.0002805335065177461 
-0.3468681433125466 -0.5196577518075305 3.255205582521842 -2.67402717490389 0.2562611442437844 
-0.2542240444946731 -0.007401657116930262 3.13865374341264 0.2387006526495861 0.190682090803448 
-0.05703041728865851 -0.5166789443232142 1.217152764413107 0.8382003778447437 0.03914043678019175 
-0.7559991087029048 0.3082664969867668 1.944918869500427 1.25967534331284 -0.04490121314397574 
-0.07970175147246368 -0.4191267952306262 2.842614907429815 -1.950798287700176 -0.1291839906878886 
-0.3309233389450054 0.04776972141229554 2.061394305818884 -0.9461676795442886 0.2393571193969558 
-0.2551202673989417 0.2965570544862805 2.834061495703751 0.256771163467381 -0.9398817980515151 
0.2335884399650544 -0.1679689850895588 2.04289618792582 -3.097850973656829 -0.4932308158397559 
0.02909877577524043 -0.008494631559447272 2.950248336707739 -3.439610737864749 -0.6371436195742021 
0.08484605640620257 -0.1516788951097283 1.002290729611924 -1.747687521682793 -0.08616492146294491 
0.1446976470423674 -0.0817696221878234 1.167715615865931 -1.175844018810785 -0.5056617466765662 
-0.03910347152034575 -0.17162635621889 1.892516534097217 0.1432362860354398 0.02600020408397778 
0.2529992634332259 0.1966085740397703 2.142602246218665 -2.385423418793427 -0.3587993640367571 
0.02160610534551273 0.1398627536007317 2.188268694015572 -0.1743382997487658 -0.3937379838174948 
-0.01769124248414639 -0.123515579240069 2.892818507444595 -2.61026203053735 0.1028250368529648 
0.1134115159753285 0.0385585690000762 1.792108277979523 0.8419146689709102 -0.3334977989160531 
-0.07462907755773905 0.2647537632751356 -1.697713502557099 -2.144893517615983 -0.02095465441641306 
-0.1271282970657271 0.1422768152975393 2.329667431941881 -2.392923014746656 0.0003823447756118137 
0.2630589367867947 0.1830197468404035 1.54273253711906 -0.9947599118974916 0.06531393592565457 
-0.3475020700576726 0.1839479349802465 1.712036925187868 -0.7395636808738838 -0.2185206343734822 
-0.06517292023618941 -0.2421762595734309 2.269478965525171 -3.840744710603438 -0.2892442755217178 
-0.0003315435583855433 -0.7423060047279418 -0.5435511172770868 -0.853747641763533 0.6886177858049433 
0.1423640904485395 -0.2114612993181051 1.156074071252982 -2.170220965002086 0.03485238952726599 
-0.251756210615562 -0.7855759109135816 1.692701738528298 -0.8824525566082791 -0.1496562167348788 
-0.3575224751800883 -0.03560925027410936 1.422380191697066 -0.9459355954217744 0.1958010518420626 
0.002170967619255229 -0.03699442248763484 0.9322343564094631 -1.197341841178894 -0.2581968303052649 
-0.1382720009038288 -0.4705827550998727 -0.7067380632966646 0.6457592058377448 0.02494621557827877 
-0.2429070640747056 -0.657456854824771 3.116222116256753 -0.7557816159660827 -0.1067750764343053 
0.04631536771766384 -0.8907358409619144 -0.7883868186451825 -0.09643201115390283 -0.06106946525780253 
-0.07774058331665291 -0.1006765138665576 3.178461859894617 -3.856077039034978 0.1121097104356716 
-0.1279779791814112 -0.2715296187692307 0.2214469340822382 -0.3061498894249457 0.1894699213496931 
-0.009476080247352029 -0.1728551197009307 0.6713165906397512 0.2950228887740176 0.2947588802565141 
-0.03461487297299305 -0.09821070633273744 1.119563028727166 -2.938933504368 0.1389193082047921 
-0.2671148856349136 0.07917016337224704 0.7663063008226395 -0.8309913368960713 0.1446450871105673 
0.03705297620374889 0.1384131849446135 1.910570734036843 -0.4011158973703855 -0.3536660547822401 
0.03197965781202756 -0.3652847218812957 -0.06460920343101065 0.6022691926358937 -0.3904383459015691 
0.1259496956920209 0.1345371748629633 1.666733044301736 0.9516648163681083 -0.2443982258876282 
0.003520031203302943 0.09410572172072455 2.549417711738977 0.2695257860315693 0.2832692080014655 
0.155350703781553 -0.4844125023845766 0.4722185202834064 -0.02580025734716646 -0.1188397799101585 
0.0695916493731914 -0.2231343752021445 0.6933859532815533 -0.9260390080803095 -0.1123188425581184 
0.1904825904925838 0.002727368676134695 2.562935198725024 -2.999163779335571 0.0465555037166452 
0.004466214007509393 -0.8635924267277748 1.695476059293897 -1.247069512134781 -0.1456605303666959 
0.1079083127908222 -0.03920256551045031 -0.7598484939284706 -0.2744198067245054 -0.4331587048132406 
0.01180562998248083 0.4525706218283981 -0.05239949795284924 -1.759835169720775 -0.2000108646002531 
0.1520899060873603 -0.05615461121862832 -1.028510604333944 0.6207104948560872 -0.3065051822445258 
-0.08864240047222904 -0.3494976772766015 0.9853142558960505 -0.5445955236923911 -0.1444364724147587 
-0.01076024581856382 0.1200584155312971 0.771737709316232 0.2116522909368452 0.04135036769242204 
0.1064529822285551 -0.1276723044571023 0.3899836623994364 0.7846824600769313 -0.2168494892004695 
0.08162692217375325 0.0887891686217633 0.1906428462420978 -1.97728484830808 -0.4824065472914998 
0.05252700949846648 0.4013110260440211 1.961813066902941 -2.892024968231639 -0.2047148885910913 
0.07951142760653374 0.4378023824686568 3.341236262613425 -2.06780558166054 -0.2548152201952893 
0.1660156741162574 0.2315500424719769 3.033728873207345 -3.120157045026009 -0.1714023624385387 
-0.3472175983187343 -0.3336799675029915 2.090008723934047 0.6779199751165481 0.05719369861754515 
-0.3105958387986149 -0.7050655271002201 0.8858875045198578 0.5242679875327934 -0.02662382350505431 
-0.1598238990808298 -0.02793030951965703 -2.024107818452279 1.970628438584242 -0.1495777499448649 
-0.06096423063067636 -0.1208924273271209 -2.092162410378401 1.608594436092839 -0.08919698356122983 
-0.05556761952020662 -0.6155200831426375 -1.975162620543777 2.003401153202628 0.06938847702061844 
-0.0552281901532883 -0.8786859507058088 -1.093680786868632 2.908709045713734 0.2591085050481295 
-0.08725123515209582 -0.03958844539655331 -0.7259616029731916 1.948914356052022 -0.1765403493866678 
-0.0742955956680636 0.04746461100555459 -1.470577739398315 3.09737376504667 -0.01396478464474784 
-0.1651506530650184 -0.15299300624197 0.1318487324782032 0.2935882429276097 -0.4069233904228995 
0.168709304017421 -0.4321798001800608 -2.196261614401337 3.577500839910689 -0.1333959049943817 
0.166910797292257 -0.1614803445445646 -3.010867206302996 3.575493990115975 -0.3131160233093472 
-0.01955176972927333 0.2957026462164636 -0.2188225752259123 1.385276708427355 -0.6500789894394252 
0.294660543209909 -0.3720845230250804 1.917481346795524 -1.014199009063616 -0.7312030589363312 
-0.06846711152507669 -0.5115734925932097 -1.59191694117123 1.218682828326555 -0.03676279496977648 
-0.0164456403028992 -0.522218815770774 -2.293651299083643 0.6788020339730039 0.07865938947851107 
-0.2303119716195012 -0.4427230845837736 -0.5318744347284965 -0.400747683510926 -0.0702035936690511 
-0.3333800047939782 -0.4936300194924765 -3.577105791196655 3.300436762607311 0.2079340660758058 
0.08556036827809568 -0.01791820938297957 0.4290549697941414 -2.159406449720881 -0.1796596995390294 
-0.1195021396338955 0.5534538411984012 -2.621102788104271 1.991157764345167 0.01540516378649018 
-0.1689860263303385 -0.5005847341058386 -1.407380382405768 1.186450168142781 -0.08771860549003882 
-0.1430569146585568 -0.04687964739257441 -1.073411473209843 0.0681000898499029 -0.4494217975716565 
-0.3071707334804023 0.101611429986959 -1.119248129597947 1.048993207387774 0.09603903439946333 
-0.3249920070183517 0.5868055646747339 -1.834231410457082 1.7906593566106 0.02079134524217182 
0.09012145852949859 0.1556296038938523 -0.3742152583511837 1.392054645781484 0.1597822544972282 
0.1304128105456946 0.5719125242892718 2.260398344498707 0.2922355442211005 0.1972636366605751 
-0.1723460185889237 0.3453149976714026 1.749876639692558 -1.24564786403147 0.03752102314834533 
0.05125270057960288 0.1036624421912682 0.2168686725409396 0.5434661609401124 0.1675963542527674 
0.09739660233868791 -0.2663616992823172 -1.588240132153395 0.5254317807500122 -0.1533532433907383 
-0.04476321801714799 0.1798467984197055 0.7460483203272487 0.9977206490802873 -0.2048766942558151 
-0.01604998901496638 -0.3722549077436432 -0.7993510103269099 -0.6342493773732014 -0.1150585362156407 
-0.1774638359729444 -0.03395732374221277 -0.5136009179266667 1.057470772978691 -0.09410947947314348 
-0.04112542104032381 0.07099667613107011 0.3075376062451157 1.885065914298513 -0.01781009040306052 
-0.098748153985591 -0.2705578036706247 -1.106162778919086 0.2160211720593686 0.2737173237418741 
-0.06661993679389366 -0.6618299870172393 -2.461942500644031 -0.6583953342057727 0.3209545282089241 
0.1024586600901017 -0.334359496248268 -1.004638011944126 2.094765723105081 -0.003679716894596095 
-0.1533301066143748 -0.1165713558856843 -0.6736968329210781 1.64973363053519 -0.01509634782154378 
-0.362045146699161 0.1870849019252897 0.2767121286545762 -0.3369479038980141 0.09013891668041255 
-0.4144076384002277 -0.4242096897180863 -2.579796605342439 1.888399111319318 -0.05869607592249223 
-0.1494850047008863 -0.2136968433713533 1.025134985926689 -0.7556783831367037 -0.3138237111719281 
-0.6466292912940257 -0.2511048855215327 0.247191778185212 3.404755630528002 -0.4216413530854555 
-0.07778795723335181 -0.3150714498719385 0.2137522803309518 -0.7872403964347359 -0.2007686857732789 
0.1191572462277932 -0.05043976504207585 0.2790966906694971 1.009944098961209 0.1112877216718855 
-0.4591902686372665 -0.4010802352608277 -2.427697030318809 2.785882449944703 -0.03344064106573164 
-0.4336373971482204 0.08248979432970972 -1.787922955515406 1.540853215827373 -0.1216213489155975 
-0.2674875258689597 -0.349758181889218 -0.3284324189491945 0.9813426938949698 -0.09374585091860206 
0.0768929042018137 -0.2641469467542524 -0.5844441209168855 -1.032758815319019 -0.4425787634264755 
-0.01617518127883125 -0.2940471476262411 -2.650688169304409 2.851523553905111 -0.4446904241094998 
0.2137159785184288 -0.3424320361305228 -1.933266348767088 1.870752880870635 -0.5187686224968978 
0.02644800865075645 0.09057568219735251 -2.705757976988822 1.911971774533102 -0.4662681183986798 
0.1525931397926668 0.4641763691430817 -2.394953920030793 1.830131205684718 -0.3576316901124931 
0.09535512896204268 0.3655391817279295 -2.835023824172179 0.5068060148222385 -0.2389147875988121 
0.08789283400544221 0.01442289433222921 -1.41503983952781 2.962454896363003 -0.2197513726238007 
0.1494235172770902 -0.1695196997395303 -2.489290444359726 0.04089201713313625 0.3095004041115051 
0.1846705402982861 -0.0840006707407512 -1.408248009671258 2.836660000819995 -0.3404836394933096 
0.0728779715151774 -0.4332205629541763 -0.911880589815512 1.287852064807917 -0.3863405923453248 
-0.3301097285838626 -0.006370828130663884 -0.7997628995082829 0.1329445451871014 -0.01932287554003681 
-0.06293402891675276 0.1984331595347723 0.8962874458807802 0.6851831414424561 0.02744832953142066 
-0.2440208702175884 -0.2274050919894148 0.3176442402466799 1.004623084174289 0.1693770372830023 
-0.0104840117230651 -0.4653176978289223 -0.5201070255523657 0.7444952076266323 0.5171244555634886 
-0.364896522589831 0.2918223892320224 0.4721061399695904 2.884292317866756 -0.4269061683059164 
0.02669122815525136 -0.5577424812946795 1.243962059133557 2.4176552952904 -0.02331558411683711 
-0.08013305181928219 -0.5058487562176306 -3.52372365018895 3.376255120525217 -0.1193964526069594 
0.1122181768679144 -0.2117186006410184 -1.743571776009402 0.09285601876629582 0.06372186616483196 
0.01159278811312017 -0.06721772073971154 -2.519801660587151 4.075800626224781 -0.4669358941350979 
0.2043998268901256 0.0718659967334051 -1.34628065052701 2.458006300401063 -0.5608955666964198 
-0.3013321260995096 -0.4191425799260405 2.678948346519085 -1.545603580011611 -0.2667156932269485 
-0.29270736841643 -0.2773880512988699 0.4903729446860647 1.292716425378809 0.08627130250100506 
-0.1542958638020004 -0.6887887881422247 1.340256778180151 0.8305479237151655 0.1765534737022415 
-0.2485518150055018 -0.3107548839243578 -1.182951219329676 2.038085229464311 0.5253107001741582 
-0.2023002383414521 -0.330750247647701 0.2851971727056437 0.06973097020968999 -0.2580573209973955 
-0.09812994076896256 -0.3526748443450036 -0.1395638535382112 -0.02458071246950965 -0.09820263596318314 
-0.2961856638848913 -0.3625160877099354 -1.992455382132335 1.352602097214331 0.1067912813703924 
-0.0403652431135571 -0.2775259167558412 -4.056494544472141 3.139838982083118 -1.386186806041286 
-0.180015397290043 -0.4301868556673707 -3.242974696205334 3.870026823650041 -0.3662407581432836 
0.1321391309085469 -0.4187895680889188 -2.204193261689328 3.256377071399831 -0.1820750461848108 
-0.159246934156717 -0.2407278171463727 0.3952311716925165 -0.1181013853860601 -0.3395199335370928 
0.08368413438152107 0.1085375543100395 -2.653488594430186 3.491031258335282 -0.05848032804135722 
-0.1886869832969034 -0.2395165635809427 0.840324956501077 2.45620187590433 -0.3972928993674533 
-0.1168866098616645 0.1213936956045176 -1.099473947999931 2.528501849520467 -0.5038861440903037 
0.1688188063161925 -0.1145064769136881 1.464473196803739 -0.3818870244104913 -0.2514403237930004 
-0.001521454529782708 -0.6077083254270795 -0.9757120662673034 2.282589719736548 -0.2438299509316635 
-0.1711395177387278 0.03834025073361605 2.287597345788352 -1.411687009458053 -0.1046584385549141 
-0.09496884305181187 -0.2564902274212149 1.565539713313641 1.20653165995968 0.1449309042439489 
-0.3364786209039861 -0.2306672626474301 -0.8445252968761685 0.7501056535901067 0.5907060836452257 
-0.161064901989077 0.08202157183926261 -1.057306918820779 1.018555832767392 -0.3664520267633923 
-0.1520982801325391 -0.2752192277150456 -1.637998663188469 1.425352099865756 -0.2185648787184433 
0.06947313295115412 -0.05870344508432837 -1.390688270194203 0.5561141646359115 -0.1456912527170954 
0.04681742739006758 -0.1225694345897357 -2.562990696797364 3.868045971554414 -0.3070497396102227 
-0.1241382138079309 0.7264871809546566 0.005444732769778305 0.21826487180537 -0.3069030905047982 
0.1130919297019629 0.2390646852201378 -1.919423893977183 3.568835317194566 -0.1493497589137329 
-0.08196769318656613 -1.303622306430592 -1.687206334730619 0.4957376904052449 0.3207566298131546 
0.1403192939961946 -0.3750827165866333 -1.621794040903948 2.368205177597234 -0.02646879616566564 
0.2321377249196866 -0.6103256055230575 -0.1142499407801414 -1.871038583121415 0.6310539262118773 
0.08161686413278395 0.07063064071823504 1.953461979619158 -2.915407847931774 0.2531922152738001 
0.1802378250605029 0.2206489512530252 -0.1673669086981724 0.196345351704881 0.2632105760585619 
0.1424894530558213 0.02974912210411608 -0.772878996257422 0.1828362441895524 0.5549180724508135 
0.04237245672270474 0.2858928573427188 0.5125324730608471 -0.8671085002074694 0.3955974512969745 
0.1007421934913166 0.1768854925930908 -0.6761615495461371 -0.5526230148149891 0.6675313229159894 
0.09534444101579369 -0.05720878279681348 0.4544145575556746 0.2129404711219553 0.5441301566981034 
0.0465236665601736 -0.2919879893003016 1.300535888741806 -2.983092764894203 0.3588101996139854 
-0.3754894879873245 0.1989134193175207 -1.384185870277413 2.607958228331114 0.2431567450160909 
-0.2899284952806436 -0.5437766490992851 0.2223918314262978 0.328310388635697 0.4231474880426543 
-0.03641264776526064 0.08200357549807354 -0.9901184775460691 0.1643976929446721 0.1805020453701019 
-0.06138329186051063 0.1404870755169783 -0.7100034368367039 -1.139377740913638 0.008213315235567707 
-0.3170289151500705 -0.2715674650301483 -1.31983541513859 -0.2816768677596295 0.2860914998768876 
-0.2020468852073211 0.646501920881121 -1.097132713360503 -0.9093530198048071 0.137324021353633 
-0.2583779167865305 0.3915885836511399 1.009508144711649 -0.7345541088531252 0.02841770776853573 
0.1926928038964534 -0.3337738745221369 -1.054418530662092 0.6103778913402128 0.3477403820173278 
-0.1393903288078013 -0.6467822244735163 -1.361542681184606 0.8857547840624356 0.175871229130469 
-0.2362581666490702 0.2586951036838024 0.04578494790723645 1.243108272987106 0.4231716596135409 
-0.1613178405985663 0.3928240301517635 -0.2518775248182364 -0.5009635320264986 0.4391238933854376 
-0.2738679441171162 0.04275045219390818 -0.02726345644917027 -2.722155038990374 0.7013028984554625 
-0.03436068625385937 0.02690683480369431 -2.007524573058471 0.5541432179260452 1.052138068912104 
0.05587822051784073 0.07476861385180281 -1.362917898564335 1.061070527851041 0.4295470517656845 
-0.4416116448221951 -0.2907058762858622 -0.8150926497390409 -1.137629848139031 0.75140740725123 
-0.2046895697376021 0.2697228965373644 0.539736377216649 -0.4340699087419936 0.162322419771465 
0.1586440280707745 0.1131982687612656 -0.4136256740354198 -1.854800005789521 0.397024344732148 
0.01766040450060136 -0.3461932079177072 -2.001064538262764 0.3983734128990878 0.7148621810092028 
-0.03386794557511495 -0.1813629650095988 0.7958264780416912 -1.463945913342628 0.3960649465568027 
0.0006938907092878092 -0.4399792701188809 -0.007439414456720595 -0.9656051166595504 0.3645975725706268 
-0.02136439392641253 -0.1382601464587628 0.2743020238105984 0.7974755095519903 0.5359730575744212 
-0.05302027706503043 -0.05356584638698556 0.1783212012885156 1.217561895785918 0.3687632421674898 
0.007310766755944952 -0.3437900286414399 -0.3090456660988074 -0.4688113597541644 0.5042378225134608 
-0.05142669395443688 -0.2427152409479792 0.7346435029926593 -0.8701423037463263 0.3687452842847333 
-0.05798733974386629 0.03574609987231934 0.9631864701146499 -2.052843136578156 0.4711647362857859 
-0.07060529641014136 -0.4682961163645507 1.415574417608879 -1.586120083335452 0.3530903162984556 
-0.1166465185251752 -0.08644161981367025 -1.293120538060792 0.5399561127092245 0.7165673747928677 
0.0762808199456218 -0.4716879301067718 -1.99940143365456 0.06657074824249187 0.5000736151885776 
-0.09246187953705021 -0.1380694606424455 0.3183629859954343 -0.05526939020759367 0.2811035003073231 
-0.02550070461889009 -0.5402069379992067 0.9782141749230222 -1.327560215905915 0.8566067686387798 
0.1736341371726442 -0.9869319125472652 0.5305742055546081 -0.253339439287909 0.9179578225739249 
-0.1444839732184625 -0.8987985145652901 -0.340221568532144 -0.3715242972023401 0.6644680647864444 
-0.021763286488426 -0.4531340603350926 -0.9028490284647295 1.595269561668218 0.6752562783512087 
-0.01579786912575467 -0.4269693135627038 1.25520209707239 -0.5859073918188916 0.6797672182521738 
0.06031781296139148 -0.1601387482673501 0.4108236128709138 -1.091295200989515 0.5766879503218593 
0.1099228496482314 0.5899848836190669 -0.7210385692087005 2.750071482489202 -0.1436300292298495 
0.1423210962882205 -0.277002932520259 0.5172461589591568 -0.9096670904687537 0.08607211143373043 
-0.01062834744794974 -0.09936990341957072 0.3810304333883736 -1.457000789261731 0.08783650201767579 
0.03151268225530338 0.1793470291140263 -1.307234459153693 -0.1505586214675465 0.03081322134343516 
0.07637357862912211 0.5704904399890524 -1.278805479460597 1.229870810434316 0.506741456188311 
0.1099646295331947 -0.4426148492667835 -0.01564135471688403 0.07047827219584825 0.3080168248467565 
0.04310037807684448 -0.03801488401121997 -0.519982692688419 -0.02708574989736103 0.3070597097245151 
0.01088290689369055 0.2548788960187188 0.5064863384420216 1.014820236926976 -0.1498440756559044 
0.02913929386500783 0.3020623186964363 -0.8268330243801841 0.5536736776932522 0.2264026187131316 
-0.04623140609592871 0.1817129722826916 -0.3664190634910721 0.587858473336907 0.2373563096065702 
-0.127747090969362 0.1574214702813486 -0.0702057070330389 -0.4932171844972983 0.4454720111914284 
-0.1721165460710443 -0.05484631727051048 0.1266442630292536 0.4885553162983645 0.3993840436349949 
-0.2748431425008507 0.02744847374723049 0.242610653546443 -0.9280783464738313 0.1215394288543893 
-0.1641383142993762 0.009648184343133215 1.216714835185817 2.048646008660596 0.3781432537472068 
-0.2506119293664563 0.05809767089435076 1.300715769429562 -0.5207228440273436 0.04088318588167125 
-0.3009094392498242 0.07030255812271234 -0.2644837631481055 -3.220393655211859 0.8462582449382576 
-0.1646033194021959 0.001926132543520537 -1.652543757381945 0.6060568412495126 0.5481003757034809 
-0.2175116352889193 0.1451527102107414 0.7958244945446583 -1.825942426651276 0.5134407734502653 
-0.1787343195402508 0.2082394504315309 0.4614688815066121 -1.597715322661996 0.2775418091258026 
-0.2459442955348487 -0.6037808863705816 -0.8625048914017014 1.51662525652289 1.049767797621814 
0.1574822209010653 -0.3923045268230892 0.7080060951453443 -1.603157197485386 0.7786834101193373 
-0.1306399760079364 0.1479094050430844 -2.209933835234944 1.66057274462771 0.3006335713583774 
-0.1557904058368005 0.02103728943608418 0.8785496662143768 0.2476654219031178 0.03053944318168078 
-0.167192796532243 0.0239709983958106 -0.04734033669639876 -0.3127829049617993 0.3888948328773741 
-0.06699010684865754 0.01011679506627786 -0.2653968155671215 -0.3723803413990967 0.3540977963359011 
-0.2956281343012317 -0.03920993530732458 1.499609770815184 0.5390628470937406 0.2559316836180281 
-0.0559228544233981 0.1677880589048087 -1.458553962984952 -0.7383680044447367 0.4301370924905527 
0.02828629235065391 -0.4176778439470547 0.1474141100336007 -0.3212561362665234 0.5500082034462153 
0.09349183429115829 -0.6060025507687865 -1.224339468811992 0.7265897970148153 0.4377270169481779 
0.0448593467503893 -0.3893702954086777 -0.519835387022053 -1.077104831726883 0.6448943094116342 
0.06439713224594258 -0.3015128830515317 0.8839368446458526 -0.3093642726669824 0.440288981513733 
0.1027359780199608 -0.7392463801787262 -1.801708389503676 0.6737205153537219 1.030248070695868 
-0.03937888029420153 -0.3840055356979187 -0.9810482511243575 0.5350148387004415 0.5223972522775174 
0.05915691754305975 -0.08467379422510705 0.3187089214729575 -1.916204758630191 0.8815623478790078 
0.06740220972163992 -0.2435764120369142 -0.5680242694673634 1.372586784650712 0.4036376275616217 
-0.02048298907440941 -0.393377225304561 0.9273547679258983 -3.619376381883428 0.9607559139477041 
-0.07357181636003075 0.4632573907913634 0.2277895158709748 -2.836742003977545 0.09018353361394399 
-0.3182698799762553 0.09950112628182187 -1.299577212277331 0.8751859852783334 -0.007654102683284436 
-0.020453015623781 -0.1395492791573274 -1.751340140168036 0.6885111205314659 0.1478597678820175 
-0.06303163301115315 0.2881244553944672 1.060999378934754 -0.8449554843175618 -0.07276836733679046 
-0.1333280417831244 -0.1632571989495691 1.061209433201698 0.6402581208632622 -0.1321517114547259 
-0.02722732194371999 0.0772505279688116 1.366337629607576 -1.086120323654213 -0.03133888873195027 
-0.01385824315888848 -0.04338181100364429 0.4491235961680494 0.3713077814477435 0.2151473279950988 
0.05630406204378923 -0.2027106160231126 -0.5387305162893299 -0.4162455507065006 0.393408901044761 
-0.05388784833840062 -0.1919069420902616 0.0009345208744206324 0.6637591627382565 0.2114416777216218 
-1.867809394098362 -1.452503056082191 -1.773195251661332 -1.408482339441946 -1.609625629367793 
