3644484444444414444144411111111111114414111111111111414144423633
3666696966666663221111111141111111111114114141111111111111111111111111
124422221241441411411411411111111114111111111111111111111111111111111
36969999696444111111111111111111111111111111111141441441336
36244474774774747747777777774111111111111111111
8422222212212212424414414444477777777777774744441111111111111
4477777777777747411111111111111111111111111112
36447777777777777744444111111111111111111111111
1447777777777777444111111111111111111
14744477777777777777777777777744414111111144
4414441414111111111111111111114744111111
32444477777474111111111111111111111111111
1111114144477777777774111111111111111
77777777777777777441111111
87777777777777771111111111111114
1414444111144777777777111111111111111448
977777777777777744111111111111111
9696444444111111111147777777774111111111111
77777777777777441111111111111111144144141
67748747747747777744111111111111111111111
474441444474747444111111111111114777777777774411111333
111111111414441411111111111117777777784
31111114111111111111111111111414111111141433
947447477777777777777777777777777777777744141477789
677444441111111141444444441111111111111233
147774474747474774774744411111111414777899999996
97777774411111111111111111111411414146669
9877747441111141444447474744474477788999
3677774741111111114447777777744412233
1114111114141111111111144777777778999963
14111411414444444444744441111114144444747777777777777777447444444144474474774774474636333333
747477477777777777777774744444477777774471111111444774774744744744744747747744744744447444846
147474444477474474414444477777777474444444747777777777774744474444444444444444747444766633
3633336636684447444444447777777777441111111111111111114111111111444447444441414144444448466333333
74848477774747441111111111111111111111111144477777777
963366638878887877774744744444744447411111444777777777741111111141111111111111
772222111111144777777777777777777774744411111111111
3333648777777744441111111111141411414447747444111111111141444747748
333366998674411111111144474777774744441414777777777444111111414747441111111111144799999
3333334144474474744441411111111111114477777777777447441
22328887888847444444144747444111111111111141477777777
933336284844747474744447474774444111111111111141474774744744144777789
93332224247477474444414144477777774441111111111144777777774711
633333877777777447141111111111111114444444441441444441414111
114111111111141411111111111111111141114141141414414141111111144444441411111111111111111414444447441
447477777777777777777777777777777474444444444747474774777777774741411111111111111414477
1111111147777774474141111111111414414414444144444474444441111111111111111111111444444777774747747747
944444111111111111111111414144444777747
7441141441141111111111111111111111111
1411111444411114114141444
6747441441111111111111111111111
996974744441111111111114444477777
6684474747747747747777777777747444141111
7777447777777744444111
114111114144141111
44411111111111111111111
1444444144444444414444441411
998996362322211411111111111111114144141441411111111111111111414114414414444447474786666666
99883323323222322322322222424111411441444444447477477447441141111111111111111414414444866336333333
47747266366366666624744441414444441411111111111111111414111111111111111141446636333333
1777774241141141441441444444441414114111111111111111111141414444444696666666333333
688677747474747747444444411141141111111111111111111111111111111111111114144444479669696963
1647474744444414111111111141441441444444447474411111444747777777777789663333333
777742244144144141141111111111111111111111111111111411111114144447777777777777784833333333
177774121111111111111111141111111111111114414414414141411141411414414447476633333333333333
3688866636362622444447447444444444444474444441141114144141441444444444444414414444444444333333333
988888888877444441411111111111414114114114114141111111111111111414141441444747747749666669666
38474844844444411111111111111111111111114111111111111141444444774848666633
244474777474447444141141441444444411411111111111111111111111111111111111414447774748496666
4444444444444447444444444444414111111114111111111111111111111111111414414444447448666668666626222
44411411414114141111111111111111111111111114144414444447474474444444144414141411111111114444666666
444444441444144141111111111111111111111111111111141441441441411414144444447966669663
2414444747777777777477474747474444744141414111111114144144141111111141444744444114144166969666663
664874774744741411111114141414111111111111111111111111111111111111114144144747486363
4447474474774747444111111111111111111111111111111111111111111114414477663
2477777777777477474474444474744747747747747777477447444447474774474474447447447447442222222
398447444474444141444477774744111111111114147477486
777774444144141141141141111111111111411441444448
377777477777777777777777777777777774747447422
3877441111111411411411111111111111111111
3977774411111111111111411414414114414446
347411111144477777777774744744411112
177777474447777777777744411111111
32444411414477777777777744411111111
1477777777477777774744441411414414414
17777744444477777777777474441111111
14114144747777777777747747444111111111111111111111111111111111111111111112233
1111111111111111414111111111111111111111111111111111111111166
1411114141141114141144444141141111111111111111111111111111111114442
111111111111111111111111111111111411444444444411111111111111111111111111111111426666969
998777777747447441111111111111111111111111111111111111111111111111111111111111111142
11111111111111111111111111111111111111111111111111111111111111111111111114496999999
77777777777777777774474111111111111114414447444444747444441111111111111111111111111111111111122
1447477477477474747444441414144441444441111111111111111111111144447777747444411111111111111122333
7777744441411414414414111111111111111111111111111111141414236
1777747444474474774774747444441111111111111111111111111111111414441411111111112333
177747474747477444141111111111111111111111111414466666
34444141444144474474774774444111111111111111111114144666366
244747447477777777777774774474441411111111114114144141144144444444744744446263633333
336966664477474777777777774744111114114111111111111144444476636
14777777777777777777774741111111111111414463363
3774744474747444414111111111111111114444863333
277774777777777777747444111111111111111111414444486333333
47777777777777777747447441111111141444748869666
66996747747477474474474444141141141441441441436333
669998887777777474444411111111111111111111144446333
389887847474744444744747477474774747747747477474774747747477477777774777747474774774848866
6777777474774441444414444144141411411111111141111414414414141111111111414444474474
17774441111111141411414114141111111111111111111111414447477484
7777774744141141411444747777777774744744744444474444477777477476
777777747477477777777777777774474141411111111111111111414114144474474744
4777774744441111111414441444414144141411414111111111111111114414444442
17774444144444444414444144444441414141141411414414144144
4777744411111111111141111111111111111111111414114144474747744
17777411111111111111111111414444774774777
777777774744444444444444747474744447441441411414144444444474747448
14441444414441414114111111111111111111111114114114141144144447477477477474447444141111111111111144444474862663
1111111111111111111111111111111111111111111111111111111111111111111111111111411441466666
4744444444441414414114111111111111111111111111111111111111111111111111111111111111111111111111142663
7477774747444444411111111111111111111111111111111111111111111111114416669
44744444441111111111111111111111111111111111111111111111146
44444444444444744744444414414114111114141414141411414141441441444444748696969669
744744747474444444444444441411111111111111111111111111141444444441444446336
444447441114114141444144144444444447474774747447474444744736666
474474447474444441441111111111111114114114144414444447477479996
2444444444141141141141144144444447447444411111111111111141141141441466666666
444444414414411414414114141414111111111111114444474747447444144444262363336
111414414414114114141444444444111111111114144444444441444447444484226236
6848444744444444444447447747777777777777747444444444447477474484666
666644144141141141144144444744444441411411141411411414141441444414414414226
1444141411411414111411414414444747747777477477477477474474442236366
314111111111114114144444777477777474474444474444444416663636636636
44447444441444444444444747777777747744744747747474444114114123
414114144144444144444444444774774747474474444441411411414414444444426236
1111411414444444744747447447444414111141141141441412
999999221111111444477777777441111111111147777777777741111111111111111777
142444444777777744111111111144777774111111111111111144777
77777774744777777774111111111111111
66996999999888777777777777774111111111144444111111111111111111111
9998777777777777777777777774411111111111414141414141
999987777777444111111111111111111111111111111111111
777474411111111111111114777777411111111111
3363321411414477774744414411111111111111111111111114
6666962441441447777777777441111111111111111111144477
777777774444414477777774411111111111111
11414777774774744444444414444447744744441111111111414444744741414141447777777777747448
477777777777777777777777777777477777777777777474444414444444441141111414444444444
32211477777774441111111141444474777777777777777441111111111114111111114144477474744447444448888888
1444777777777474411111114447777777777444111111111111141411111141144147
92111114777777777777777777777777777777777744744777774741111111414477777
7111111447777744441414111111111111114477777777747111111114777
11111111111111111111111111111111111111111111111111111111111111111111111111414447777
1411441444444411111111111111111111111111111111111114144447777
99867777777774444411111111111111111111111111111444
1111114477777777777777777777777777777444444444411111111111111111444442466666333
314114141444414444444414111111111111111111441411411111111114114111111111111111111111111111111111111111114499998
341444444477747441111111111111111111414414114114144414111111111111141444441411111111114146636636333333333
96411414111111111111111111111411411111111111114111111111111111111111111111114429666663333333
6241141444447774444411111111111111111111111111141411441411111111111111111111111111111141144663333333333
688896632232221111111114447777777774141111111141447744744446663636366999
6622223224441111111111111414444747447441114141111111414477777747469999999
141444444441414114114141111111111111111141441411111111111111111111111111111111142469669699
3214144444444444414444444441441414141111114141414141414414441411111111111114144447477447666636636636998
611111111141444441441411111111111144444441111111111111111111111144777777774
11111111111111111411414111111111111111141447474774774744474
347447444111111111111111111114441414144447896
96684414444141144144477474744411114144474748
14444447474777774741111111114144763
1111111111111111111141477777777774
34747474474411111111111144477777786
4774444444747744747777441111111111
14741111111111111111141447777777747422
17744414444141444777777777747
999911111111111111111111111111111111111111111
178888887777777777777444111111111111111111111
9998944444474744111111114411111111111
147777777747444114114447777777777444111144477777777774411111111
7777111111144777777771111111
9998893366887777777777777744411111111111
1777741147777777777777774411111111
98774487477444411111147777777777777411123
999999636668777744111111111111111111111
39878889999887774741111111111111111111
366999999996966668687474444111111141444777777744441444477747444441414141111111111111111111411414446363
78847474444444444144447474744444441444477777777477477477777774474441411414141414141114141441444444866
6666668747474444411111111111111111111414414141111111111111111111111114141444144444441444474448689
968677774744444111111111111111141441447474414114141444444444774777777774744414424266666
784444414414414111111111111111111111111111111111111111111111141414114114114414414466
3664411111114144144111111111111111111111
4144111111111414111111111111111111411
14141414111111111111111111111111111111111111114444
9999994411111111111111111111111111111111111111111111111111
177777474444144144144141141111111111411411111
699887777474444144477777777777777777777777744411
99999944444444414414111411414444477474747444474441111111
777774741111111111111111111111111111111111111111111114114
17777744411111111111111111111111111111111111111111111111
3777777777777777777777777777441111111111
87777777111111111111114447777777777477474774774744414414447477777474774774777777777777777474433333333
1777744111114477777777777777777747444111111111111111111111414447777777777774866
4444444844444744444444444444447477477477774744444111111111111111111111411111111111
24748448447444444441411411441444414114111111111111111111111111111111111111414441444483
233663663662414114114144144144447477777474411111111111111111111114111111
667444447447444444444447444474777777777774777777777777777777774774747444444414444464222
37444141414444744747474444444447477777777777441111111111111111111
9999666333333333333333362644777777777777777774474777777777777444111
366632624474747777777777474444441411111111111411111111
669696969669666141411411444444444414111111414747474747777777444
33333624747447444444447414111144144111111111
663362332636684777777777777444441141141111111111111444477777777777774744766633
669666663636363363636663666666684444444447447444111111111111114477777777777777748769663
9696666266684444444444477777777777777441111111414444444444111111114144246699992
9668414111111111111111111111111111114144114147899996
321111141111111111111111141111111111111111114777789999999
621111111111144477777777777741111111111111114444747889999
99991111111111111111111111111111111111111112
77411177777744411111111111111
774111114477777777777777777411111111111111
1411111477777777777474111111111
322444414114114144144444444444444444447444114114114141444444747474744447444444833333363366362
48422141141141111141111141144147477477474444447477474441111111111141111111111144144446666636666636666
3283662444444444447477777777777777777777444441441441411141414444444444446633333333
28888848444444444144777777447414111111111111111111144144774744666636636336336362211
177747444777777777777747747447444411111111111111111111111111111114142333666669
244744441424444444447777777777777777777777777777474444141111111141414336
34484244144441444444474777777777777777777777777777774774744744441411111111414424636333633636
61411111114444777777444111111111111111477
362224444474744474444747747744411111111111114489
964444747747447444447477777744111111111119
3111114477777777777777777741111111111111119
6444447777474777777747441111111111111111144444899
97444477777777474441111111111111111111141777999
777777777777777774741444444447777777778
4444477777777777777774747777747747769
11477777777777777777777744441477777777
3144447777777777777474411111111111111111111441489969
47747477747474447447447
477447474744447447444111111111111
6444444444111111111111111111111111111
1747447477777444411111111111111111111111423
47774777777777777777744411111111111111
669444744414111114111111141111
3777777777777777747441111111111111
777777777777777777777777777777777777777747441111477
7777777777777777744411111111114114111
777777777777774441111111111414
6669669699668644444144144141111111111411411411111111111111114141444424888
3666244444444444114144144414414111111111411111411441443
24444477477477474441141141141111111111111411111114114141424336
399996964114141444477747447444444111111141144448969696
668688747444477477777744411111144141111111
7474441141141414444444444444
6699698777777777777777474441111111111111441666
36699966444144144447477474474414141144441441441442633
3668477777777777777777744744414414414474474
36887777774777777777777777774441111111111111
1144474466363636999999999999999999996996999999999664441411122
144474436363669999999999999999999999999999696663624444444
74744744444442696696999999999999999999969633333366666644444441
24263336366399999999999999999999999999996969669699699699699
29999996696666999999999999999999999999999999999669636366214
7777747486666999999999999999999999999999999999999996999969664414111
14444414446666669999999999999999999999999999999999999999996966666
11444476636363666999999999999999999999999999996663
11444636636969999999999999999999999999999999999999999996696
144441423333336999999999999996663333333636366366363
8777742266999999999999999999999999999999999999996333
11414446699999999999999999999999
177778899999999999999999999999999996
6777888999999999999999996333333333333333333
1777878889999999999999999966636669999999999999633333333333366363
7777888999999999999999999999999
147777486999999999999999999999999
44869999999999999633333333333
41111123366999999999999999999999993333
8777778466666666336366699999999999999996
69999999999996696333363696969699699999
6666969999999999999969666666636336333636336336363
366333333333669999999999663333333336666663333333
6666636333363669999999663333333333399
9663333333333333333333333333336
3666363333336699999999999996633333333636666869868
6784866996999696663633633333336669999666633333333366
8878899999999663333333666969999999666636666363
447444866966333333333333333636669969666333333333
24477784787888899999999969663333363636363363666669696
28696663633633636363663666666666666633333333636336363636336636666666696669666666666666666666362622322321
4466666666666366666666663633363633666669996996966966666663333333333366969969696666636669669666666662211
144447744866669696996966666666633633633636669696666633336366666663333333336666669669666366666666824
111126666366366666969999999999969663366699999999966333333
1112226996996966969999999999999663333333333336
1111414144444444242223636636666969696666333663666969999999999966333
411124248484212242366666696996696666969999999999999999996333333333
72112214863663696969966666366666666633333333666999
7411111141446636369999999999633333333669999999633
441412414444446666699699696996969696666666363366366669996966333333333
711112448669999696696996996999999999966333333333333
4111111111486666669999999696666663663666969699669999999999963333333
11444442696666666666666636366363633333333366999999966333333
999999999999999999996966666969699999996966333333333333333366699999999999996666636363666666696
3266336366699999969663333333333336669999999999999999996966966666996999969666966669669669666636366666369699999999696633
63333333333666699999999666366333333333366999999999696663663633633333333333333333333333336366669699696696696666666
11111266666999999999999999999999999999
126669999966663363633633666669999999
1143666666663333636366666666666669699696
999999999999999666699999999999999
1363699999999966966663636369
2266699999999999999969999999
111333366699999696633333333
3633333333636636333336336366366666
4474436363633333333333333333333
141111123366366999999999966633333333
14474441441444441444446669999999999999999999999969699699999999996996966966974744441111111
177778886999999999999999999999999999999999966669699999999999999999999888444111111
1777777848878889999999999999999999999999999999999999999999999999999999969969668444111111111
4777747477477776666699999999999999966636336366699999999999996966966664411111111
1777441141414141411111114123333636669699999999999666633333333636636666636669668474774744414144
1777748486999999999999969699666696666663633636666669999999699669669696996969844747444444444144141111111
77777778999999999999999996966663333333363363666666696666666666669699999999999968642411111111
777777777474448333333666699999999999999999999996966969999999999999999999996996996966962421212111111
7777773363333363666999999999999999999999999996996696996969999969696969666696696664744111
7777777777778463333333333363666699999999999999999999666333333333636666696999999999889888777777
78484844666663663666363666666969999999999999669636636636666666662444222
289696996696663636363669999999999996966669669699669666696696696696663633622242
4448766663363666999999999999999996969969999996966966666666666747748482
4484848666633633333333333636669999999696633333333333636366666966966966966474474744411
366636366696996999999999966666663636636336333366666999999999996666448487888
9686666666666969999999999999999999999999999999999999999666333322411414414
6866636636666366363363669999999999999969699969969969999999999999996966441444422
366666669699696669669696996999969969696969999999999999699999999999999969664414414414442
33666669999969669636669999999999996996999999999966663636336366344774747484442
44896666666663333333333336336669699666666999999999999999999999999969641411414
28666666996996966966696966663663636336336336636666666
366966336336333333333333333333333333363666696666
39999999996966633333333333666696966966666
3999966336369999999999666636363633663663666966
3666966966969999666333333333333333333663666
11114663633333333336363366699996696363333
1969999999999633366699999999996966
369999999999996963333333336366366666
369996663336636633333333333333333333333
18666333366999999999999999999999666633
7474699999999999999999999999999999999999999999999999999999987
1774769999999999999999999999999999999999999999999999999999999999998
111414141141141112233333333363699999999999999999999999999999999999999999999999999696
4478899999999999966966666699999999999999999999999999999999999999999966321
1777778999999996969696999999999999999999999999999999999999999969699699999999996666
1114114144296999999999999999999999999999999999999999999999999999999966
47789999999999999999999999999999999999999999999999999999999999999999999
177777478788999999999999999999999999999999999999999999999999999999999999999699696966696633622
7777777899999999996696666696969999999999999999999999999999699696696696696666666666662
788899999999999999999999999999999999999999999999999999999999999999996864
22836363666666969999999999999999999999999999999999999999999966666663664744744
4744466663666669969999999999999999999696966666636214
28899699999999999999999999999999999999999969969969698687474474
369999999999999999999999999999966666662441
1144744436669996666363666999999999999966666336336311
14777886999999999999969663636699999999999696641
4447474774846636366999999999999999999999999999996884444
7777777777484869999999999999999999999999969666364414
148666636699999999696966666699999999969
7777744763366669999999999999999999966636363636663474744444
1478483363363636636669699696999999969999999996969969699666696666666
699999996996969699999999999999999999999999996969666666666666669888788
66999696699696996969999999999999999969696996969969999699686969
399999969969666666666969999999999999999969669666666666
3666966666666666696696969999999999999999999999696696666
66999966669696699999999999999999999999999999999999999999996877
4778889669669666666666969696996696969969999696996969969699696969666966663
36999696996999999999999999999999999999996966663
39966663363363636366666699999999999999999999966666
3999666633633636666696999999999999999999999969699666321
26236336363636363636636363333336363333333333333333333333333333333333333333333333333636363663666663666666444474888
362626366366696996999696996666366363633663696969996996969969969996969969969699969969699669614444488
366663696996996996999999999996966633333633636336636336478
41486666696666666996996966666636363633636666666666669699969669667
8666666666666699696969666666366366366669696996996996996969969696966966966666666662444488
16866966969969969999999999999999999999699696996696666666666366363663663633633636634442487
123636636699969999999999999999999696696633333333333333333332211414444487
444363363666669999999999996969666666663633336336636636636666634444447477
14444444444222333636669966966666333633636336336333333333336366366366663666366624474
1446663636666699999999999999999996999996996966666633633222414
663636636636636666666366636636636666636666366366636666363336336336366366666692222
4747463663666366669666696696999696969666666369696999996966966666666666662421111
12463363636636666696696666669666666666666696666666666666696996969696696666662
36636666666666666636333333333333333333363366366366366363333363636666666666
989699699696666666666696996996969666696663633333333336666666969
4747862633333333333636336366366699696966636363366696999696666633636366666666
77784663666366666663663666696996969696696969969999969666666666666632
8878869696969666966966666966666669666666636336366666969696696666666662
669696696969969969969969699699669669696696666366666366666666666662
28666696696666666663636636663666666663666666966666621211
436363623666699999999999999999999966333366999999999996333333333333336699996966666666999999
7636669999999999999666669999999999999999966333669999999996333
7777774744266666696966966663666699999963333333333366666696999999999999
666633333366333333333333333666999999999999999999999666633333333333333333333
9666666366999996999999999996966336336699999999999666333333333333
9996663633666999999999999999966666363366699999999999933
16636366633333333333333333336336333333333333333311141
766666636636363333333333333333333366999999999999999633333333333277
1336363669696966666333336669999999999999999999996966666
3333333336366966663333666669966969999999969669621111
47789999696333333333333333333333333333333333333333333333333363666996966663333333333
9333333333363363633333333333333333366669999999996966633333333333636636674
93669666663633333333333333333333366669696666636333336669999999999999999996696699999998
9663333333333333333333333333333333333333333333333333336369699999999999
33633333333333333333333333366666669696966663663663666969
9999999999999999999999999999999999999999999999999999999999999999999999968
9966696666969666633333333333333333333333333333333333336366666699999999999996966669699999874741
6999999663333333333333333333636669699999969666333333333363
9999963333636966333333333333333333333333333333333636363666966966
9999963333636333333333333333333366666666363636363633362441
66241222363636363333333333333333333333333333333333333336366662441
87488669663333333333333333333636696966333333333333333333333333333666699996969696666666363626331111111111
311111122366696999999999999999999999999996663336363363669999999996966966696969699699999696663333333333333
62426666666363633333333333636999999999999999999999999999999999999999999999999999999996663333333333322262224447777
3212266366363333363636366666663333333333333336669699696663333333333336666999998
248999999999999663333333333333333666633333333333636999999999696664441
666669999999996663333333669999996666333333333333636663666322222111144
114111123666696666999999999999999966333333333
447496696966333333669999999999999999696666969999
1449699999696666669666666999999
143333333333333699999999996633
477463333333333333333669999999
1777463333333333333333666999999
1744433333336369999999996663333336
689996663336999999999999999999
1416666669696966669699999999999999999
774441133333699999966666669999999
989666366999999999966633699999999999996
14441413636669999999999999999999999966633
177777466333636999999999999999999999999
9988896696969666699999999999999996333333
11111444463333333366999999999666333
77777433333333999999999996333333
4774411233333636999999966633333333333
3233333339999999966333
147779633333333333369999963333333
1474744333339999999999333333
93333333333336666969669663363666669999999999999966663333336366696996966333333336661
289999999999999999999999999996963333333333333
36999699699999999999999999999999999999969669696999696696633636
36396999999999999999999999999999999999999696
386333333336699999999999999999999999666333
144748333333333333333666999999999999999999966966969696696663
144474636366366699999999999999999999999999999696666663
114111114144666696999999999999999999999999999999999999999999999996999999999
1242333333333636666636666669699999999999696633633333336
16966663633636336363666699999999999999999999999999696633
366666666666966669669669666666696363663636363666
369963333333333333333333363363333333333336666666666696666969696666936333333333333363666669669666211111
14966666666999999999696663363333333666969999666699999999999999999999999999999999999999999999999999999999996996447
1777789999633333333333333699999999999999999999999999999999999666636333333333333333333333333363366666969999999888877444111
698668669986866666666366663669699996996996996969696969966966636333333366669999999999996696663666666666696696691
998686666969696966969996969969666633333336336636336336336336666969699696969
144444426666636666666969696966666666366636666363363666666666966669696996966966666666666666
3699996666669696666363633333333333333333333333333336363666
666666636666666636636333333333363363333333333333366696966666663
141411111413663633636636663633336336333333333336636666666636363
77777774744414442433333363666669999999999996966966666969969969999
24788866669999999999999999996663333333336699996633
477747443663633633333333333333333336999999999633
7777777474444663333333636669999999999999999966333333333333336
11112411121212222233636699999999999999999999999666333333363666999999999696622111111
44111142869699699699999999999999966333333333333666996924244111
1111111111121222223333369999999999999996633333669999999996841447744
11111148999999999999999999996666699999999999999411
111111126369999999999999999999999
1111199999999999999999999999999
17774999999999999999999999999999
11111112233333336669999999999999999999999
14777766666333333333333333333333636663663
1246666363333333333363336366369699999666633333333336366636666666627777774774844864111
144442223333336669969996969969999969666663666966696666663333333333333334747474774747444441
114141441696696666696666666969696999999999996663333333333333333333333333333664477474
1447444444446666333363669999999999999999999696363363363363363363363366366696878487848414
14747633363633633333363633663663633633333333333333333333333333336366669969968877777744
6688663666696666663633633636363666633633333333333333333333333636666966966666669
11143663666996996663333333333366699996
1443333333336669999963333333333333636
789999969636333333336669999999999669633
1143663669999999999966666363363333
111236366999999999999969669669696
123333333333336366696999696696636363
363666996969669666636666999999966
33699999999999999999966966969999
323333333333669999966633333333333333
22499999999999966333333336369999999
1414416666999999999999999999999966
14414114263363669999999996663636636696969
1114114113333366669996963333333333333333
144446636666699999696663333333336
3666633336366699999969666369999999999999
699999999999999999996969699999999996
48969969999999999999999999999999999666666366644
999999999999999999999999999999
44746633333333336336636336366699999996
1144696999999999999999999999999
14442444866636666669999999999999999996696663666663663666668444
14474444442636336666699999999999999999696666633633636666966969987477
1477422666669969969999999999999696696696696996996996966847744
14444484223333336366669699999999999999999966966333333333336336363636666644414
14474444442636336666699999999999999999696666633633636666966969987477
14744766363363669999999999999969969666363366366366211
14441414633333336669999999999999999999999696696666666366211
14444469666636666699999999999999999996996966663666669969969668
1776866363363363666666666663666669966666666666636636224
11444466666999999996966966999996966633333
3212126699999999999999998888888788899998988777777788888989886263633
147784844474874878777777787888888889999999999777777777777777
278787878787888888888877777777788898
111112188988898898898888888888878777777777777787889999999999
2288888988988888777777787887887777777777788999999998887777777888899999
114268999999999999999999999999887777777778899
369899999999999999999999999999988888899999888887878
214147778788889999999888777777777777788999999
4414888887777777777779999999
7777778899999999999
321144777777777777779999999999998
347777777777777777899999999999
68777878787889999999999999
244141414444477777777777777878999999999999874
977777778999999999999
7777777777788999999999
322887778789999999999999
777777777788999999999
321121217878787787888888989898989999989888878787888889932232222
97777787889899999999999999999999998866
7777777777888899999999999999989888888999
7777777878898989898999989889888989999966
777778889999999999999999999898
214477777777777777777777777777777777778
211124887777777777777777777777777777777863
32444777787788788889888888877777777878889999
344777777777777777777777777777787899999
321228899999999999999999998877784
298987878888889999989899899999999999998888777777777788898998898787777777878888888888888989696633
888878777777787888788888777777777777777777777777887888989888777777777878888898888888888888888848333
48878888888888788788888888888899888887777778788888878787777777777877878787777777787878788887878878888888689866636
78888988887878878888989999999999999989899999998989898898998988888878878788878878848222333
33333323248888989898888788899999999998989877774441
9333222222288999999999888777777777777777777777888886633
123333698988888898989888787888899999999999898998989821
123226889998989999999898888888898989888886233
233287878787888888888888989899898999999999989889833
333333222888889898888877777888898888898888999999989892
2333368887887888888877777878999999999999989898888784
2336388988988988888887877777788889999999998888887474411
13333268999999988877777777777878787888889898988888878788886333333
823332268898989899898989898999999998989899999999999999898884222221223
87848787888888898998999989898877877878889999988889899999999999899899899899999999998887777777777787898998988863
877778899999999999998988877777777777777778899999999999999988878777778788788787878889899999
9878888999999999999999999999998887888888899999998987878888999999999999999999888878888898888888888888888888882322
877778898988888878888899999999999999999
887778889999999989899999999999999999
8877888888888887877878778778889999999999999999999
9777789999998887777777777888999999999
77777778788777777777788999999
1141477788889999999999999999999999999999989
989899999999888877777777888878878878989
777777899999999999988877777777777786
147777789999999999999999998888777777778888993
7777777889999999999999999999999
221111122366666989989999999999999999999999999999999999999999999999998988777777777777812111111111111111
114424268877787878888888989877777777777777777778999999999999999888883232332332222111
144414489999999999898887888999999999999999999987777777899999999989888874744411111111
14411414898999999999999999998887777777777777777889999999999998887777742211111111
3214447777778899999999999988777777777777777788899999999999898988822211111211
77777777778889999999988877777777777777777777777777788889988988778748222322
221111426363663668878777778788999999888777777777777777777788899999998989233333333333
7777777878899999999999999999999999999999999999999999999998988988988988988888684111111
1477774888888887777777878888899999998887777777777777777777777777777777777787848484878222211
34777848689898988887777878889999999999999999999999988888787878788988888787777777777787848474744747444111111
212124298889998989889888888888988888889888888899999999999999999999999998988777844811222222323
32688788788888888988989999999999999999999999898898898887877877777778787878822232332332
22418888889898989898999999999999999999999999999999999898988887877777777772222322322323232
68777878888989898989999999999999999999999999999999999998988988887887878787778872232232332232
44488989898888888888989899999999999999999999999999999989989888878888787888787877878422232232
77777777777878889989999999999999999999999999998988877777777777777787263333333
2477748787888899999999999999999899898988888777777777777877877878787878788432623232323
2478788889999999999999999888888878788888878777777777777778778777772232
777777878787888888989899889899999998989888888888878888788888889888887777777777848432323323223
777777777777777777899999999999988777777777777777441
9777777777777777777889999999999999999998888777
3277787878777777788899999999999999999877777777778899666
87777777777777788899999999999988877777777741
17777788899999999999999999999999887777771111
3388878889899999999999999999999999987777777
3226877777777788899999999999999999998988
177777777777777777889999999999988877777
214777777777777778999999999998877777741
8777777777777888888999999988777777777
24777878888989989999999999999989887777777878787888999999999999898989623333
977777777787887887878777777787877877878777888899999999988889888898999996
211212111447777777777777777777777777777788999999999999999999999999999999998966633
211111111112487877777777777777777777777777777777777777777787878888899999999989989999969633
3211211878777878787777777777777777777777777777777777788788999999999999966
214447887887887877777777777777777777777777777787878787777777777777777777777777777777777887889666333
11111111111414777777777777777777777777777777777777777778878888878777777777777787887878788889966333333
47777787878787877787777777777777777777777777777777777777777777777778888788888989889888888788262323333
977777777777777777787889899898898888888889898888887887887888989999989889878777777777787889999666333333
77777777777778888989898887777778777777784223233
77777777787888989999999988777777777777787233333
377787878889888888899999998887777777777777878883333
2777787888998989889888777777777777777777778233333
77777877887888989999999999888777777789999933333333
277778889999999999999999998877777777777773333333333
87777778777777777777777777778889999999988877774411111223
17777888888999999999999999887777777777778899986333333323211
98777777787787777778888999999999898882222
98778788989899989999898888787888889998988623333332
98888999999999999999999989888888999999999998988787777777777777787877777777777777777878883
8778789999999999999999999999999999999998988988777777878878886
77778787887888888888989888888887878777777778788888899999999999998988888777777777777777777784833
7777777787888888989999999999999999999999999999999999989898989898888788782333
9777778887888888888887888888899999999999999999999999999999999999999888888888889666663
877777777777777777777777777777777777777777777778787878887878787787878787887887663
877777777777777777777777777777777777777878787878788788878888988989898886333
777777777788899999999898988877777777777777777777778888888
7777888888888889888888888898989898888777777777777
8787888988888877777777777777777778788889889887777777777777777777777887
89889899999999998988888788887887887887878787877877877878788887888888787888788888888989899899899989999989898988883232
8888888889999999999999999999999999999999999999999999999999999999999999999999999999999999999999998898888888223
99888788888889899898998989898999999998988887887877878787878787887878878878888888889888888888888888888222
8888888899899999999999898989898998998989998988988888888888878887888888888989999999989898898889888888782222323
4441111111222223333332322222212111111212121222222223232323223222223222232222323232332322322228877
38898888898898898898898989899898999999999898898877787888788888898
64784878788788887887878878787878787877777777777778788888888988987
2486888888988998998998989989989898898988889898989889888888887878887221
9888888888888888888888888989898888988988887888888989898999989899
777778787878878878787878787877777777777777787888888898989898989889888888
888888889888888898889899898999999999999999999999998999999999999988888787888889
78887888887888888888888888888888888988878878787887888888888788787878787878788787887887888889898888898888888888988
9888898888787877878787777777778788898989999
48488888888888898999999999998988888888787787887888999999999998988898887889899896966
77878878888788888888878788888888989898998999999999999
333332336898989999999999999888777777777788899999999988777777777777
748877777777777777878878888889899999999999998777777777777777777777777899999999999999999877777
3333333333368877777777788999999999998877877878888878787889999999999888777777777
333333232628887777778889999999999999877777777777777777777777777777777777
788887787877878887887777777888899999999999889888887878787888899999999887777777
88877777787899999999999999999999999998888888898998988411
8999999999999887777777778889999999999999999998877441111
33221111477878889999999999988878999999989888889999999998984111
12322111248888889999999999888887878788888889999999999996633211
1288878778787887777777777777778999999999999999884111
9988788999999998988777777777777777777777777777777777777777777777777462232
977777777777778788889898888989999999999999999999999999989887777777474111
93777777878889877777777777777777777777777778788878878777787899898862
14147788878788889999998988887887888899999998898878788999999999988877777777
33222177777777777777777777778888899999898989888888888888888882323232332
9898887878777777777777777777777777777777777777877777878787777777777777774441
87777778789999999999888777777777777777777788899
77777777777777777777777777788888998999999999998988877877878787878888
3321111114888999988777777777777777777777777777777777777777889999999999998988887777777
1111447777777777777777777777777777777777777777777778788888889898888989989999996963333332
322242989999999999999999898777777787878787878778778788788889898998222212121222322
31488898999999999999999999999999999999999898898888888898666633323222
314787888999999999999999999999898888888887887622333333333
363788899999999999998987778888888889999999999888888788882111212233
33233636666969998988878878788788898889888899999988888898988999999989888888887777777777777
124244477877777777777777778788889889888788888788788888999999999999999999999889888841211211
9488888989898898888887878888889899999898988777777777788788787888888877787777777877877877878888888878842242888
11111111228988988887878878889899999999999999999999999999999999999999889889889888621222222
323232333232887877777777777777788999999999998987777774441112
366888777777777777789999999999999999999887777441
7777777777777777788999999999999998877777441
32323333333688887777777777899999999988777777777786
777777777899999999999989878777
277777777777777777889999999999887777777777441
378788888777777777777887877877887889
97777777777777778889988888788
9777777777777777778789998777777777889
34777788777777777777888898989989999999996
2211121222888888688887888999999999999999999999999
36336666898887878889999999999999999999999999999
9777777777777899999
377777788899999999999999999
36633333336787777888898877899999999
3474368988878788889999999999
21111123236999989889889989999999999999999
347787899999999999999999998877777777777899
2111122669998888788999999998
1111111223333366999999999999999998989999999993
4234847878899999898888787777787888888888888878878878888889898988988888888878878888888888878788787882222
33232232898899999999999898888877777777777878888889889889899899898988888878888888888878888888898
7868888888888888888878777777777777777777777777777777777777778778787888888888888888784778
1222221124248898998988987877777777778777787888888888888888898888888888888877877877888878888844
787888788889889888888787877878888888989898989889898888787887878878888888888884444
7888888898888877777777777777777777777777777777778784
6898999998988777777777778888787778787888889898988888888888787
266889999999898887777777777878777777777778787777777777777877777777777777787787878878888888887
122221223323323268888998999999988988777777777777777777777777777777777777777778788788842
111414788889999999999999999999999999999999999999999999999999
99987777878788888888988989999999999999999999999999999999989877777777777777777888999
9887777888999999999999999999999877777777889999999999999988777778889
98777777777777788889899999999999999999999988777777
977777777889999999999999999999989877777777777777777777777777889
147777777788899999999999999999999999999999999999999988777777777
333333333366999898898899999999999999989999999999898989999898877777777
98878799999999999999999999999899999998898888889998988888
8777777777777778888999999999898888888878888999999999999999
988777778889999999999989877777777777878778787887887778788788888988988887778
2989999999999899899899999999999998898898988988777777777889999999989888888889888622333
9988988878787778888889889889889889889899999998989898999999998999996966333
77777777778787878888888888777777777777777888999999998989898233
111111112122223228887878878889898989898989899
99898999999898898888889888898888787777777777778888999999999999999999999898823
98777777778889999999999999998777777777777789
97777777777778889999999999999999999999877777777777777
7777777777777777777878787888888999999999999999963
33333222214477777777777777777777778788989888877777777778733
98988777777878878
66689999999999999999999999999999
322228777777778777777777777777788999898777777
11114877777777777777777777777777777
877777777878787777777788787777787
47777888999999999999999877777
21477778889999999987777777889999999999
777777777788999999999999999
117777777777789999988877777777
7777777777777878988877777777777778889
77777889989877777777777899999988
97778888988889999999999999999987741
227777777878999999999999999999999989444
388787888899999999999999998877777777777
87777788889999999999999999988777
98777787888888889999999989887777
147777889999999999999999999999999
2388999999998887877778889999999999
3248788889887888889999999999999888777784
9471223333321111111212122333333
98777788999999899999999999999999
244878889999999999999999998988
88888989888887878789999999999999
1268999999999999999999999998889899
1212788999999999999998877777
988788899999999999999999999
3689898898888889999999999999999999999
777777777777777778999999999999999988877788866
777777777777889999998977
22222326999999999999999999999999999999
98888899999999999999998988878889999
3226266989898999999999998877777777778788889999892322322221
2111422698988888888988989888777777777777778788788788848222623233
98889999999999988888878889999999999892
14448888989999999999999998987777777777878787888888888688223322
2221248888899999999988877777778788878888898888788888222
687487877887889989888878777777777778888988788887887887887878882121
38888999898877777777777777888888898988988823
98889999999999988888878889999999999892
98878898999999999988777777777888989898988822
2484878878899999999999998988788789999998988888888886222
77777899966333333333333333333333333333333322222
888986862322223222232232232211111111111111111111111111111211111111112112121121121211212122242
98989999968666633333333333323233333332323232322222233333333333333333333333232223232323232323232232226899999999999998
777778788884222223232333333333333232211111212122122222669999
4882222222223333333332221111111111111111121222323232326898
777886333333333333333333222211111111111111111112222222
322232333333333333333333333333333333333222211122122122223323333333
988888878784822232333333333333333333332221212221221222211212222222
9999999988988222211111111112111112333333
21111222221111111111123333
322223333333333333333333
998888888482333333333321111111223
3322221222333333321111111111233
12223333333332322222121212233
9883333333211111111111111
323233333211111111123
31112223221111111111
32112211111111111123
9874422122222223333333333333333322221111278
9882222222233333333232322221111
111112112112121212121211111111111488
9884112111111211211111111111212212222223232666999
8888222223223232322111111111111111212223232689888
9878421211211211111111111212222333
98872212111111111111122223333333
98872232322121111111111111212223333699
9882222222211111111111121211111117
7777788788888721211111111111111111112999
888872223333333333333333333333332322212122232322221212212121222222232222222222122342899
32322323232322222223323232333333222221111111111111111121222232222222222222122289899
4222232223232333332332322232222222221212111211112121211111212212112212221222212212222666669
23212222212323323232222223222121111121121122121111111111111121121222122122212212226666363
889822232222222322322212111111111111111111111111121212111111111112121121121111111212122122224299999999999
2232323222221112122222332323221111111111111212211111111111111111212112212222212268899
233232232232121111111111111112222222212121212122122122121112121212222212222212221222122212299
7888888888848222232222221222233333333333333222221447777
888888888822222232333333323333333333232122121147778
789898232323232232333333333333333333322111
786899898888787722222212222333333333232232333333333322287778
7689868223233333333333333333333333333332377777
9633636332322222223233333333333333333333322222144777
7288222232333333333333333333333323333232322328777778
89888989888223232322322323233333333322222212122222387
77787877822121222222223233333333333333333322221247777777
882232222222212121222232323232323232222124147777778
88787842122122121111111111111121111111111111212222221211111111111111111111111122222223222223222212221228999
1111111111111111211211111111111111111111111112111111111111111111111112112122122122229
22112112111111111121222223232323223222121121111111111212212222212212212222222222222222188
7444121211111112122121211111111111111111111111111112121212221121121221212878787
11111211111111111111111122222222211111111121211111111111121221212121212288
11111111111122233332211111111111111212111111111111111111111111111111112122222122212477
3121212121211211111111211211111111112122112111111111111111111121111111111111212222887789
981223333232322221111112233333323222233
6121211111111111111111111112122333333
99998888832323333323222111111111112111122
312223333323222221111111111121233333
777411111122233333333333232332
92123333333333333332321111111111112
1111111111212223323323232232
998633333333322111111111111111111121222
4222232222111111111111111111112333333
84411111111111111111111111111111111212
987787823333333322322323223232323233333232222221111111111111111111111111111111248999999
17777474263232322222222212121111111111111111111111111111111111111111114249666999999
7777778788823223222212111111111111121221211111212111111111221211111111141777777778899999999
998999899999969636323222111111111212222332232222111111111111111111124877777777788899999999
77788842121212222222332111111111111233333333323222688888888888887811
98888888662323233333333333333333333333333333333333332211111248787787888999999999999988
99888686888884421111111111112111111111111111233333333333323228877878787878722
888887848484714111111111111111112223333322212222332321111111111111111111146999999999999
887872211111111111111212222221211223333333332221111111147777777888999999999966
777777744412112121121222222322232222211111111111111111111111111111111111111111111424688899999897777777869
9884212121211212222223232322322233232222221222333333333232226848878787
321121211221233333333333333333333333222121121121121212121221221227848686
1241221222233333333232222212121121121121111111111111111111111121222233688787878777
34422232333333333333232223333333323222121121212122222222222232323887787878787888
3222222222223223232232222211111111111111111112122232333333323222222222248487878784876
111121222232333333333333323222212111112122122232222221221221212112212121122128888888888898
22223233333332322222222322121212121211111111111111111121222222232323284777777888
322222333333333333323223223223222222222221211111111111111111111222212232238888888788888
3222323232332332322322323323222212111111111111111111111111222222322322687888888
3211211212222233333333333333333333332322322221211211111111112112122122222848487887888888899
9989999998633333333332111111111111111112122223333333333333322111111222
88778222333333333221111111111112333333333333332227
77782323232111111111233333333322111212333333626877
111122222211111111111223333333333323222121223
1474411122222111111111112212221211212212212242
11111111111111111111111111111111121222222222187
99996333333333333222111112223333333333332211
99993222211111111111112333333333332111111114
8888333333332111111111111212222323288
11111112111111111112333333333332111111111
989888212222322333333333333333333333333333333333333333333333666
88878878878787878223233333333333333333333333333333333333333332322688888898
88442222223333333333333333333333333333333333333332323223232323268989
987888888998888222122233333333333333333332322222222323333333333323223223222221221222689
77777744411111111112122232323232333333333333333333333333333333333232323
774411222233333333333333333333333333333333333333333333669
777782232232232333333333333333333333333333333333333333333333333333333333333333669999
77777888888988222323332322323232322323333333333333333333333333333333333333333332322369
999999999999982222222111111111111111111111111121212222222222222332332322323232322323323326269999999999
211111112111111111222232332323232333333333222211111111211211111111111111111111111112122222222288889868969
9888882223232323333233233333333333333323222222333333333366899999998
477722222233333333333333333322211121222322223232232232262888989889
478822323232222211111121222223233333333333333322226787888888869
48222223333333332232211111112233333333232321111111128889899
987777747122223333333333333333332221111212323333333333232224777777787
9888989888822222333333333232233233333332222211211211212222688988887
778889882122212232333333333333333333322111111111112899999
9821121212222322122233333333333333233222212288898999
98888988223333333333333323222211111212212222699999
9989862323323222211111111111222221111111112121889899999999
97878212121222233333333333333333333332322323333333333332326888
34422221212121212122233333333333333332222212222122222228887
87747111111112122221222333333333333333333333333333323223288887
144822121212212212121222223333333333333333333333323323333232222221212228869999
242322222222222222232233333333333333333332322322221212122224877
322232333332323223232333333333333333333232211212122122236
11111111212222323333333333333333333333333333333332322388
111212122222223233333333333333333333232221111121228999
1112233333333333333333333333333333333333323232326889
322232322323233233333333333333333333333333333333333332323222222212121212122288
4411111111111111111112112121112112121111111111112121111111121221222232222222121212121221221221222221222222228889
322333333333333333333333332322221211111111212212221222221221212112122122233233233233232323229898
98422222233333333333333333333333222121111111121222222232323232222222222323232323388888
9833223223223222222222121121111111111111111111111111211212121211212121222222222222222222222222323232322238888
99999998988633333333333323232322323223211111111111111111111111112122222232223222223233
3333232222212121111111111111111111111111111111121222223333333333333333333333333333333333333369
3333333323222221212112112112111111111111111111111111111111111212122222222323323226
11212212121211111111111111112212212111111111111111111121212111111111121221221222222888898
8774121211212222221211111111212223323323223
122222322322221221212112121223233333333333323232226
874223233233233233333233233233333332322
877447441111111111121222333333332333323232323232262
8878898988222121121222322322221212122222222222232322322212223
3222222221211111111111223333333332322121222222223222222212222223233232626222
8878878822222121112121222223233333333232232323232232626
222212121211111111111112223333333333333232232232232
787888822221222222222323333232322322323232323222322232
787887888887882232232222111211211222222222322323233232323222232222229
1632121211111111111121222333333333333322211111111112223333333333333333332
122322222223333333333333333333333322221111111212333333333333
788877777774744121221222222323333333333323323333333333333333333332224
23333333332211111111111112223323222111112121122223333333333332211
133333333333333333333333332333333333333322
9333232323222211111222333333333333333333332222114
7996333333333333332322221222323333333333333333232287
7899986863222222221212122333333333333333333221111111147
3333222232333333332333333333333333333332211
86333323322222223333333333333333333221111
222112223333333333333333333333333333333333333333333333333333333333333333387
888732323333333333232211111111111111111111111111111222333333333333366999998
993332333333333333332221111111111111111111111111121212212288
3212122323323333333333333333333333333333333333333333333333333333333333233333336
622233323323322322322222212121212222222333333333333333333333333
311111111123333333333333332221111223333333333333333887777777777777777
311121233333122233333333333332323333322389899
21111111111111111111111111111111111111111111222233333326
3411111121222333333333332211111111111111111111212248898887777777777777
3211223333333333333333333333333333333333333333333336
2211212322233333333333333333333221111121222222233333333333333333628778888
3222222232323333333333333333333322111111111111111111111111111111111112123323333333336
211111212223333333333333232232223233323222212122223333333333333326277777878
2111112223333333333333333333322211111111111122333333336
9442212122122222223333333333333333322222211111212233333636699998
214111212211112112122212222323222221111111111111111111111111111111111111111111111112122222222336688
3111111111212111111111111111111111111111111111111111111111111122122111111
7777411111221222211121212222323333323222111112122222222222222232999
988889821111111111212121212222333333323232222288989
1111111111122333333333333232222323332332389
989822111111111222333333333333332322222224
211111111111112233333333333333333332232239
877411111111122233333332222221211212122226
411121122123333333333333333333323232322
9111111111112123333333333333333333333
63333222121233333332322212212223233
987741212122233333333333333333333333333333
98777777333333232232222111111111111111233
987777483333333333333333332111111111111233333
321112122333333333211111111111233333
777777747744866666333322221111112233333333221111111122333
477777732222211111111111123332211111111
877788888411411411222233333323221111111111112233
1441111223333333333332211111111
2111222233333333333333333333333
4741212233333333333333333332
98777888696999999323232323222111111111111111111111111223
11232222223233323333333333333333332323232223223223222222222122121222222222232322223222232232232232232323268988878
4222212122122223233333333333333333333333233232332333333323232323333333323222223223222322868778
78232222222232223223232323332322322222122121222222223232332323323233323233222223287877
223232322222323333333333333333333223222232232222322222222244444
2232323323322232223223233333333333332322323323323233233233233332232222222222887
782222122122122232333333333333333333333333233232223232323333323333333333333333232322327777
721211211212122222222223222323232323222221211212121222232332222222221268888888
122222212222323333333333333333333333333333323233232323223224
73222222222232333333333333333333333333333333333333333333333323223
323233333333333333333332333333322222111111111122233333
14223333333333333333333333333333333333333333333333333333232222222233333333333333232211111111112122222232333
889862223222221112121212121111111111111111121111111111111121222333333333333333333333333333333333
87474111112223333332322211111111111111111111111111222
96333333322111111111111111111111111111111
33333333322221212222212111111111111111111222121
8874441212233333333333332221111111112122123233333232221111111111111222221111
322111111111222333333333333333333333333333333333333332322
22233333333333333333332321112111212223333333333
998877741212123333333222111111111111111111112223333
999882333333332332333333333322211111111111121223322322222233333333333332323222211111111111111111111111111112122123236999
477479622222121222222222221221111111111111111111111111111111222223232222222288
77777889866333333232323232232221111111111111111112223333333333326666
241411111222333333333333333333333333322211111111111111111111111111111141448433
77774411111111111112122122122121111111212121211111111111111111111
9887772232222111111121222232222211111111111111111111111111111111122122869999
97778787822212111111111111111111111111111111111111111111111666999
9877777777773333323221111111111111111111111111211212212121211428999
9877782333333333333333332223233322222333333333333333333363
977777744121211111111121223333333333333333333333322111111111111111
787878787878787777787877848422323333333333333333333333333332322222211121211212488999999
77787888888989898898778487878787888878788848221212111111111112122333333333232212112121222468698999
77777878787877777774121111222333333333333333333333333332221222223278777
8777878888988888212111122333333333333333333332322277777
887742111111223333333333333333333333333232232288988
777778886833333333333333333333333333333333222121477778888
774111223333333333333333333333333333333
7777774111212333333333333333333333322122232
741111222333333333333333322211111233333333
9988988888823323222212121233333333321111111112223333333322321211111111144777777778
9988822333333333322222212233333333333333333333333333322321212121212122422121111124222
87872222221111111111111111111111111111111122233333323222224444777777
982323333333322211111111121222222122222228
98882333333332211111111111111212239
1122333333322111111111111122233323222
97741233311111111121222323323222
98711122122122222223233332211
31111123322222323333221111111
9978233333333332323233333322222
981111111111333333333332211111
31111112221111111111111
9999999663333333333333333333221111
989866633333332211111111111223333333333333
99998112232211111111111212121212111111
998832212121222111111111222333333333
3222111111111112333333333333332
2122333333333333232233333333333333
4741111111111122233333333333333333
98822222323333333333333333323333333
311111111111121222232322112223333333
21111222333333333322221111
322111111111111123333333333332
78788888888221121121122122221111111111111212121211111111212223223223223222223228889898
987484222223221212121222222332322322222222122122222222287787888898
88888898898982221211111111111211211111111111112222222222232232222232268888888888989
988898822223222211212122111111111111111111111111111112122228999
323233333333332332322111111111122223233333333323232626898988
9878787842222222222222212121111111111211111212222333333333333333368887777
28489923333333322111111111111111111111212222896
88782233333333322211112122222232322322222
7878986863233322222222223232222232332332323232262362
