solver_type L2R_L2LOSS_SVC_DUAL
nr_class 5
label 1 2 3 4 5
nr_feature 225
bias 1
w
4.540230571867743e-10 -9.178863818090736e-10 -3.069717564913956e-10 -1.256279327920607e-09 -1.291394865515153e-09 
-5.569498113420984e-11 3.522386099160832e-10 -1.048336344989157e-10 -1.247053193285034e-09 -1.291877525807887e-09 
-3.497311441861638e-12 -1.25649290720487e-09 -1.172609696563944e-09 1.227065251282149e-10 -1.291658870977286e-09 
1.143033603333183e-09 -1.226563442545946e-09 -1.105129993539947e-09 -1.294180047055639e-09 -1.289823790065648e-09 
1.13902574295704e-09 -1.145803104122988e-09 -1.150286376331004e-09 -1.291584438054036e-09 -1.292243570190967e-09 
-7.141530718790243e-14 -1.074241392092128e-09 -1.300386705903026e-09 5.815506472412874e-13 -1.293633243114344e-09 
-3.306993026218108e-14 1.078495174519824e-10 -1.27298519206757e-09 3.389923448427653e-14 -1.265815489665645e-09 
2.13952101465437e-10 -2.128533509551131e-10 -2.118449884978185e-10 -2.130971813967821e-10 -2.109144495978397e-10 
8.605770757630492e-10 -8.556686772254705e-10 -8.525080861862968e-10 -8.562154194101764e-10 -8.47638935973711e-10 
6.294259938300325e-12 -6.256902204051286e-12 -6.23206699324238e-12 -6.262210439828696e-12 -6.196289179536877e-12 
3.567645618603543e-12 -3.546470903663392e-12 -3.532394073526108e-12 -3.549479661531172e-12 -3.512114872385772e-12 
1.643624052603219e-11 -1.633868804635179e-11 -1.627383569782125e-11 -1.635254947579645e-11 -1.618040887452047e-11 
2.125842423254759e-12 -2.11322510856496e-12 -2.104837189545406e-12 -2.11501792820017e-12 -2.092753482010372e-12 
8.857514979226095e-12 -8.804943793947323e-12 -8.769994770678482e-12 -8.81241373931979e-12 -8.719646907944381e-12 
5.823695047793172e-12 -5.789130211929479e-12 -5.766151706766268e-12 -5.794041598924014e-12 -5.733048675090755e-12 
2.747558662140581e-12 -2.731251332763373e-12 -2.720410313233314e-12 -2.733568473988991e-12 -2.704792647844082e-12 
1.644821813004254e-12 -1.635059455347618e-12 -1.628569495233915e-12 -1.636446608417303e-12 -1.619220003871882e-12 
5.65194486752748e-12 -5.618399404413673e-12 -5.596098572639384e-12 -5.62316594666696e-12 -5.563971802746673e-12 
1.828228761815514e-12 -1.817377845689838e-12 -1.810164218556804e-12 -1.818919674183709e-12 -1.799772205658991e-12 
3.561903611929474e-12 -3.540762976484252e-12 -3.526708803038525e-12 -3.543766891856134e-12 -3.50646224009838e-12 
3.790909336713876e-12 -3.768409504869392e-12 -3.753451745446751e-12 -3.771606551188053e-12 -3.731903468775194e-12 
-4.792973708582572e-32 -4.763306118720713e-12 1.237789691765824e-31 -4.767347216237272e-12 -4.717162135463836e-12 
3.316313522482013e-12 -3.296630515157648e-12 -3.283545364395051e-12 -3.299427313233561e-12 -3.264694784070016e-12 
2.63701268244613e-12 -2.621361468245824e-12 -2.610956627169604e-12 -2.623585381018866e-12 -2.5959673288212e-12 
4.147080450927875e-32 -2.039758034385345e-12 1.204020568229052e-32 -2.041488525964448e-12 -2.019998111709616e-12 
4.051603043937724e-08 -4.027555940839114e-08 -4.011569564548847e-08 -4.030972842021757e-08 -3.988539453284432e-08 
6.551004989075747e-12 -6.512123417892087e-12 -6.486275172170552e-12 -6.517648178450333e-12 -6.449037967057651e-12 
6.553637427844778e-12 -6.514740232644702e-12 -6.488881600078685e-12 -6.520267213258378e-12 -6.451629431716628e-12 
1.847330396185243e-11 -1.836366107738488e-11 -1.829077111611674e-11 -1.837924045509549e-11 -1.818576521090687e-11 
5.071311126722649e-12 -5.041211845448231e-12 -5.021202015029168e-12 -5.04548871285111e-12 -4.992375682247112e-12 
1.143853898083703e-11 -1.137064888342351e-11 -1.132551593549861e-11 -1.138029552376516e-11 -1.126049702279998e-11 
7.884927551185462e-12 -7.838128873409991e-12 -7.807017380524615e-12 -7.844778591554351e-12 -7.76219789637738e-12 
6.805101146335224e-12 -6.764711461888072e-12 -6.737860631031358e-12 -6.770450513296386e-12 -6.69917909326533e-12 
6.805101146335224e-12 -6.764711461888072e-12 -6.737860631031358e-12 -6.770450513296386e-12 -6.69917909326533e-12 
6.805101146335224e-12 -6.764711461888072e-12 -6.737860631031358e-12 -6.770450513296386e-12 -6.69917909326533e-12 
6.810349571235794e-12 -6.769928736301095e-12 -6.743057196776978e-12 -6.775672213944916e-12 -6.704345825929165e-12 
4.13770024601763e-12 -4.113142138341768e-12 -4.096816048893686e-12 -4.11663164921221e-12 -4.073296544287074e-12 
3.743311552313611e-12 -3.721094223123706e-12 -3.706324269934123e-12 -3.724251128065183e-12 -3.68504654841008e-12 
7.597382967774168e-12 -7.552290926963608e-12 -7.522313996023588e-12 -7.558698145678643e-12 -7.479128972346581e-12 
3.030403483375261e-32 -8.824291868024457e-12 -8.789266047731466e-12 -2.061031308997824e-36 -8.738807549766688e-12 
2.799861931034297e-12 -2.783244170879355e-12 -2.772196778823615e-12 -2.785605421831233e-12 -2.756281811287116e-12 
2.055572750010284e-12 -2.043372509762393e-12 -2.035261843825854e-12 -2.045106067793055e-12 -2.023577572269826e-12 
1.994171114379764e-12 -1.98233530565769e-12 -1.974466911539118e-12 -1.984017080895524e-12 -1.963131659099206e-12 
5.479240428075596e-12 -5.446720001550047e-12 -5.425100608264694e-12 -5.451340894291992e-12 -5.393955524463718e-12 
2.937801725474723e-12 -2.920365263916285e-12 -2.908773604123743e-12 -2.922842845772524e-12 -2.892074559417471e-12 
-1.955798416251363e-28 -2.312938900303731e-29 -3.180738071612134e-12 -3.196122759023937e-12 -3.162477699927522e-12 
4.555744887474702e-29 -1.619406106721521e-28 -3.290077724542537e-12 -3.305991269221212e-12 -3.271189642371577e-12 
1.46858024378792e-28 1.755023738331297e-28 -4.533376442161322e-12 -4.555303610591342e-12 -4.507350678011476e-12 
-4.154813468992341e-29 3.089903019023516e-29 -4.517298039686627e-12 -4.539147439619247e-12 -4.491364580396415e-12 
1.045697259488432e-28 -2.485028878022484e-29 -3.990441207765587e-12 -4.009742291109083e-12 -3.967532392892605e-12 
-1.48085873327933e-28 -2.144825994769953e-28 -1.970785341664778e-12 -1.980317694229167e-12 -1.959471215268402e-12 
4.288211934773864e-28 -4.378059565561139e-28 -5.686965167259339e-12 -5.714472047662251e-12 -5.654316739420234e-12 
5.177275698316247e-29 -1.11196541392979e-28 -2.348440463043231e-12 -2.359799468946599e-12 -2.334958247699938e-12 
1.372383379820171e-28 -2.049429683420919e-29 -3.02497142062976e-12 -3.039602691308453e-12 -3.007605293245455e-12 
-1.562646669514402e-28 -4.912532443886033e-29 -2.902224953601087e-12 -2.916262520817325e-12 -2.885563504461793e-12 
-1.50485997874558e-28 5.748616283001506e-29 -3.051084570715144e-12 -3.065842146291503e-12 -3.033568529797573e-12 
2.665766636124323e-29 9.678482104658087e-29 -1.738536317563884e-12 -1.746945323865262e-12 -1.7285555174995e-12 
2.351228084296159e-28 1.045001111849029e-28 -4.25714394883523e-12 -4.277735027841762e-12 -4.232704014122346e-12 
6.851569747570698e-29 -6.666369086565257e-28 -7.522509478405729e-12 -7.558894573289248e-12 -7.479323332196005e-12 
-2.776869857465592e-29 2.592368200024765e-28 -3.125041963988678e-12 -3.140157258969635e-12 -3.107101339496023e-12 
-9.021859163273177e-29 -1.077775237646124e-28 -1.307700293934221e-12 -1.314025417683287e-12 -1.300192888032377e-12 
-1.27707056155627e-28 8.993036465869837e-29 -2.296816899127896e-12 -2.307926210779858e-12 -2.283631050798089e-12 
3.904335146118543e-29 2.104653840544092e-28 -2.374732804985135e-12 -2.386218982572701e-12 -2.361099647447361e-12 
-1.040034291061468e-29 4.083062588790596e-30 -2.811635291856134e-12 -2.825234692270388e-12 -2.795493910908251e-12 
1.300427650601021e-28 -1.809948292852175e-28 -2.791989341190115e-12 -2.805493717404787e-12 -2.775960746041218e-12 
1.797455340349612e-30 -3.781903897143466e-29 -2.201014381435944e-12 -2.211660312616841e-12 -2.188378527926596e-12 
-1.868241979854307e-28 5.134541199517825e-29 -2.874173272891109e-12 -2.888075158695796e-12 -2.857672866069563e-12 
4.427601492932361e-29 7.898519781659651e-29 -1.124662260962029e-12 -1.13010206139193e-12 -1.118205662690359e-12 
7.02350025141508e-29 6.194681515894595e-29 -3.272907880371153e-12 -3.288738377423249e-12 -3.254118368930569e-12 
5.177767674037443e-28 -4.144630461083165e-28 -5.492476771061956e-12 -5.519042944079825e-12 -5.460944885898247e-12 
4.104602573966516e-29 5.208647784403387e-13 -3.516038738584732e-12 -3.533045218110721e-12 -1.150739660522338e-14 
4.104602573966516e-29 5.208647784403387e-13 -3.516038738584732e-12 -3.533045218110721e-12 -1.150739660522338e-14 
6.911608694474126e-29 3.762888606247557e-29 -2.86008227171686e-12 -2.873916001764829e-12 -2.843662760256971e-12 
1.990778603457958e-28 4.959825022705721e-28 -5.545077745228661e-12 -5.571898340299579e-12 -5.513243882047214e-12 
4.104602573966516e-29 5.208647784403387e-13 -3.516038738584732e-12 -3.533045218110721e-12 -1.150739660522338e-14 
2.347594885420002e-29 2.101249510206426e-12 -4.015870170577068e-12 -4.03529424945502e-12 -1.797001039777416e-12 
-4.296864595649575e-28 -6.963918582647607e-28 -1.009924045045845e-11 -1.014808875348504e-11 -1.004126149071402e-11 
1.58497429173404e-28 5.700178883781449e-28 -1.129199075533128e-11 -1.134660818854675e-11 -1.12271643086239e-11 
-2.706060405231867e-28 3.426409314187513e-28 -6.419127071552372e-12 -6.450175294208207e-12 -6.382275358780775e-12 
-5.569498113420984e-11 3.522386099160832e-10 -1.048336344989157e-10 -1.247053193285034e-09 -1.291877525807887e-09 
1.338659263657288e-29 -6.968650628776049e-28 -8.943615453477454e-12 -8.986874195470351e-12 -8.892270847540438e-12 
-1.599426842792771e-28 -2.037084788253045e-28 -6.390228301551548e-12 -6.421136745774067e-12 -6.353542494374376e-12 
-5.502929297893706e-29 4.497181805502e-29 -2.490751429554024e-12 -2.502798769465576e-12 -2.47645221808004e-12 
5.628768814235156e-13 -5.595360905776098e-13 -4.616602945022821e-12 -4.638932665805567e-12 -4.590099383903395e-12 
3.768435900109498e-28 -1.101611446583872e-28 -6.659472309471544e-12 -6.691683041444587e-12 -6.621240793646621e-12 
-3.306993026218108e-14 1.078495174519824e-10 -1.27298519206757e-09 3.389923448427653e-14 -1.265815489665645e-09 
7.389513699141755e-29 -9.936829900035993e-29 -5.710439309246709e-12 -5.738059729902159e-12 -5.677656118005139e-12 
-1.942541264273947e-28 -3.526425948440978e-28 -6.468779523796636e-12 -6.500067907301369e-12 -6.431642760534272e-12 
-4.502914614630917e-13 4.476188883976633e-13 -4.628380741368198e-12 -4.650767429344396e-12 -4.601809564831145e-12 
-1.957594760566047e-28 4.289530340112031e-29 -2.316690912127102e-12 -2.327896351191161e-12 -2.303390968822785e-12 
4.147080450927875e-32 -2.039758034385345e-12 1.204020568229052e-32 -2.041488525964448e-12 -2.019998111709616e-12 
-1.820548542984936e-29 -1.800384904890057e-12 -2.133290703080616e-29 -1.801912316898999e-12 -1.782943882029764e-12 
-1.62402961548023e-28 -4.018069987360894e-12 -2.083545836748667e-28 -4.021478840842611e-12 -3.979145393895643e-12 
-2.161589949228497e-28 -3.29304874996501e-12 -6.594350787871793e-29 -3.295842509340057e-12 -3.261147716818043e-12 
-1.093733736452568e-28 -2.868732237828785e-12 -8.092673746311853e-29 -2.871166015216386e-12 -2.840941722365047e-12 
4.002797551162156e-33 -2.682365962166118e-12 1.520965461961894e-31 -2.684641629981295e-12 -2.656380848683583e-12 
4.002797551162156e-33 -2.682365962166118e-12 1.520965461961894e-31 -2.684641629981295e-12 -2.656380848683583e-12 
2.493196789042873e-28 -3.852965331563209e-12 -1.673900473281482e-29 -3.856234113422843e-12 -3.815640170568361e-12 
2.587798432121518e-28 -3.909831987155932e-12 7.704849741579342e-29 -3.91314901359506e-12 -3.87195593693874e-12 
-8.684247382696046e-29 -3.679127056528674e-12 7.628384368870719e-29 -3.682248357331245e-12 -3.643485933941748e-12 
7.055019925953466e-28 -9.744445710504267e-12 2.223713894432927e-28 -9.752712711276317e-12 -9.650047507133325e-12 
-1.163022217369296e-25 -1.764060245105345e-11 2.234768866691346e-25 -1.765556839969893e-11 -1.746971113232351e-11 
3.628650237293021e-28 -7.778808953986691e-12 -3.653457428019653e-28 -7.785408346249599e-12 -7.703452631889211e-12 
-1.163022217369296e-25 -1.764060245105345e-11 2.234768866691346e-25 -1.765556839969893e-11 -1.746971113232351e-11 
-1.163022217369296e-25 -1.764060245105345e-11 2.234768866691346e-25 -1.765556839969893e-11 -1.746971113232351e-11 
-1.163022217369296e-25 -1.764060245105345e-11 2.234768866691346e-25 -1.765556839969893e-11 -1.746971113232351e-11 
-9.203295620804212e-29 -1.921052775169932e-12 -1.178536893095092e-28 -1.922682559484739e-12 -1.902442796116805e-12 
-1.163022217369296e-25 -1.764060245105345e-11 2.234768866691346e-25 -1.765556839969893e-11 -1.746971113232351e-11 
4.304536145472124e-13 -5.480215230383497e-12 1.54450665058035e-15 -5.454025316037636e-12 -5.427126272098613e-12 
-4.792973708582572e-32 -4.763306118720713e-12 1.237789691765824e-31 -4.767347216237272e-12 -4.717162135463836e-12 
-5.193164521398715e-13 -6.189617354724719e-12 3.781898127436517e-14 -9.656228073013568e-20 -6.129656144492951e-12 
3.325450545056438e-13 -5.806057732360446e-12 -4.937741251576549e-21 -2.538528438452403e-12 -5.749812212103505e-12 
-3.700084120182477e-29 -7.294518318739015e-12 1.692166300749567e-28 -7.300706848119162e-12 -7.223853506783305e-12 
3.312985650987877e-13 -6.262446580308385e-12 4.04808143337563e-20 -2.877450868744654e-12 -6.201779845283081e-12 
2.689184981586279e-15 -6.22859153944645e-12 6.720009543881879e-18 -6.233360714212573e-12 -6.168252771257576e-12 
-2.783658215894493e-21 -3.972161243544736e-12 2.756153482182931e-21 -3.97553114892906e-12 -3.933681385784727e-12 
-3.460457183563505e-10 -5.580231356450861e-10 6.182531627436932e-10 -1.211221560290825e-09 -1.291929355101067e-09 
-1.408154387855945e-28 -4.09964918727361e-12 9.952719113079932e-29 -4.103127250983257e-12 -4.059934304639228e-12 
-3.185091995849746e-11 -1.305598690836319e-09 4.02801610663002e-11 -1.306709136373116e-09 -1.292954603306774e-09 
-2.919243165166356e-19 -2.222673385593005e-11 1.040068700104816e-18 -2.224559059046437e-11 -2.201141491372053e-11 
-2.059872824554545e-28 -3.103427810953779e-12 1.235004136216865e-28 -3.106060699562466e-12 -3.073363708966978e-12 
-1.557284955262835e-17 -2.552997182833804e-12 1.579858158952416e-17 -2.555163096658824e-12 -2.528265314605446e-12 
-5.769001541837993e-15 -1.084646817829069e-12 5.770165168095884e-15 -1.085567011377967e-12 -1.074139425829881e-12 
3.083993721159201e-28 -1.45355881961559e-11 -1.868105265433779e-28 -1.454791991028411e-11 -1.439477634790702e-11 
-3.169175591564813e-28 -4.060200704877965e-12 9.23843079197134e-29 -4.063645301252054e-12 -4.020867974905161e-12 
5.902311283848098e-28 -1.284649969371292e-11 -8.731405856769512e-29 -1.285739841756456e-11 -1.272205069715434e-11 
-8.357083123195674e-28 -1.102657045363929e-11 5.098762025554801e-28 -1.103592518444302e-11 -1.091975181345285e-11 
1.721055596326165e-11 -1.710840775074076e-11 -1.704050020262697e-11 -1.712292219561384e-11 -1.694267200730422e-11 
1.838001690980992e-11 -1.827092770458915e-11 -1.819840582398863e-11 -1.828642840908557e-11 -1.80939301820544e-11 
-2.364345512965401e-28 -2.434095662511944e-12 -2.409199620304271e-28 -2.43616070256851e-12 -2.410515639163213e-12 
2.643438510712146e-28 -2.035096833107254e-11 1.017981069223171e-27 -2.036823370212628e-11 -2.015382065285814e-11 
-5.655694944959737e-29 -6.452345555887078e-12 2.59607684947681e-28 -6.457819602054175e-12 -6.389839196254164e-12 
7.135188646333739e-30 -1.696104836998422e-12 -8.660548625304991e-29 -1.697543779798609e-12 -1.679674015369562e-12 
-1.46898277776269e-28 -2.041360833421321e-12 7.785617560340752e-29 -2.043092684784374e-12 -2.021585383813239e-12 
-1.848919228225197e-28 -1.295853207530918e-12 1.821545266588373e-28 -1.296952584528377e-12 -1.283299777786676e-12 
3.030403483375261e-32 -8.824291868024457e-12 -8.789266047731466e-12 -2.061031308997824e-36 -8.738807549766688e-12 
-3.242674180589857e-28 -5.048048273989433e-12 -5.028011308308548e-12 1.730992990673722e-28 -4.999145883668687e-12 
-1.336624363523213e-28 -5.474605433757582e-12 -5.452875356248139e-12 -6.293093565725482e-29 -5.421570819735933e-12 
2.059802455068723e-28 -7.981955554250489e-12 -7.950273177345551e-12 4.623479630008396e-28 -7.904631272696362e-12 
3.564406591653976e-29 -7.286324417544889e-12 -7.257403174519319e-12 1.389188297217768e-28 -7.215738983069885e-12 
-3.534716540170881e-28 -5.246550028067344e-12 -5.225725159479173e-12 -2.92104530530267e-28 -5.195724674706153e-12 
7.398414979448077e-30 -7.755175845752151e-12 -7.724393614170526e-12 -3.044921637243506e-28 -7.680048466687833e-12 
-2.249666508845445e-28 -4.851967073557687e-12 -4.832708403322201e-12 -3.882338479521232e-30 -4.804964197440774e-12 
3.664079559415892e-28 -4.72936930239776e-12 -4.710597253389841e-12 2.981617274628023e-28 -4.683554078167738e-12 
3.546829099859723e-28 -3.514071466007598e-12 -3.500123237842489e-12 -4.25372712103428e-28 -3.480029300576822e-12 
-4.336108736225418e-29 -3.578755855673755e-12 -3.564550878994544e-12 3.782486833859829e-29 -3.544087067615891e-12 
-4.336108736225418e-29 -3.578755855673755e-12 -3.564550878994544e-12 3.782486833859829e-29 -3.544087067615891e-12 
-4.336108736225418e-29 -3.578755855673755e-12 -3.564550878994544e-12 3.782486833859829e-29 -3.544087067615891e-12 
-4.336108736225418e-29 -3.578755855673755e-12 -3.564550878994544e-12 3.782486833859829e-29 -3.544087067615891e-12 
-4.336108736225418e-29 -3.578755855673755e-12 -3.564550878994544e-12 3.782486833859829e-29 -3.544087067615891e-12 
-4.336108736225418e-29 -3.578755855673755e-12 -3.564550878994544e-12 3.782486833859829e-29 -3.544087067615891e-12 
-4.336108736225418e-29 -3.578755855673755e-12 -3.564550878994544e-12 3.782486833859829e-29 -3.544087067615891e-12 
4.191688807121798e-28 -3.589075918854373e-12 -3.574829979267833e-12 -2.500425571538069e-28 -3.554307156364728e-12 
-8.187130014703151e-28 -1.360971007140475e-11 -1.355568973003025e-11 -7.487655236318635e-28 -1.347786756159888e-11 
8.923379156394259e-28 -1.501081811032266e-11 -1.495123642090836e-11 -4.935455734750417e-28 -1.486540252663122e-11 
9.728242877612346e-30 -1.366356739003198e-11 -1.360933327549713e-11 1.68928528862444e-29 -1.353120314361143e-11 
9.728242877612346e-30 -1.366356739003198e-11 -1.360933327549713e-11 1.68928528862444e-29 -1.353120314361143e-11 
9.728242877612346e-30 -1.366356739003198e-11 -1.360933327549713e-11 1.68928528862444e-29 -1.353120314361143e-11 
2.168442605453821e-28 -1.138396192847743e-11 -1.133877613789726e-11 3.71793587054703e-28 -1.127368109925253e-11 
9.728242877612346e-30 -1.366356739003198e-11 -1.360933327549713e-11 1.68928528862444e-29 -1.353120314361143e-11 
9.728242877612346e-30 -1.366356739003198e-11 -1.360933327549713e-11 1.68928528862444e-29 -1.353120314361143e-11 
6.650440574417464e-30 -5.914181246919981e-12 -5.890706383018372e-12 1.423503094659474e-28 -5.856888292481583e-12 
-3.88967387052624e-13 -6.029173900205125e-12 -4.075135293921822e-14 2.211357846743206e-12 -5.970766967589468e-12 
-5.582856897448803e-28 -8.326622767354048e-12 -8.293572320084341e-12 -4.225576689120888e-28 -8.245959561591768e-12 
-1.734754732004773e-28 -3.483176696834559e-12 -3.469351097779631e-12 2.050506514056653e-28 -3.449433820946783e-12 
-3.497311441861638e-12 -1.25649290720487e-09 -1.172609696563944e-09 1.227065251282149e-10 -1.291658870977286e-09 
-3.306993026218108e-14 1.078495174519824e-10 -1.27298519206757e-09 3.389923448427653e-14 -1.265815489665645e-09 
-7.141530718790243e-14 -1.074241392092128e-09 -1.300386705903026e-09 5.815506472412874e-13 -1.293633243114344e-09 
-7.141530718790243e-14 -1.074241392092128e-09 -1.300386705903026e-09 5.815506472412874e-13 -1.293633243114344e-09 
-3.306993026218108e-14 1.078495174519824e-10 -1.27298519206757e-09 3.389923448427653e-14 -1.265815489665645e-09 
-3.306993026218108e-14 1.078495174519824e-10 -1.27298519206757e-09 3.389923448427653e-14 -1.265815489665645e-09 
-5.971274118028761e-29 -1.974190469740181e-12 -1.966354414202966e-12 -1.474209493380045e-29 -1.955065725348141e-12 
-1.090543760834142e-28 -2.265049429493135e-12 -2.256058881746794e-12 2.292605804971843e-28 -2.24310702219335e-12 
4.56437769181174e-33 -8.505334859865323e-12 -8.47157505964556e-12 3.785891556088051e-40 -8.422940401145724e-12 
4.56437769181174e-33 -8.505334859865323e-12 -8.47157505964556e-12 3.785891556088051e-40 -8.422940401145724e-12 
4.56437769181174e-33 -8.505334859865323e-12 -8.47157505964556e-12 3.785891556088051e-40 -8.422940401145724e-12 
4.56437769181174e-33 -8.505334859865323e-12 -8.47157505964556e-12 3.785891556088051e-40 -8.422940401145724e-12 
4.56437769181174e-33 -8.505334859865323e-12 -8.47157505964556e-12 3.785891556088051e-40 -8.422940401145724e-12 
-3.177919531019557e-32 -5.137298012145745e-12 -5.116906792013335e-12 -1.700465572736911e-32 -5.087531025193896e-12 
-3.177919531019557e-32 -5.137298012145745e-12 -5.116906792013335e-12 -1.700465572736911e-32 -5.087531025193896e-12 
-1.264389334405145e-28 -1.507153229087705e-12 -4.051545653288471e-12 -4.071142288390068e-12 6.748230279282635e-14 
-1.264389334405145e-28 -1.507153229087705e-12 -4.051545653288471e-12 -4.071142288390068e-12 6.748230279282635e-14 
4.104602573966516e-29 5.208647784403387e-13 -3.516038738584732e-12 -3.533045218110721e-12 -1.150739660522338e-14 
2.392788606889331e-28 -1.130486109829967e-12 -4.04674005174051e-12 -4.066313442962744e-12 6.440171317113184e-13 
3.707873054782177e-28 -3.875325824349903e-12 -4.298716474846543e-12 -4.31950863303e-12 -1.57315105579174e-14 
8.494955559134931e-30 -3.290352332962917e-12 -4.011634725144213e-12 -4.031038317891956e-12 8.209403465321674e-14 
-2.089697926430742e-28 -2.144432950289143e-12 -3.300715208677733e-12 -3.316680205031525e-12 4.80653501087519e-15 
8.494955559134931e-30 -3.290352332962917e-12 -4.011634725144213e-12 -4.031038317891956e-12 8.209403465321674e-14 
1.416303849796237e-28 -2.740673483854787e-12 -3.175785858480516e-12 -3.191146592888662e-12 -2.221572449545526e-14 
4.769080295053305e-30 -5.198122600051793e-12 -5.177489951936451e-12 -5.202532587528201e-12 -2.820012476956133e-30 
-8.224228990900879e-29 -4.576236574093281e-12 -4.558072347061538e-12 -4.580118965397521e-12 6.662595717622176e-29 
4.769080295053305e-30 -5.198122600051793e-12 -5.177489951936451e-12 -5.202532587528201e-12 -2.820012476956133e-30 
4.769080295053305e-30 -5.198122600051793e-12 -5.177489951936451e-12 -5.202532587528201e-12 -2.820012476956133e-30 
-1.904251462941744e-28 -5.409315905679882e-12 -5.387844978522775e-12 -5.413905065504574e-12 8.961087964500353e-29 
4.769080295053305e-30 -5.198122600051793e-12 -5.177489951936451e-12 -5.202532587528201e-12 -2.820012476956133e-30 
1.461517082626014e-28 -6.3115936323809e-12 -6.286541339004562e-12 -6.316948267316725e-12 -4.50645502222202e-28 
5.401000790494497e-28 -6.367904214838694e-12 -6.342628411108212e-12 -6.373306622592239e-12 -2.415006470136503e-28 
2.713804789875385e-29 -4.682789999801249e-12 -4.664202835593298e-12 -4.686762788987393e-12 5.756013832145558e-29 
7.230836838567666e-29 -2.875944833490677e-12 -2.864529489236176e-12 -2.878384729906048e-12 1.174041443891661e-28 
-4.204574225210555e-29 -1.106922453410688e-12 -1.102528800302097e-12 -1.107861545181407e-12 4.618332027699903e-29 
1.25906952493396e-29 -5.730660757300779e-12 -5.70791433180395e-12 -5.735522539931871e-12 -3.157961001166693e-28 
-4.554960139212327e-28 -6.390784988831854e-12 -6.365418365578313e-12 -6.396206808195035e-12 5.82509152617328e-29 
5.152892154910369e-28 -6.413027914229067e-12 -6.387573003242951e-12 -6.418468604063375e-12 -3.303972572652419e-29 
2.776005257115875e-28 -5.428631269572607e-12 -5.407083674621736e-12 -5.433236816181416e-12 3.394374469865893e-29 
6.945159782940588e-29 -5.890809820160704e-12 -5.867427723048143e-12 -5.895807470183914e-12 -2.253574747941363e-28 
5.360676420400176e-29 -5.326837175695954e-12 -5.305693627325581e-12 -5.331356362148663e-12 -3.887438844391542e-28 
1.097790970700497e-28 -1.625553875758752e-12 -1.619101646013618e-12 -1.626932964477098e-12 -1.104905142777473e-28 
4.633164120369022e-29 -2.403151828062293e-12 -2.393613117562407e-12 -2.405190615963439e-12 -1.861525666125134e-28 
-3.521244102776562e-28 -5.949622731725687e-12 -5.926007191610466e-12 -5.95467027749461e-12 -2.009713357560048e-28 
5.254074917847333e-28 -6.413191465151105e-12 -6.387735904829845e-12 -6.418632293738881e-12 -2.10684071240129e-29 
-3.56244826713478e-28 -6.974694490693077e-12 -6.94701018471274e-12 -6.980611687674039e-12 4.412306585229529e-29 
1.715271501289669e-28 -6.969199179712586e-12 -6.941536685727317e-12 -6.975111714577155e-12 -7.800233736702805e-29 
-1.854194611753574e-28 -5.317465707863161e-12 -5.296359357184658e-12 -5.321976943742374e-12 -2.49130402684795e-28 
-1.294669815686896e-23 -5.25135842517527e-12 -5.230514470865586e-12 -5.255813576904264e-12 1.333288766267656e-23 
-1.70694660541659e-28 -2.901507842605265e-12 -2.889991032472418e-12 -2.903969426187088e-12 -9.277577206862472e-29 
6.775669249338325e-28 -9.506773510598177e-12 -9.469038750037973e-12 -9.514838874836088e-12 9.568888503350908e-28 
-1.34663488042368e-29 -1.496607057805297e-12 -1.490666650131404e-12 -1.497876750517422e-12 -2.127794404264276e-29 
-1.123407320175096e-28 -2.559473799346522e-12 -2.54931460779438e-12 -2.561645207808723e-12 7.70055645816628e-29 
8.959330685805853e-29 -3.190093444541885e-12 -3.17743116587463e-12 -3.192799858611237e-12 1.523902981787694e-28 
5.031849995424856e-32 -6.52874019157118e-12 -6.502825989518643e-12 -6.534279049481392e-12 2.257104715873746e-33 
-1.895671572446124e-28 -3.169371542719631e-12 -3.156791513499376e-12 -3.172060376725072e-12 -1.123508640461455e-28 
1.362258547810166e-28 -6.097799867092402e-12 -6.073596174984823e-12 -6.102973123499868e-12 2.157136492224464e-28 
-8.779521846735104e-29 -3.336520585042797e-12 -3.323277100755276e-12 -3.339351225088619e-12 -2.803097905330324e-29 
2.393540012143209e-29 -2.166395513319618e-12 -2.157796546786366e-12 -2.16823344170603e-12 -1.343507671045581e-28 
5.031849995424856e-32 -6.52874019157118e-12 -6.502825989518643e-12 -6.534279049481392e-12 2.257104715873746e-33 
1.645274263847135e-15 -1.635509220383224e-15 -1.629017475455851e-15 -1.636896755024936e-15 -1.619665411860143e-15 
