solver_type L2R_L2LOSS_SVC_DUAL
nr_class 4
label 1 2 3 4
nr_feature 909
bias 1
w
7.143320396325205e-08 -3.470727944605335e-08 -3.852591307255135e-08 -6.669755663508115e-08 
9.341972640008619e-08 -5.429232209609418e-08 -6.063430702784438e-08 -8.500169532572554e-08 
3.125245031522531e-08 -3.526762667736521e-08 -3.982440843729078e-08 -2.697296708243391e-08 
1.337771240850315e-08 -1.915485454771795e-08 -2.181740957092922e-08 -9.202390276797019e-09 
-7.804984429584759e-10 -1.361318401891382e-08 1.998187212441848e-10 -1.206483833049635e-08 
-5.707057392571538e-11 -1.615654725970313e-08 6.315127316249747e-11 -1.599031259639474e-08 
5.406458319138632e-11 -2.062552863327633e-08 -6.866874312167043e-09 -1.008794951579709e-08 
7.749277022379363e-09 -2.192095459739837e-08 -1.036066937159762e-08 -1.716407220418705e-08 
-3.965401900916264e-09 -1.546973992739628e-08 3.389759418546195e-09 -1.417038217541362e-08 
2.186517059580768e-08 -1.341642187824005e-08 -1.505335885407659e-08 -1.948039283690451e-08 
2.763926404871899e-09 -1.005590832807918e-08 -8.862388343283106e-09 -2.769497407682266e-09 
-2.863740292562435e-09 -8.55532234436341e-09 2.725377150978782e-09 -8.377928520471556e-09 
-1.764156555699514e-08 -2.096533067470846e-08 1.797445402711225e-08 -2.082342718697925e-08 
-8.845132801211998e-09 -2.270720339366552e-08 1.13775767630219e-08 -2.205995164395747e-08 
-1.571034637450817e-09 -7.115239180309966e-09 1.788371249856989e-09 -7.134441961428565e-09 
-9.918834784686936e-09 -1.898151814051103e-08 1.0242273433585e-08 -1.845479603843941e-08 
-1.515925590192287e-09 -6.535378517072349e-09 1.683800703005661e-09 -6.887652451095319e-09 
6.366176543724196e-09 -2.216357272331332e-08 -4.788134360427406e-10 -2.653445987392374e-08 
-2.024334852406763e-10 -1.088627395817261e-08 2.015963695619106e-10 -1.101762048564848e-08 
4.649682777515741e-08 -3.051600005255366e-08 -2.157016737704668e-08 -5.466998224774339e-08 
4.779931495054788e-08 -2.885089649089886e-08 -3.233685547900527e-08 -4.281323261812472e-08 
-1.456045826702433e-08 -6.042789745693484e-08 1.482104869736293e-08 -5.973798505817106e-08 
2.060443661428268e-08 -1.05698470923911e-08 -1.16318071315678e-08 -1.920586664761775e-08 
9.460866833555578e-09 -9.719995609756783e-09 -9.276769399037465e-09 -1.008068718758026e-08 
1.08010300058558e-08 -1.103055204473091e-08 -8.642533471595553e-09 -1.245214204847815e-08 
1.463790821439157e-09 -4.455458330910284e-09 -9.960849228297892e-10 -4.867287473209563e-09 
-2.656967474118123e-09 -5.408006411662706e-09 3.196577214157137e-09 -5.828509288946602e-09 
1.604849032569905e-08 -4.217467820243229e-08 -1.5200226885816e-08 -4.282798864003162e-08 
9.272946882666437e-08 -1.030118995700167e-07 -9.530160943570881e-08 -1.001021619304889e-07 
5.827236876581043e-08 -6.600447608428803e-08 -6.009290254600444e-08 -6.401077484128484e-08 
2.216784693442397e-08 -2.369753379267898e-08 -1.449746643884131e-08 -3.009955992273182e-08 
1.167315000433596e-09 -1.444562780044581e-08 -5.468632296631265e-09 -8.941965134463443e-09 
1.082679575187947e-08 -2.639291843293253e-08 -8.191899997700881e-09 -2.84255317118038e-08 
-4.716925818885129e-09 -3.062108357408807e-08 4.624790511896353e-09 -3.049377164230345e-08 
1.258537932735468e-08 -1.279999145228116e-08 -5.36556795260881e-09 -1.970299393157248e-08 
7.006182210899638e-09 -1.41917581407773e-08 -3.154652163337915e-09 -1.788273599870141e-08 
-2.773585342196333e-10 -7.315233818040359e-09 2.368840939382706e-10 -8.061856670249325e-09 
1.311987289908022e-08 -1.21963382944634e-08 -1.222196442979467e-08 -1.29593128472658e-08 
-9.011471455924033e-12 -9.870921505168614e-09 8.510130315277256e-12 -1.027796779230909e-08 
4.002031016287913e-09 -1.166948066609626e-08 -4.686684188558163e-10 -1.481994173814902e-08 
1.656283012035918e-07 -8.329748849826007e-08 -9.247764620308207e-08 -1.538417150372415e-07 
6.814024377588298e-08 -8.658120654205689e-08 -6.827466953451261e-08 -8.607274907729531e-08 
1.909945141189561e-08 -2.041630887431729e-08 -1.38124640465107e-08 -2.474684662931594e-08 
9.774013722003327e-09 -7.838766361506841e-09 -7.213058023170541e-09 -9.927803629480001e-09 
1.090518849438684e-08 -1.139382429697841e-08 -1.297804950011064e-08 -8.197208742133661e-09 
4.891597180337343e-09 -6.236348788610403e-09 -7.045578941450095e-09 -3.397819838654938e-09 
2.448646791975067e-09 -3.16079527438289e-09 -1.154024937370769e-09 -4.348266761247155e-09 
-1.098883824816276e-09 -1.782423097465575e-08 9.003771796776942e-10 -1.763510178124623e-08 
1.240366108989367e-09 -7.05153217803566e-09 -1.424263962986651e-09 -6.978179850654477e-09 
1.249048584944446e-08 -5.801972137290711e-09 -6.412309956637383e-09 -1.17581987741769e-08 
3.257041185858457e-09 -4.148187730547641e-09 -4.868021436487974e-09 -2.060818787941533e-09 
9.650936161225855e-10 -5.627858623906155e-10 -7.887106001956396e-10 -7.366481440946187e-10 
1.122609712121003e-07 -5.766260772372862e-08 -6.339270132454646e-08 -1.046778714159774e-07 
1.474419248048096e-08 -1.032904009538793e-08 -1.056902914579649e-08 -1.4301203661883e-08 
1.840227458773838e-08 -1.328424959250427e-08 -1.298246674529956e-08 -1.808042016341792e-08 
1.437180727213106e-08 -3.399524750468424e-08 -3.777317736440817e-08 -1.104428644956992e-08 
-2.290175822939383e-14 -2.012906825685588e-08 3.307744854620799e-14 -2.54881319158188e-08 
1.899495286553524e-09 -4.948096473291897e-08 -6.954691937978553e-09 -4.283429163028671e-08 
7.111071699376421e-08 -4.177719855449952e-08 -4.582472678338393e-08 -6.606348322642929e-08 
9.333849017623077e-09 -5.901197827936314e-09 -7.718223068832427e-09 -7.787287633573322e-09 
9.88207315548799e-08 -5.148865446774857e-08 -5.245645081458805e-08 -9.645777734883938e-08 
2.994518552022934e-08 -2.679404512918713e-08 -2.940300645533268e-08 -2.640422109604226e-08 
1.461164982461985e-08 -2.478644966679381e-08 -2.681176026409387e-08 -1.126213103601092e-08 
3.992608764733231e-08 -2.774261730205646e-08 -3.18946899862469e-08 -3.415172871382365e-08 
4.209970040708188e-08 -3.123112064422621e-08 -3.514753136763069e-08 -3.632293579767695e-08 
1.168842020862295e-07 -7.967473293967521e-08 -7.978793679076212e-08 -1.15867256349899e-07 
5.621440762978671e-08 -4.732682705491696e-08 -5.164257735717731e-08 -5.115941009451935e-08 
-5.699494733727336e-09 -2.629072053436539e-08 -2.947407302711035e-08 4.679088852192885e-09 
2.895884467178457e-07 -2.216752649068967e-07 -2.978749220315244e-07 -2.134882967077557e-07 
2.928218547554697e-09 -3.755563575828005e-09 -1.922821966708008e-09 -4.661154130477293e-09 
2.259324979824983e-08 -1.321900925298172e-08 -1.269402484453551e-08 -2.266774055504004e-08 
2.044242807224179e-08 -5.703889931810988e-08 -2.09572817174376e-08 -5.630627268267915e-08 
2.537550933207276e-08 -1.360210492478246e-08 -1.382942121040034e-08 -2.472744991939191e-08 
-1.223595705225171e-09 -1.103668233387361e-08 1.420242511552164e-09 -1.110232845003864e-08 
-2.291190392383628e-10 -1.171215907650648e-08 8.904485491526247e-11 -1.171025384317022e-08 
-7.02276916218606e-09 -1.080324607884759e-08 7.297635252139599e-09 -1.089280421253521e-08 
-5.34936239962966e-10 -1.611513915366409e-08 7.02814778455237e-10 -1.624119716554255e-08 
-8.703464149517847e-10 -1.218756497410385e-08 7.677552966567687e-10 -1.215639209062965e-08 
-3.697500221472762e-11 -3.535195057899737e-08 -2.687045001166673e-08 2.349639353399748e-11 
3.431155254855675e-08 -4.620999468483927e-08 -5.215024490870586e-08 -3.111172001183634e-08 
4.509786016479429e-08 -3.362034532451089e-08 -3.785317221425364e-08 -3.897732180934316e-08 
5.235714903119833e-10 -4.504579652916519e-08 -3.555209618266774e-08 -2.674573692754775e-10 
-4.902569840181869e-10 -4.19875495198626e-08 -4.820495055821698e-08 7.8118060305459e-10 
-9.361528075019887e-17 -4.604104854033088e-08 -1.303039544285501e-08 -2.739850367823149e-08 
3.185710097256195e-08 -2.990308270684222e-08 -3.46654998864227e-08 -2.608010798572286e-08 
1.761538893540504e-08 -2.085863930047111e-08 -2.16879921296317e-08 -1.507042769300343e-08 
1.197972248377172e-07 -7.226637488869654e-08 -8.192155194261745e-08 -1.077718814908319e-07 
1.056756634864857e-08 -1.341024593590855e-08 -1.384873401659692e-08 -9.022577915270927e-09 
8.08690198626967e-09 -8.002252677959217e-09 -8.459630160832494e-09 -7.080790917816499e-09 
2.278113842717122e-08 -3.339983927774858e-08 -1.227390805319993e-08 -4.363579585349024e-08 
-5.424729718171918e-09 -3.106487207397508e-08 7.95974938245604e-09 -3.162542979334375e-08 
7.867363881386178e-09 -6.402111457118687e-09 -6.978831172871319e-09 -6.987213683518848e-09 
8.477762647516539e-09 -2.446766090259457e-08 -6.636080397219041e-09 -2.523017333775341e-08 
-1.008544758198926e-08 -2.558280469479438e-08 1.099979847323379e-08 -2.619516133552684e-08 
1.82062500722248e-08 -1.351924149142894e-08 -1.726627369858794e-08 -1.446545436459295e-08 
-5.211122211072889e-09 -2.528736462690827e-08 8.101067813542878e-09 -2.364341142459945e-08 
9.527021132047198e-08 -9.214624510529717e-08 -9.81097973718902e-08 -8.905083873610299e-08 
9.433793968395061e-08 -4.948154449731892e-08 -4.989410209951352e-08 -9.287460176753402e-08 
6.326686455459574e-08 -3.50368997981671e-08 -3.782945158928643e-08 -5.907859013633609e-08 
1.262803120396793e-08 -3.978119885758168e-08 -5.545748791192191e-09 -4.495433532213169e-08 
2.85836112380332e-08 -1.730083598457445e-08 -1.685313894636282e-08 -2.838892024289918e-08 
6.992766069809641e-09 -3.884737078481301e-09 -4.015855248114125e-09 -6.79850063070496e-09 
3.545736265486095e-08 -2.674781071625186e-08 -2.834341807210423e-08 -3.237428276665824e-08 
5.877674822119305e-09 -8.372598682131667e-09 -5.752737308421214e-09 -7.888499525594073e-09 
2.025041853767455e-08 -2.142470159623352e-08 -2.027624218712182e-08 -2.130586658063992e-08 
5.974272733975529e-08 -4.002171504213878e-08 -4.654485968596927e-08 -5.168793957351294e-08 
-1.837724642426225e-11 -4.760355290854997e-08 -5.464985173147578e-08 -4.264737781950664e-09 
-5.587579030996087e-11 -4.671413825063587e-08 -5.366545470660328e-08 5.841808465874494e-09 
-3.668164786399173e-08 -2.377329763001109e-08 -2.738382174057739e-08 3.253047016198606e-08 
3.334758427950613e-08 -1.628111469060626e-08 -1.8247906749974e-08 -3.110762311211496e-08 
2.372939504879968e-08 -2.107924821506158e-08 -2.611882062195463e-08 -1.738176771098857e-08 
3.813726566635142e-08 -2.666796381935581e-08 -3.756149192681498e-08 -2.724832185987598e-08 
2.317999465893877e-08 -1.364971717910454e-08 -1.488162488885785e-08 -2.151569601624881e-08 
2.332468062198222e-08 -1.249636804765945e-08 -1.410837180823769e-08 -2.12739675532198e-08 
2.75452340199389e-08 -1.463567450706926e-08 -1.669533835061619e-08 -2.51360589981462e-08 
1.712678889221681e-08 -8.470217564255232e-09 -9.544916481137779e-09 -1.586012058727107e-08 
2.660897503511235e-08 -4.557726670021998e-08 -2.762331915124832e-08 -4.436937129849532e-08 
4.103063492266118e-08 -3.36812516085447e-08 -3.704863005477293e-08 -3.75075911319033e-08 
6.717121746803373e-08 -4.934379410447886e-08 -6.574038820024115e-08 -5.067699846744795e-08 
3.692268572761508e-08 -3.602389002310567e-08 -3.783191184351502e-08 -3.502106579839684e-08 
2.537878551330102e-08 -1.80827013514671e-08 -2.470147543020375e-08 -1.875595555925608e-08 
1.298411145045525e-08 -7.702442242552408e-09 -9.597756002655277e-09 -1.101549785786313e-08 
8.093880844794022e-10 -1.547457711943015e-08 -3.658531178150628e-09 -1.520360446143127e-08 
2.807780711106339e-09 -7.709080398108493e-09 -2.245974047098857e-09 -8.32387397411218e-09 
-4.261954833171769e-09 -1.055397906229473e-08 4.202963445257804e-09 -1.00048930105293e-08 
-5.901335366459618e-13 -8.925377062371606e-08 2.35990130229292e-11 -1.02916241132974e-07 
-1.057556705209856e-10 -2.271251787287459e-08 -1.021512045722559e-08 -8.040364318509609e-09 
2.384138528292308e-09 -5.310844055802261e-09 -2.308555696143213e-09 -5.255417624246507e-09 
6.231405057491858e-09 -9.791615289110434e-09 -9.876517034036052e-09 -5.165671260457056e-09 
-2.291971222789377e-10 -1.171347037810749e-08 -3.651013493454074e-10 -1.030714372400653e-08 
-2.208375656999491e-09 -8.817627983028314e-09 2.233567550501694e-09 -8.57670854801406e-09 
1.330081983157754e-08 -2.821755328005913e-08 -1.10095120281472e-08 -3.012956055458868e-08 
2.338103384391396e-07 -8.317379477878735e-08 -2.372849837173288e-07 -8.304678412482214e-08 
1.97492213769318e-08 -3.594441198613003e-08 -1.08600542468662e-08 -4.275712231914072e-08 
2.754635823929931e-08 -3.070276129392671e-08 -1.19170978408181e-08 -4.594871474682348e-08 
9.266781295533167e-10 -1.087912440270354e-08 1.228986087629581e-11 -1.217762145088474e-08 
-1.151631077673133e-10 -4.480118225048335e-08 -5.027505450864046e-08 1.374294490211113e-09 
5.804843567685658e-09 -2.019331889855522e-08 -2.197871252077601e-08 -3.053146846888233e-09 
1.403181545027552e-09 -1.977233635105914e-08 -7.141265193035227e-09 -1.180343507310775e-08 
3.485346972992068e-08 -5.729500979226299e-08 -3.586904561904587e-08 -5.74806612614153e-08 
1.189453006753755e-07 -9.084949001473312e-08 -1.013795233290912e-07 -1.143807481596485e-07 
1.562474882640227e-07 -7.612467094795549e-08 -8.379685115030501e-08 -1.469339351598437e-07 
6.634701449185716e-08 -6.302832331945238e-08 -7.086533601987135e-08 -6.678090544452689e-08 
1.078496999459697e-07 -7.038924123758366e-08 -7.863327773157684e-08 -9.824248995788925e-08 
9.491482292801124e-09 -8.722655625789161e-09 -5.054475869896162e-09 -1.302212299528698e-08 
1.226683016752224e-07 -7.419480762804749e-08 -8.2750858488978e-08 -1.123122123853321e-07 
4.622829808477514e-08 -2.280275950736765e-08 -2.47971441166204e-08 -4.371664618524481e-08 
7.633811719632002e-08 -4.533198727149103e-08 -4.278449577126047e-08 -7.726999914893666e-08 
8.50943182333106e-08 -4.628025128475877e-08 -5.061575234352337e-08 -7.927862631914089e-08 
1.743790683655525e-08 -1.112158597635292e-08 -1.218831333572177e-08 -1.574732679294557e-08 
1.580787119032134e-09 -1.73221787838475e-09 -1.057636986674845e-09 -2.234448119096115e-09 
7.87702029610132e-10 -3.693380183013331e-09 -4.725297704406936e-12 -4.387981132245911e-09 
-2.450493390380931e-09 -1.133938092753818e-08 1.068601822967714e-09 -9.259521749873903e-09 
2.451939361438917e-09 -3.939121018661508e-09 -2.330569362006059e-09 -3.998691888329279e-09 
1.265588274758375e-09 -8.683715274691837e-09 -6.00090294531459e-10 -8.905499132656294e-09 
-7.030570329058019e-09 -7.891063342670234e-09 7.246386481696667e-09 -7.892496474688195e-09 
-1.664690312355435e-09 -1.825698553015307e-08 -2.101577998127311e-08 5.755977956003126e-09 
-5.424410397272918e-09 -4.702665316879883e-08 1.822272639334609e-08 -4.388968499693048e-08 
1.54813460284619e-08 -8.250574034590894e-09 -8.815873495333312e-09 -1.466254022376916e-08 
-1.097766243948681e-11 -1.939623404809101e-08 5.438245346615533e-12 -1.94878654841953e-08 
-9.642894665074502e-10 -4.560800007763367e-09 8.681047650412219e-11 -4.699752402487011e-09 
-9.855948769062202e-09 -2.950363619989538e-08 9.016370715252908e-09 -2.934470677528648e-08 
2.838215430910057e-09 -1.340378655199631e-08 -3.537240129869082e-09 -1.342927445521757e-08 
2.183952906717843e-09 -5.579622535792303e-09 -4.486945918664121e-09 -2.949819171108736e-09 
-6.717626183658915e-10 -6.616080223653221e-09 -6.436327407413419e-10 -4.843341775216345e-09 
1.973675733724398e-08 -1.835501622892078e-08 -1.647466483257248e-08 -2.192335175619419e-08 
2.086173165361385e-08 -2.83796033509717e-08 -1.683776390779125e-08 -3.235470220541348e-08 
1.325920124294969e-07 -7.162868148690532e-08 -7.906226927434954e-08 -1.228137284691064e-07 
1.253597314066808e-08 -1.837535324663296e-08 -7.309411803264642e-09 -2.30984591713188e-08 
1.246030531047863e-08 -4.726118634468919e-08 -5.312532586008165e-08 -1.413314599060174e-08 
4.322110149471058e-08 -2.339190711025234e-08 -2.613588812759506e-08 -3.950660653428726e-08 
6.239554569322052e-09 -2.074844980075168e-08 -2.379189039529463e-08 -2.198696247711589e-09 
-4.122409979062053e-08 -2.528637720339895e-08 -2.904226308251168e-08 2.624007286286003e-08 
2.618160115942425e-08 -1.500127165681993e-08 -1.41517063016708e-08 -2.662599317389788e-08 
-2.668493926953306e-08 -4.13466700108454e-08 2.678648829412777e-08 -4.087992091661669e-08 
9.667990421750687e-09 -6.910647516251853e-09 -8.67234479443067e-09 -7.967968093054279e-09 
-1.503389133048315e-08 -2.49431836553983e-08 -2.58567341013757e-08 1.418524588299233e-08 
-2.59910829180857e-08 -2.424351569175628e-08 -2.587265497368704e-08 2.432674822096311e-08 
-1.554249959752571e-09 -4.416568654970688e-08 1.510503458382707e-09 -4.37923835131133e-08 
1.935994511979458e-09 -6.448765587808909e-08 -2.189684967679072e-09 -6.353029089881158e-08 
3.521052719335599e-08 -2.833792605124127e-08 -3.15296524422947e-08 -3.07050424767643e-08 
2.366360797281729e-08 -2.818480249956787e-08 -3.170916690598483e-08 -1.896515197008815e-08 
1.574870382344021e-08 -1.549142369833742e-08 -1.425751168654642e-08 -1.588435480187141e-08 
7.596501314473212e-08 -7.163082084913397e-08 -7.727665455746601e-08 -7.026851719506764e-08 
7.178208991532273e-09 -2.061519968117595e-08 -8.300743098266685e-09 -1.865463600124317e-08 
-1.896575054559773e-13 -3.61328480140155e-08 1.928763813827923e-13 -3.614826577659981e-08 
2.0498935296438e-08 -2.195812138675697e-08 -1.574887456134434e-08 -2.650507072298505e-08 
2.172776469063241e-09 -7.17798389593921e-09 -2.258705009260473e-10 -9.025691501628454e-09 
1.368120209976222e-08 -7.294837114187269e-09 -8.459654603448063e-09 -1.244242398795125e-08 
-2.522308533414015e-17 -2.374947257782852e-08 1.378947726000448e-13 -2.396515006025654e-08 
-1.131373923513575e-15 -1.947362815641548e-08 3.49830388433122e-15 -2.383841236174786e-08 
1.992401791841127e-08 -1.8631402531115e-08 -2.075535192437819e-08 -1.625697888622016e-08 
3.083786338941191e-08 -2.654743192412187e-08 -2.790392034216189e-08 -2.79907209839046e-08 
9.470636194790417e-10 -1.415155233653988e-08 -1.214005520065705e-09 -1.495668884521417e-08 
-2.89974212231621e-09 -1.683803838065844e-08 -1.942861761053798e-08 7.02678875806973e-09 
1.215411601325058e-10 -3.430018372119555e-09 -1.951278334171242e-11 -3.357419142554742e-09 
-1.058507882614204e-08 -2.228526221112024e-08 1.144978033136965e-08 -2.18954376455993e-08 
-7.834705825488243e-09 -9.828383797614622e-09 8.163082123644759e-09 -9.930624678826222e-09 
5.391369252208793e-08 -3.315519680546688e-08 -3.998227006237272e-08 -4.636883662562419e-08 
-3.878912510640159e-13 -3.266626156671045e-08 1.251214329056039e-13 -3.341374309583525e-08 
7.082969038746534e-09 -9.674426958373032e-09 -6.024642662117964e-09 -1.023204292621416e-08 
1.825590566837425e-08 -3.870123706986169e-08 -2.683722463323722e-08 -2.591498200972498e-08 
4.559331377864695e-08 -5.109444480578016e-08 -4.539012046345416e-08 -5.197389462288428e-08 
9.570096241327719e-08 -6.344029036094224e-08 -9.58331960995757e-08 -6.373869195823284e-08 
2.692534361719652e-09 -4.656368615988781e-09 -1.924985228301602e-09 -5.227473540264121e-09 
7.69637456396214e-09 -6.41945084748761e-09 -7.280780953406019e-09 -6.729061099288926e-09 
9.243685064790783e-09 -1.047714752256523e-08 -9.332891311944601e-09 -1.030065980583285e-08 
3.691063687852067e-09 -1.143439783724063e-08 -2.88793829813781e-09 -1.18134114666783e-08 
2.405372537485517e-09 -1.061983256554185e-08 -3.693914040278704e-09 -8.719402036916175e-09 
-1.709185076063373e-08 -3.545841683623013e-08 1.722914219532912e-08 -3.491173041861096e-08 
-5.142416230429192e-09 -2.782081639930343e-08 5.319469275272272e-09 -2.744756183391289e-08 
2.624491062968121e-08 -3.521133102162901e-08 -2.657611174404966e-08 -3.478233348110573e-08 
9.605718555520022e-10 -1.949457790939667e-08 -2.522955607107494e-10 -1.85850993484756e-08 
2.731234963332206e-08 -2.093002321811e-08 -2.807954936470934e-08 -2.016803300333317e-08 
1.099344304523283e-08 -8.22530912744603e-09 -1.100806248911764e-08 -8.14547152406176e-09 
4.756424234564266e-09 -9.013179088187009e-09 -1.05007226187425e-08 -2.131922915460848e-09 
-2.087359535745602e-09 -2.392545172351887e-08 2.082533066131312e-09 -2.357329055454129e-08 
9.18772260015467e-09 -4.793942961557269e-09 -5.298485710303863e-09 -8.517902380574271e-09 
-1.059697276628049e-08 -2.109561943152571e-08 1.088268018165696e-08 -2.086663454480869e-08 
1.250605212653133e-07 -7.54568427009176e-08 -1.271747801065188e-07 -7.463099960621653e-08 
-1.98671316787923e-09 -2.484644953476184e-08 5.343232651502253e-09 -2.778284534691242e-08 
-8.363571363707011e-09 -1.542895947740806e-08 9.147942163338131e-09 -1.592685806339171e-08 
7.299849522155981e-08 -3.709762303249948e-08 -4.07394193334664e-08 -6.821864169977248e-08 
2.102050848041812e-08 -1.035459288879404e-08 -1.16200285680992e-08 -1.946669276319686e-08 
3.838315955256725e-08 -2.246565496470569e-08 -2.359547418250886e-08 -3.644923789442946e-08 
9.479112696807185e-09 -9.28321128256264e-09 -4.324326982879086e-09 -1.426791426127612e-08 
1.538705300933311e-09 -9.575148594996772e-10 -9.799368577224487e-10 -1.502929228725003e-09 
-1.889594692298975e-08 -3.32272039290193e-08 2.005162675890061e-08 -3.369831951470833e-08 
3.142047253686966e-09 -2.640821141631708e-09 -2.622943047484235e-09 -3.17857508545067e-09 
-1.495098038524482e-08 -3.137820220552786e-08 1.504682143918877e-08 -3.098340761316511e-08 
-4.100666479803627e-10 -3.78810586606445e-08 1.83672579610216e-10 -3.748868584058851e-08 
-1.561192326701642e-09 2.757755934316842e-09 -2.903207402031204e-09 -2.151126074285284e-09 
-1.942236581252297e-09 4.738433905784744e-09 -4.826532409732688e-09 -2.37474222912066e-09 
-1.75564433396686e-09 2.534197001868262e-09 -3.698609144897919e-09 -3.527195114063411e-09 
-2.522700210156178e-09 9.793561362253511e-09 -1.005122625786973e-08 -2.700513352883765e-09 
-3.899362101897917e-09 4.915239471047037e-09 -4.875212511441466e-09 -4.345739667459832e-09 
-2.526489404531866e-09 1.307638007181294e-08 -1.432686396269799e-08 -2.971129844403834e-09 
-2.059657152357284e-09 5.029969507827681e-09 -5.104552740646097e-09 -2.346114886627241e-09 
-2.605033357462228e-09 6.833630786214368e-09 -5.789487331737804e-09 -2.864482807185575e-09 
-4.794667684587912e-08 7.256738782022697e-08 -6.544439116523709e-08 -5.357797022748449e-08 
-3.673356798682125e-09 -9.508316304786894e-10 1.365272156409243e-10 -3.846852327249227e-09 
-9.006681445969089e-10 1.096013198492433e-09 -1.114698969672567e-09 -1.143947426708471e-09 
-2.933104621533561e-09 1.075751295576205e-08 -1.996193273482088e-08 -2.926406836044252e-09 
-5.692240473218101e-09 1.664567021112034e-09 -1.316229451013008e-09 -5.584946360362467e-09 
-3.195931491809753e-09 8.886021017884807e-09 -1.128962253455223e-08 -3.102233651216838e-09 
-1.827147486056793e-09 2.526568285380372e-10 -6.105232600328528e-10 -1.90428495480921e-09 
-1.65313318417799e-09 1.884965588416453e-09 -1.740112266575282e-09 -1.735897939281995e-09 
-1.256129237331071e-09 1.753677452485901e-09 -1.745676285513793e-09 -1.536727102817664e-09 
-3.40856054855997e-09 -1.881769848741146e-09 2.165945952273041e-09 -3.286242934782101e-09 
-1.461554263677636e-09 1.621272779995699e-09 -1.386587298770968e-09 -1.561482560580463e-09 
-1.124721354735326e-09 7.587213583052324e-09 -5.997058746206601e-09 -1.181704507009784e-09 
-4.942027465798966e-08 7.445704813994914e-08 -6.715889452453124e-08 -5.503224500650001e-08 
-7.196898045528575e-10 2.488913119976074e-10 -9.373648673411157e-10 -1.407689376089075e-10 
-2.513801505636293e-08 3.730355975114507e-08 -3.357744865384407e-08 -2.793874248676205e-08 
-1.287719010378304e-09 1.214469110236528e-09 -1.082063311313687e-09 -1.330847707534952e-09 
-2.541487724493016e-09 2.459343803158795e-09 -2.059565836798541e-09 -2.678552465798088e-09 
-6.419693679739983e-10 6.129425541550134e-10 -7.151608022567709e-10 -6.822506691123877e-10 
-4.520030266217391e-09 -7.917095825880529e-11 9.804159466382185e-11 -4.409913710660555e-09 
-2.284244527389543e-10 1.219960514903925e-10 -1.503692661805488e-10 -1.627902565184092e-10 
-7.848284811391526e-10 8.843357513261716e-10 -8.060137493295793e-10 -8.019100346818357e-10 
-3.414301920064453e-10 -6.849857727055272e-14 -3.839252512405966e-11 -5.024539996075843e-10 
-2.888523831681796e-09 3.580872299508037e-09 -3.420138180296784e-09 -3.016773672394304e-09 
-3.855611985692151e-10 1.085233647739226e-09 -1.933483853899873e-09 -2.256238454183927e-09 
-2.420088551284919e-09 2.774667477706283e-09 -2.565007898799709e-09 -2.71461420243907e-09 
-2.470871033018584e-10 -8.638652581631562e-12 -1.008810527450875e-11 -2.581459744919996e-10 
-3.500811404131356e-09 5.388850991638034e-09 -5.577431259265687e-09 -5.349215869489348e-09 
-1.659395242745564e-10 2.977286777914704e-10 -4.700143030876019e-10 -5.15335526186973e-10 
-2.28779304239184e-09 2.521721255210142e-09 -2.474513366510114e-09 -2.468137311904068e-09 
-1.152305041776904e-09 1.930922596434042e-09 -2.390712899731303e-09 -2.287522913763833e-09 
-1.863687211875978e-08 2.80192011300284e-08 -2.536404101565886e-08 -2.089103394057289e-08 
-1.288169380161573e-08 1.904003655145526e-08 -1.692550175629856e-08 -1.39297967430624e-08 
-2.999225113363605e-08 3.960401043344754e-08 -4.156943036328224e-08 -2.855606470080248e-08 
-1.18694846757483e-09 1.568112060485873e-08 -1.987955647534856e-08 -1.390495381830857e-09 
-3.12864334443772e-10 1.138110892892245e-10 -7.655211631895504e-11 -3.121326696700541e-10 
-6.125251074037474e-11 -1.580632590092906e-11 -2.710384657955848e-12 -8.34539007405371e-11 
-1.302950890479024e-09 1.26443565971948e-09 -1.088187333592765e-09 -1.366950941230593e-09 
-6.5787157734767e-10 3.589248805096392e-09 -2.840831528077501e-09 -7.06774645367793e-10 
-8.734948266777874e-10 7.141179664982408e-10 -6.121232315889039e-10 -9.097249846043443e-10 
-5.479588766822055e-10 6.461850974378109e-10 -6.119556008280567e-10 -6.139146019964401e-10 
-4.700918009961667e-10 4.473840244518782e-10 -6.285137854578629e-10 -3.890696460574718e-10 
-2.101378926597842e-09 3.150882614190524e-09 -3.02460500022564e-09 -2.629892699776379e-09 
-9.67920159471707e-10 2.516825018393782e-09 -3.71892130827815e-09 -3.166604988846721e-09 
-5.183515559205724e-09 4.202560028465906e-08 -6.396012240610045e-08 -5.719669554107724e-09 
-1.227082116871007e-08 5.78181722968178e-08 -6.862996050697795e-08 -1.305098370151996e-08 
-4.553431058221376e-09 1.322731420524255e-09 -2.135828039921676e-09 -6.637324347863617e-09 
4.990668341646504e-16 1.273658929987569e-09 -8.192083159944574e-09 -1.112066660146802e-08 
-1.941449875023186e-10 1.276205832341652e-09 -3.631674017277908e-09 -4.303966384616361e-09 
-7.278203310964711e-09 3.486725814192713e-10 -7.004691853658126e-11 -7.803586198022473e-09 
-4.757090932102529e-09 3.608997371207814e-09 -3.282758728872121e-09 -5.028197564605662e-09 
-4.291774411416763e-08 -2.95907372828709e-13 -8.159869623725153e-13 -4.182348205730969e-08 
-1.174100267042152e-09 2.7554680225939e-09 -2.205183270462957e-09 -1.265735867055089e-09 
-1.221367957188359e-09 2.145289016697624e-09 -1.701369921412722e-09 -1.207421982565177e-09 
-1.870662398805447e-09 1.574223466628641e-09 -1.307736137967016e-09 -1.98386587373732e-09 
-1.100127674469644e-08 1.577482906639769e-08 -1.481307860805444e-08 -1.269832789173362e-08 
-2.163779474301229e-09 6.209987930975859e-09 -4.813566381684746e-09 -2.22931289803705e-09 
-4.266781962762412e-09 2.93976569401807e-08 -3.459941859958889e-08 -4.990921774073572e-09 
-2.117083241499362e-09 2.446228617470903e-09 -2.20392183392755e-09 -2.377379136946527e-09 
-1.876926879371515e-09 2.638299223521603e-09 -2.789145703836198e-09 -2.683481660041994e-09 
-1.587779343996822e-09 2.71712754978194e-09 -2.890407034290573e-09 -1.935788931639178e-09 
-1.876802317144832e-10 4.043178013472874e-11 -9.097642260467847e-12 -1.668482215444382e-10 
-7.421862943616735e-10 3.404637299881888e-10 -9.435059000197921e-10 -2.155149213943882e-10 
-1.907888666633586e-09 2.481314423074234e-09 -2.262860553714823e-09 -2.017435066827264e-09 
-1.76203557591411e-09 4.794613081403746e-09 -3.957930936753312e-09 -1.916422066509965e-09 
-6.106384407787436e-10 -1.642075221508449e-10 -6.198690435310489e-10 -4.803351254035152e-12 
-5.279684059165345e-10 6.714643693514295e-10 -7.053012750102835e-10 -6.562896224157495e-10 
-1.153660090601575e-09 1.074605408087403e-09 -9.080493633813808e-10 -1.22967057597807e-09 
-6.379412171101741e-10 3.246019098890758e-10 -7.680474062471387e-10 -2.443207507023818e-10 
-3.050052733294088e-09 4.333782700442262e-09 -3.837085447920807e-09 -3.336231767641399e-09 
-3.279626568848654e-09 5.242391385475199e-09 -1.808079975309034e-09 -3.484022794856441e-09 
-3.671752008177498e-09 -7.340847295931749e-09 9.684116932310039e-09 -3.900408673018549e-09 
-1.392685003070756e-08 2.689245963660835e-11 -8.682780090090254e-11 -2.285714706882717e-08 
-3.789810917305509e-09 1.828076320724689e-08 -2.079343556768046e-08 -3.866354360276651e-09 
-5.048759743708995e-09 -1.806610765651617e-09 -1.027263009426101e-09 -5.152778692263456e-09 
-2.917128854305113e-09 3.285973288402582e-09 1.708379606703358e-09 -3.942090454026962e-09 
-4.070870079869685e-09 -4.126022034451881e-08 3.056297701334e-08 -4.313726031699162e-09 
-6.781547559343929e-09 3.348225665423792e-09 -3.23022501487909e-09 -6.474846870003414e-09 
-4.194526326374104e-09 -8.090381155134067e-09 1.239113389025448e-08 -4.422576132802125e-09 
-3.038283995995029e-09 1.542934753196197e-08 -1.76671104019338e-08 -3.403138272841703e-09 
-1.305291531483566e-09 2.997629182201802e-09 -2.545141365370796e-09 -1.468484411789147e-09 
-2.819042246618916e-09 1.448901146027096e-08 -1.547366047073028e-08 -3.084147476872875e-09 
-1.944848195447603e-09 5.4246099541251e-09 -5.312011089973224e-09 -2.11301306753504e-09 
-1.516941861951684e-09 4.033799573410774e-09 -3.444613035628077e-09 -1.827801031226882e-09 
-2.287277890069915e-09 1.119691925531905e-09 -7.914790657374387e-10 -2.373488594051773e-09 
-1.890135933235766e-09 3.38672736476921e-09 -3.878902085067179e-09 -2.450683064693171e-09 
-7.321334733595166e-10 5.681865824434863e-10 -4.17758030669323e-10 -6.871493785628672e-10 
-3.187828038614092e-09 2.984294822102613e-09 -2.70080620851974e-09 -3.804277209565615e-09 
-1.125692785440108e-09 8.798275645208531e-10 -6.772994094070123e-10 -1.156597952377898e-09 
-3.079220969645363e-09 7.361266906792134e-09 -6.697382491873367e-09 -3.018004829048494e-09 
-1.514526564382619e-09 1.146072368204971e-09 -9.382706104716864e-10 -1.561935561067535e-09 
-2.147756121357058e-09 3.178500138999939e-09 -2.548165321962963e-09 -1.73141609736891e-09 
-1.569729152914385e-09 2.407911038232739e-09 -2.197377624810048e-09 -1.591150075670676e-09 
-2.877078192837292e-09 1.207273507253824e-08 -1.206401067687865e-08 -2.994472101369516e-09 
-1.133546274147923e-09 -2.314709434745534e-12 2.011102427255986e-12 -1.073596706608808e-09 
-1.40351782363027e-09 1.801113196502849e-09 -1.578244552786942e-09 -1.488234343090289e-09 
-1.580156355744958e-09 2.301785258757397e-09 -2.119533782100629e-09 -1.676211551627297e-09 
-1.942935529126015e-09 2.443798064409343e-10 -1.364639043283482e-09 -3.864545353481796e-10 
-8.933024098244038e-10 4.380069080294687e-10 -3.048574465613197e-10 -9.719166930579321e-10 
-2.129811168808748e-09 3.074419951579248e-09 -2.644577155632711e-09 -2.286031976401336e-09 
-2.808090087327779e-10 -3.430211199999826e-13 1.174324638728112e-11 -2.828458627152733e-10 
-5.706379533129501e-10 -1.54694172230133e-13 9.237813938541599e-15 -5.490986601063317e-10 
-1.761281636260572e-09 4.645331855124498e-09 -4.09036749169629e-09 -1.849291338895259e-09 
-2.817654815124044e-09 -2.300870509605137e-10 -3.9794472879857e-09 1.903585872964998e-10 
-9.183847967325361e-11 9.72309211176328e-11 -5.106120799514295e-10 -4.31628310308704e-10 
-1.454456711808577e-09 3.313257481494427e-09 -2.944515553290035e-09 -1.590013782512305e-09 
-6.811547148810825e-11 7.02870979375478e-11 -7.797690309514834e-11 -4.516772736599878e-11 
-4.763006133982648e-10 2.224424042437216e-10 -2.260053225259379e-10 -5.573038474850005e-10 
-2.376002226963623e-10 -2.430392921603005e-14 8.684977939365632e-14 -1.846604981585067e-10 
-5.147415034210638e-10 5.298958656065949e-10 -6.90311380325354e-10 -3.245997475670692e-10 
-5.897958460910081e-10 9.349312078249216e-11 -4.999868889801308e-11 -4.558354723395702e-10 
-5.505762750631519e-10 1.457788257282239e-10 -1.471280774685016e-10 -5.223382342685212e-10 
-9.08625667079343e-10 -1.89313615793266e-12 1.600843085133233e-12 -8.411052121174695e-10 
-4.069128361271763e-10 1.090621299276613e-10 -3.038959636558731e-11 -3.720682905534649e-10 
-7.153041966522388e-11 -9.018668843200941e-13 5.081910912282605e-12 -9.134130372864131e-11 
-8.593430437467205e-09 1.154216849236249e-08 -1.065054219106426e-08 -9.143289590123962e-09 
-3.574904017234431e-09 4.518726797438298e-09 -3.936029337327987e-09 -3.85403267665874e-09 
-3.034046221125577e-09 -4.568166410603469e-14 1.980065152680572e-14 -3.270559340508643e-09 
-3.243495250918651e-08 3.240272397810321e-08 -4.418297562209596e-08 -2.452815864603704e-08 
-6.585774327950859e-09 9.746639493025779e-09 -8.779148224917515e-09 -7.089337581755737e-09 
-2.368071437346097e-09 6.817423993494426e-09 -5.511990896572302e-09 -2.486672431339069e-09 
-8.401448959725652e-10 3.543626711105698e-10 -1.236822170848981e-09 -1.521619190771823e-10 
-2.205242942209463e-09 3.228500697372936e-09 -2.832252523099364e-09 -2.383776015287897e-09 
-4.517729825865132e-10 2.911329923041207e-10 -3.011201443471531e-10 -5.120375937129798e-10 
-2.330486062333874e-09 -1.357760999083777e-13 4.206477427671343e-13 1.216158906705242e-13 
-2.756991937183921e-08 4.120256255620004e-08 -3.738468388560554e-08 -3.039040656195277e-08 
-3.152795192310855e-09 3.634956103321574e-09 -3.451102821458716e-09 -3.120084188438171e-09 
-9.460400739408162e-09 1.085375028464971e-08 -1.153797207174848e-08 -8.570995781265995e-09 
-7.051660835941821e-10 5.947185098900157e-10 -8.220066557088847e-10 -4.465712405752493e-10 
-4.255006897517941e-09 2.088160334096782e-08 -1.761776090550085e-08 -4.524790780309359e-09 
-3.47959247021865e-09 8.75579905734147e-10 -3.350756759908912e-09 -1.4041079123436e-09 
-1.169823115476604e-09 -4.183398137555058e-10 -1.290011213636328e-09 5.489289533964382e-10 
-6.07084559254175e-10 -3.2981296527748e-11 -6.92098830938443e-10 3.326692377875708e-12 
-1.217898706304343e-09 2.042932439956493e-12 -1.535206946628017e-09 9.422492604219448e-11 
-2.218073203710009e-09 1.343999539460788e-09 -3.285150813993574e-09 -1.812510779004204e-09 
-5.283431857694819e-09 1.154840484571513e-08 -1.171322638728419e-08 -5.759762826902272e-09 
-2.505311315187424e-08 2.329161739830754e-09 4.032236430396443e-09 -2.747671803835854e-08 
-1.560943061632126e-09 1.759538308168468e-09 -1.669135115677154e-09 -1.538890399188835e-09 
-1.662634791325787e-08 1.770306237058185e-08 -2.19913544428341e-08 -1.383316886349229e-08 
-6.476519413548819e-09 9.338102253599403e-09 -8.612592296068217e-09 -7.219541289581777e-09 
-4.699177014119398e-09 6.840036326351812e-09 -6.064818379236545e-09 -5.199719645464604e-09 
-2.151971001966285e-09 1.045151471402118e-11 1.337937975730658e-11 -9.541349723577568e-10 
-6.791055474107761e-08 1.024804600836503e-07 -9.238872687391082e-08 -7.572886748741965e-08 
-3.509382965553588e-09 4.701357614671676e-09 -4.293874309797074e-09 -3.814922991958061e-09 
-1.554064499735081e-09 1.360038783687487e-09 -1.254162759739541e-09 -1.602456482655136e-09 
-2.667896530090884e-08 4.011916431243767e-08 -3.617896364108332e-08 -2.97747484001692e-08 
-1.386500507976039e-09 1.33247983515668e-09 -1.142795940672778e-09 -1.476259294830582e-09 
-7.07568533630294e-10 3.912168646158517e-10 -3.231552879004816e-10 -7.495445717673298e-10 
-1.076432697795734e-09 9.632497466292813e-10 -8.972501805262559e-10 -1.246802933894443e-09 
-2.069746671329246e-09 3.036350174785371e-09 -2.83714428379904e-09 -2.421356952436139e-09 
-2.849270651095533e-09 1.55192119481204e-09 -1.335038748595629e-09 -2.979324517852378e-09 
-2.154874601920724e-09 1.890227658497446e-09 -1.605739121702387e-09 -2.27397633930203e-09 
-1.557245944556105e-08 2.362497987917008e-08 -2.158702603402265e-08 -1.793646430206487e-08 
-7.728150689418207e-08 1.140625753325752e-07 -1.026799627506286e-07 -8.606620169690258e-08 
-8.427020019265873e-09 1.222492580787468e-08 -1.111969806039018e-08 -9.396919620203065e-09 
-4.763360006722063e-08 7.183434357323334e-08 -6.474971481958797e-08 -5.311135891837178e-08 
-9.44943973495217e-09 1.335021633846784e-08 -1.204508728528673e-08 -1.044432552522977e-08 
-5.272860307708535e-09 7.430412359014298e-09 -6.77532148167592e-09 -5.95156006991609e-09 
-3.595297686235355e-09 6.490782807168116e-09 -6.709073148873936e-09 -3.64220771657579e-09 
-2.187540232784151e-09 8.210234739690808e-09 -8.117167059063031e-09 -2.31415653002069e-09 
-2.278388713800525e-09 1.250885023196278e-08 -1.242112525479556e-08 -2.429861965949068e-09 
-1.232214744618289e-08 1.834454317610915e-08 -1.653588730540244e-08 -1.365200395136193e-08 
-1.471583294653063e-08 2.216332759927869e-08 -1.990367600087206e-08 -1.631464589185967e-08 
-1.973359387093216e-09 6.017150457312147e-09 -6.003160675903273e-09 -2.198594200843271e-09 
-1.98308481516468e-09 2.418460178054925e-08 -3.227929129516927e-08 -4.284988567027257e-09 
-1.69179950281718e-09 2.376518010643606e-09 -2.126732801939899e-09 -1.776843514362531e-09 
-2.258693535778112e-09 4.129807137479066e-09 -3.974621337693105e-09 -2.43552064013153e-09 
-1.004071894963562e-09 5.425008368446827e-10 -1.249660467472212e-09 -5.477087006279978e-10 
-4.854237209190082e-09 -2.908457946433379e-09 3.450518781541742e-09 -5.196643054621127e-09 
-4.779983825137943e-08 1.515039142633287e-08 -6.718843061573561e-08 -1.258029494917767e-08 
-3.749233403005348e-09 6.926222869896948e-09 -5.720982638642166e-09 -3.888632615323768e-09 
-6.39622503948924e-10 7.012667884997235e-11 -1.923043094527067e-11 -5.928478287810891e-10 
-1.33488894052755e-10 -6.202941255497212e-14 -5.987556414433215e-11 -2.321166327101976e-10 
-9.143061384300755e-10 -8.276785573463155e-11 -1.066685527148919e-09 2.784634393902914e-11 
-5.259200714579845e-10 4.996802829879337e-10 -6.550616572765397e-10 -3.402928432890594e-10 
1.728288110703428e-11 -9.941825214517351e-12 -7.042783949754519e-10 -8.028355962871066e-10 
-4.965766365412188e-09 6.272048079247911e-09 -5.565384295620957e-09 -5.381569495049964e-09 
-4.707011526968133e-08 6.975905383748387e-08 -6.315228290199879e-08 -5.247451768911403e-08 
-1.345122973356777e-08 1.17897819404875e-08 -1.22117285520575e-08 -1.511749374337735e-08 
-6.100797494474563e-09 8.404932360891574e-09 -8.573593559120058e-09 -6.839270313980312e-09 
-3.449367372262168e-09 4.398651944559546e-09 -4.344906924789682e-09 -3.959200798589183e-09 
-2.42533637744862e-08 3.453416127887918e-08 -3.237440847194781e-08 -2.794827215242473e-08 
-1.561736493429876e-09 3.566015479532172e-09 -3.319986619139546e-09 -2.033635387961889e-09 
-8.490681431619551e-10 1.264709208828716e-09 -1.415575902245318e-09 -1.194852662799685e-09 
-1.118055412028043e-09 1.537680721839207e-08 -1.334091692396135e-08 -1.325278295835272e-09 
-3.799738790595972e-09 4.954678633048539e-09 -4.504907543726955e-09 -4.577122257899822e-09 
-1.067334755922858e-09 -9.209664031453146e-11 -9.982816996270751e-11 -8.705006259264491e-10 
-5.606991836998269e-09 -1.974055648807644e-13 1.494755583003279e-13 -6.229989369439345e-09 
8.920967005250612e-18 -4.795080058394549e-13 -5.941837215958455e-09 -5.187142896069031e-09 
-3.155917857479924e-09 1.211004770814402e-12 -3.801548377886076e-09 6.084654758278464e-15 
-3.909802440047282e-09 4.83165648436553e-09 -4.653718769793164e-09 -4.79374775699421e-09 
-7.199870821445226e-09 -2.927384463813954e-13 1.268333182854037e-12 -6.214629685259863e-09 
-7.916173597823742e-10 3.889831880183113e-10 -7.425577218539471e-10 -4.281373288854819e-10 
-4.304317168834077e-10 4.045959640925421e-10 -4.196559264898134e-10 -4.862604431442778e-10 
-6.838214851080038e-09 9.579714139385841e-09 -8.581285287260768e-09 -7.538438638227548e-09 
-1.161448533143529e-09 3.668794862800561e-09 -3.018550664522699e-09 -1.289642707594947e-09 
-8.241953921990186e-10 1.302343156797487e-09 -1.085063805140293e-09 -9.133434009653429e-10 
-6.382997788424342e-10 7.543550688139226e-10 -7.114323301000501e-10 -6.328091221229372e-10 
-2.763663058457686e-10 5.376378978345918e-12 2.537293405432134e-11 -2.457979886775067e-10 
-1.460749329605635e-09 1.718892756271606e-09 -1.465540595647196e-09 -1.559799535704163e-09 
-1.051578816596539e-08 1.556297021542548e-08 -1.418566509225823e-08 -1.152162219898606e-08 
-3.384470384487447e-09 4.471458412579477e-09 -4.009719316439486e-09 -3.694121055109159e-09 
-1.104007919288149e-09 1.328210116190917e-09 -1.273198002959178e-09 -1.309568894748518e-09 
-3.678143875211384e-11 1.668161757989308e-10 -6.505322032083115e-10 -6.496185254729618e-10 
-3.041639563363153e-10 2.97721429650255e-10 -3.221846367724233e-10 -3.673882467342382e-10 
-7.962567148433771e-10 5.833219864659615e-10 -4.7071373993175e-10 -8.224234168746651e-10 
-1.417871200235615e-09 1.853275167092496e-09 -1.694623657276801e-09 -1.492488797750961e-09 
-2.103833346539994e-09 6.683161354053132e-09 -6.484957658309695e-09 -2.26648055093863e-09 
-1.452530079962467e-09 5.572396318686134e-09 -5.672361173838565e-09 -1.53242373048815e-09 
-4.019551578553255e-10 2.572641739907577e-10 -2.776452860862296e-10 -4.151825178724037e-10 
-1.075053179659325e-09 1.62383441147888e-09 -1.572534802886929e-09 -1.186384724389849e-09 
-1.280199671785474e-09 6.84197206764582e-09 -5.502645615620037e-09 -1.477065883933422e-09 
-1.330868371359604e-09 7.470033988528856e-10 -5.826328311187108e-10 -1.430641425764574e-09 
-3.844592732478183e-09 5.389856975452094e-09 -5.250343662143715e-09 -4.09791566483042e-09 
-2.125329907553959e-09 7.669225651640277e-09 -6.280928721613747e-09 -2.57662611845423e-09 
-1.708838963628193e-09 7.217549636274497e-09 -5.852917393698336e-09 -1.939501134353069e-09 
-3.641819878890896e-09 8.319308784548398e-09 -7.244112940921647e-09 -4.206231085470434e-09 
-1.44639087678195e-09 3.539357229678202e-09 -2.933290897872601e-09 -1.56095794570327e-09 
-2.502375589654976e-10 -1.132545803462116e-11 1.454238790664661e-11 -2.381457695140282e-10 
-5.556102447559212e-10 4.782304266919176e-10 -4.546422694327561e-10 -6.882686758437375e-10 
-1.25632206333755e-07 2.817252301624672e-11 -2.988796913964491e-11 -1.157276078000146e-07 
-9.525343746125307e-08 -8.879209538476689e-08 9.687435954915697e-08 -8.779376280040292e-08 
-1.166464122143188e-07 -1.088756643095426e-07 1.184220161795025e-07 -1.079285781280696e-07 
-4.022913531527209e-07 -3.745962873230192e-07 4.090045063722755e-07 -3.705413819295518e-07 
-6.165880821413777e-08 -5.501882800885581e-08 6.0133186426705e-08 -5.703756527054758e-08 
-4.284585914054261e-09 6.259987150704483e-10 -5.333628320495161e-10 -4.128804363685415e-09 
-1.15033700318581e-07 -1.073455985600916e-07 1.168822298631394e-07 -1.062771875262659e-07 
-3.654757023412431e-08 -3.426562439393981e-08 3.710137519593428e-08 -3.396649892419548e-08 
-4.504660767427085e-09 -3.9341764427578e-09 4.275221082795841e-09 -4.223652449286086e-09 
-1.493732911590941e-08 -1.414296915432259e-08 1.480457350224291e-08 -1.441253906089237e-08 
-8.813854481755739e-09 -7.73001768407018e-09 8.473559862684783e-09 -8.177688656917991e-09 
-3.357202502403796e-08 -3.204208764779533e-08 3.383468600189382e-08 -3.21937539961472e-08 
-4.978366377465188e-09 -4.311790788059188e-09 4.671976593125248e-09 -4.689699444629821e-09 
-1.765573920354817e-08 -1.649566173489076e-08 1.778810545936196e-08 -1.64895581661962e-08 
-3.172418528287051e-09 -2.473876862097203e-09 2.738903043910371e-09 -2.974595693835605e-09 
-1.464508470065191e-08 -1.364476083892738e-08 1.472684321891649e-08 -1.367108622203029e-08 
-1.926615064424185e-08 -1.792365983007617e-08 1.949980309563145e-08 -1.778766295062794e-08 
-8.98803594665302e-09 -1.058652761518635e-09 4.075167603581405e-10 -8.451768958821714e-09 
-2.580670838104241e-08 -2.304979765198093e-08 2.504842735363612e-08 -2.398571422079103e-08 
-4.687408060311166e-09 -1.332053075288894e-09 1.296796336222067e-09 -4.445118792853984e-09 
-5.360328690332222e-08 -6.543128479986703e-08 5.454227583736297e-08 -6.468231022412936e-08 
-7.124610887336201e-08 -7.210549570722365e-08 7.243967651908039e-08 -7.128996369615128e-08 
-1.528055183124825e-07 -1.424196590826298e-07 1.553960587716574e-07 -1.408368709893033e-07 
-6.562208297954385e-08 -6.613283655001837e-08 6.669466626371555e-08 -6.540539276666992e-08 
-3.370134847252082e-09 -1.885619633144361e-09 2.159923572125345e-09 -3.217403873349907e-09 
-3.798881289429024e-07 -3.53181046313105e-07 3.859188963475125e-07 -3.498350283718022e-07 
-6.180424618982663e-07 -5.771216327595068e-07 6.285421233325558e-07 -5.706415731524326e-07 
-5.207051059313853e-07 -4.851208114940626e-07 5.295697996751954e-07 -4.796780326136743e-07 
-6.634148610409222e-09 -5.96075058556829e-09 6.382908199556812e-09 -6.261414908603706e-09 
-1.49150393850224e-07 -1.397688459556636e-07 1.514550845083833e-07 -1.383516678095989e-07 
-5.872544261303631e-09 -5.00485779668614e-09 5.504989378236213e-09 -5.447893302192949e-09 
-2.882515347109656e-09 -2.494953438384041e-09 2.739466225134452e-09 -2.665125660224022e-09 
-7.895539053380096e-09 -6.942306734624117e-09 7.618911078901769e-09 -7.304767182019159e-09 
-5.352157892855369e-08 -4.967004587347585e-08 5.425335445132736e-08 -4.926110296939319e-08 
-2.584984123489392e-08 -2.350907126299778e-08 2.569200637125994e-08 -2.388103065558323e-08 
-5.852925115591358e-08 -5.444341041088419e-08 5.935974660772409e-08 -5.403427750608177e-08 
-3.673988055694498e-07 -3.418705445439438e-07 3.733951276841212e-07 -3.382925138833983e-07 
-1.892890859395743e-07 -1.760225334065685e-07 1.924488740723964e-07 -1.745236981663097e-07 
-3.396882773222644e-07 -3.153494233276403e-07 3.440785456419385e-07 -3.132829650568067e-07 
-1.206464344867917e-08 -6.35485131448973e-09 7.164243554208538e-09 -1.132626044772088e-08 
-6.797220689282139e-09 -5.31561329433714e-09 5.89121231349164e-09 -6.351548991685287e-09 
-3.418972219779969e-09 -8.613556835987389e-09 1.145543270706141e-08 -3.262917093308778e-09 
-3.183866443788634e-08 -2.759019949699511e-08 3.014250406004433e-08 -2.943376250052418e-08 
-1.191156057480608e-07 -1.108178433236586e-07 1.209316840517363e-07 -1.098048946230521e-07 
-5.884864119151723e-08 -5.5060384413425e-08 5.980273049167778e-08 -5.448794758406106e-08 
-2.974308079839369e-09 1.609484176508571e-08 -3.126590936209241e-08 -3.054597048835085e-09 
-8.367750464674011e-08 -7.780543259809361e-08 8.471094962923324e-08 -7.735467665097212e-08 
-1.189381841207586e-07 -1.09785658047287e-07 1.198487593327407e-07 -1.096782220512553e-07 
-7.227639056203601e-09 -1.157405678062694e-09 1.756799908339674e-11 -6.847336990796448e-09 
-9.15608416831848e-08 -5.69029725748658e-08 6.804092462966407e-08 -8.574840233801835e-08 
-9.805490541390923e-08 -9.14919886943284e-08 9.887953936342099e-08 -9.120111980683662e-08 
-1.747575093511667e-08 -1.559162770493955e-08 1.631942365008313e-08 -1.746139259382616e-08 
-1.242852052233946e-07 -1.154628186414777e-07 1.250412516239801e-07 -1.157194302663083e-07 
-1.159241528834152e-07 -1.080075703833901e-07 1.1710269527029e-07 -1.076288534661252e-07 
-1.749339006183906e-07 -1.654944028294575e-07 1.777536500999173e-07 -1.637435432412782e-07 
-1.779590919699574e-08 -3.292613083331715e-10 2.235340055215137e-11 -1.713682275610174e-08 
-2.781386538231664e-07 -2.748156581874656e-07 2.827852627923855e-07 -2.717935754929204e-07 
-1.739993913311036e-07 -1.587031268610369e-07 1.67795651471069e-07 -1.65116507406293e-07 
-9.368293970935002e-09 -2.221262271245092e-09 2.23584174354412e-09 -8.740320456838252e-09 
-2.058584420458074e-07 -1.882111492548528e-07 2.056265059416278e-07 -1.89633136262359e-07 
-5.610135612200056e-08 -3.568498445700747e-08 3.826227775871534e-08 -5.189808995305347e-08 
-2.710209942260358e-08 8.355986354898842e-09 -8.93236327116728e-09 -2.520206036908569e-08 
-1.859015519555803e-08 -1.523182794114165e-09 1.534109472190861e-09 -1.736732017928188e-08 
-1.779452403121941e-07 -8.968040290066233e-08 8.891810650865857e-08 -1.646784704069813e-07 
-1.210200238178104e-07 -1.124906797176398e-07 1.221957614948313e-07 -1.12155666433549e-07 
-1.131340116707888e-07 -1.054454308587963e-07 1.148465807291803e-07 -1.04435651426592e-07 
-9.270969407943797e-08 -8.782455773093328e-08 9.387177378815609e-08 -8.725520392865794e-08 
-4.153364696240213e-08 -3.769802051277636e-08 4.024637006211988e-08 -3.909069235705015e-08 
-7.271738220045418e-08 -6.643799585490175e-08 7.229383810389351e-08 -6.729263802275152e-08 
-7.790372627331203e-08 -7.273736181429872e-08 7.881842396870358e-08 -7.235906101638008e-08 
-1.4734515986094e-08 -3.714034689759881e-09 2.20026583618005e-09 -1.386332350996233e-08 
-1.071389715191694e-08 -5.441192113105523e-09 5.885498843238087e-09 -1.007999690823391e-08 
-2.421630606984127e-08 -1.835145647600232e-08 1.958609292917992e-08 -2.251449296275652e-08 
-3.009897086232373e-08 -2.833685992399592e-08 3.030526097216637e-08 -2.835026679064337e-08 
-8.458251587823051e-08 -7.906082917167953e-08 8.59452980755642e-08 -7.824975450903739e-08 
-2.701011728843808e-07 -2.498541210250459e-07 2.731182901040059e-07 -2.48733562820463e-07 
-2.122262130736256e-07 -1.97634846607486e-07 2.156161461675188e-07 -1.956582359520579e-07 
-6.121977509945999e-08 2.174363784026598e-08 8.548715986112961e-11 -6.277979429881662e-08 
-9.288675688150644e-08 -1.633776322543807e-07 9.341286128257345e-08 -1.62369234865591e-07 
-1.229989618085717e-07 -1.321047601197151e-07 1.241901825987886e-07 -1.315859305837854e-07 
-1.501955712182235e-07 -2.703962577872655e-07 1.527538174992837e-07 -2.673502188176373e-07 
-3.213043751276258e-07 -3.687278740118436e-07 3.273394671425693e-07 -3.650915246224596e-07 
-2.298676033171239e-07 -2.146942641799057e-07 2.334852728147515e-07 -2.125660702287983e-07 
-1.444891471770777e-07 -1.350823833485273e-07 1.469240144354349e-07 -1.335641406323717e-07 
-1.146016528667544e-07 -1.07012848667143e-07 1.163667005699426e-07 -1.059846896780316e-07 
-2.074105021546523e-07 -1.933020361189578e-07 2.108479142956409e-07 -1.912228180469229e-07 
-1.439669273397171e-07 -1.349782785499904e-07 1.463533902075533e-07 -1.334893470543486e-07 
-5.1114262626804e-08 -4.726550338859467e-08 5.153967313266574e-08 -4.718109635182255e-08 
-5.622443479066473e-08 -5.089035740080835e-08 5.525690946695946e-08 -5.216212849958722e-08 
-7.770895110767115e-08 -7.415987470656491e-08 7.893924774640408e-08 -7.348327841300891e-08 
-9.219586078631478e-08 -8.519832787851592e-08 9.280585235085575e-08 -8.514609740089145e-08 
-7.586273157617651e-09 -6.916751169519944e-09 7.540234089507768e-09 -6.98418201681579e-09 
-2.558748260406113e-07 -2.390838385762583e-07 2.582707309553332e-07 -2.384320184150107e-07 
-2.166366931785392e-07 -1.923579986577415e-07 2.035102565739485e-07 -1.996092645549269e-07 
-2.990808542120006e-07 -2.789277168406006e-07 3.035670488416611e-07 -2.764249006654864e-07 
-4.011876250838996e-08 -1.572425009804831e-12 1.290599762286548e-10 -3.729353680021555e-08 
-2.108623036768447e-08 -2.552986491286314e-09 9.047035730664371e-09 -1.971429345759846e-08 
-9.213493732063927e-08 -2.360320591310465e-07 9.375923404079962e-08 -2.333587776366227e-07 
-1.683303128625536e-07 -1.872629270408126e-07 1.711880947827127e-07 -1.851541928124971e-07 
-2.18281855475518e-07 -2.04456610526381e-07 2.21822892133443e-07 -2.02323714062865e-07 
-3.098417340060507e-07 -2.906755153451057e-07 3.150847773967643e-07 -2.873994609378582e-07 
-9.587081976751453e-08 -8.876162139143454e-08 9.697714658950769e-08 -8.833166936111432e-08 
-7.257140165143173e-09 -6.806769643345527e-11 -1.402527225268259e-10 -7.417920945638365e-09 
-8.836943076052219e-08 -8.203714200666102e-08 8.963325585079764e-08 -8.1373220294636e-08 
-1.145076384197066e-08 -9.867292993456145e-09 1.0850869374863e-08 -1.058293291900642e-08 
-1.667803614225988e-08 -2.062644983552152e-08 9.945897974727959e-15 -8.335556351809103e-16 
-5.209887525153165e-08 -4.816175770430937e-08 5.266137736144444e-08 -4.797536310762326e-08 
-1.631797391164279e-07 -1.52367702482502e-07 1.659538082847961e-07 -1.506552763888651e-07 
-7.984003256491263e-09 -7.355625886213905e-09 8.028865145794478e-09 -7.368079715662409e-09 
-1.762484748284682e-07 -1.647143156720865e-07 1.79229461386948e-07 -1.628720970949003e-07 
-8.316127063927415e-09 1.228838866097656e-10 -4.581649542337437e-10 -7.877490412003399e-09 
-7.070635357941942e-08 -6.585387790441883e-08 7.190448283898295e-08 -6.511551543001079e-08 
-1.142196602194443e-07 -1.06492006401529e-07 1.16137185014034e-07 -1.053230360938344e-07 
-2.412158011554757e-08 -2.168975275242029e-08 2.37662508910548e-08 -2.228631026326589e-08 
-1.206567410581049e-08 -1.069594914278453e-08 1.173275973743801e-08 -1.116587370117821e-08 
-1.676077908279454e-07 -1.545448393716807e-07 1.686162167193934e-07 -1.547949856419756e-07 
-2.188375767558236e-07 -2.043331993637965e-07 2.20913374163683e-07 -2.03721933406139e-07 
-1.003710931157453e-07 -9.290427376891001e-08 1.012599191782137e-07 -9.267721394465742e-08 
-1.036576536602184e-07 -9.620423409126561e-08 1.049728455483467e-07 -9.561062726889453e-08 
-2.303514718934038e-08 -1.430968343905921e-08 1.298112082248811e-08 -2.14425251522188e-08 
-8.335345776467696e-08 -7.515434689433097e-08 8.185945063861493e-08 -7.713178541235457e-08 
-3.85204609676569e-09 -3.146804909823706e-09 3.354691017139538e-09 -3.784992892058638e-09 
-9.966223294043459e-09 -7.381335142180436e-09 8.222328270279893e-09 -9.397257857186651e-09 
-6.052823759482139e-08 -5.623078692088825e-08 6.084308777865841e-08 -5.638558581287664e-08 
2.973862021704126e-09 -1.687403774641599e-07 -3.022978403543019e-09 -1.669775672716226e-07 
-9.440555853589774e-08 -7.436780814426283e-08 8.004523443643276e-08 -8.780977494816457e-08 
-2.139248832707106e-07 -2.028373762096881e-07 2.175310964249528e-07 -2.005536098122386e-07 
-7.306715975406626e-08 -6.925803277047851e-08 7.418727035797357e-08 -6.851744247383692e-08 
-6.911860681514409e-08 -2.04599738280056e-07 7.029840410664731e-08 -2.022780155554268e-07 
-1.403630357390962e-07 -1.313412104682666e-07 1.425094851529232e-07 -1.30112888943124e-07 
-1.611381851412347e-07 -1.521082660513019e-07 1.633618653012099e-07 -1.509155092428987e-07 
-1.396046270084509e-07 -1.594982625135843e-07 1.415311643688561e-07 -1.581925727583422e-07 
-1.227620728328769e-08 -1.525637889097768e-07 1.178230913869745e-08 -1.519110359170316e-07 
-2.681085637077543e-07 -2.4868840478794e-07 2.715669954147268e-07 -2.467634905020808e-07 
-3.748869142629146e-09 1.370536002934726e-10 -5.126518950613669e-10 -3.687417635513709e-09 
-4.311859623407048e-09 -1.269082187625706e-09 1.295521448480185e-09 -4.080870666110561e-09 
-7.592146696982932e-08 -7.079984330298261e-08 7.699913562035961e-08 -7.021585351638946e-08 
-1.008366960712054e-07 -9.223570626225036e-08 9.980342941159583e-08 -9.396282823475808e-08 
-7.020606140560142e-07 -6.536245967089631e-07 7.139643806180501e-07 -6.463543347293465e-07 
-9.50284314041545e-09 -1.176718954990782e-08 1.851240882805058e-08 -9.378007277736059e-09 
-6.231988971078242e-08 -5.850283395555229e-08 6.295885048971899e-08 -5.824908242346563e-08 
-4.438753303133117e-08 -4.026788155403613e-08 4.347987803140614e-08 -4.137065978414341e-08 
-4.093025650690675e-08 -3.826135034337161e-08 4.098232746250792e-08 -3.851019081097835e-08 
-8.460995035003732e-08 -7.876306534878794e-08 8.567874934918803e-08 -7.817648580925078e-08 
-1.128451899808032e-08 -1.021662733309645e-08 1.103615566387837e-08 -1.057877688424414e-08 
-2.171849495703735e-07 -2.024430483490746e-07 2.208819646361838e-07 -2.00169195749613e-07 
-4.828272788709839e-08 -4.543364199417034e-08 4.909508566667669e-08 -4.492219727294372e-08 
-8.285501370409911e-08 -7.800370519778233e-08 8.424632870540141e-08 -7.712843510106996e-08 
-7.269758956814992e-08 -6.766754094427062e-08 7.354020407054175e-08 -6.733211571579723e-08 
-2.764777812662815e-09 1.540879288594864e-09 -1.709354217493833e-09 -2.719393078425629e-09 
-3.56940634893197e-09 3.816401745658579e-09 -8.18948680806545e-09 -3.465021339088113e-09 
-1.60174082815591e-08 -1.517197993435446e-08 1.626062697199734e-08 -1.502709771009254e-08 
-6.524443970506666e-09 -4.695313393688432e-09 5.117797853648769e-09 -6.129880492704878e-09 
-8.721170227588666e-09 -7.949014494368234e-09 8.65703870679785e-09 -8.059924203064691e-09 
-1.490901859648283e-09 -4.483096924846696e-10 5.008244809610941e-10 -1.552225848646954e-09 
-5.930328315908277e-08 -5.413022604730827e-08 5.896809135458618e-08 -5.490574000795754e-08 
-1.360326233965222e-09 -1.207802741257161e-09 1.267746776666768e-09 -1.331949928426052e-09 
-3.015266673566189e-09 -1.221717514357418e-09 2.107589368963929e-09 -3.555608542558266e-09 
-1.647936295428631e-07 -1.533974924487509e-07 1.675546579749992e-07 -1.517146036736048e-07 
-3.61765134322959e-07 -3.363785759571454e-07 3.674583824828836e-07 -3.330941654679606e-07 
-1.753582047432099e-07 -2.009439057742177e-07 1.783590476888374e-07 -1.986680906710535e-07 
-3.086516908210015e-07 -2.876248154908046e-07 3.138795833331842e-07 -2.843849761561104e-07 
-4.820647913927356e-08 -4.492794774019715e-08 4.901737764857833e-08 -4.444046308353102e-08 
-3.746104876000699e-07 -3.487669711907167e-07 3.809438430694743e-07 -3.449070064327846e-07 
-4.676649240196048e-07 -4.547785170964049e-07 4.755213349512204e-07 -4.497598267162221e-07 
-1.921009265006346e-07 -2.312874390617293e-07 1.949954314752724e-07 -2.286315269479978e-07 
-3.034798905938695e-09 -3.580057916245875e-08 4.374873268061304e-08 -3.354550881872339e-09 
-1.396398967222835e-07 -1.023560279273496e-07 1.121072147918912e-07 -1.29408797270425e-07 
-5.598647186788383e-08 -4.77100955658066e-08 5.18524905122373e-08 -5.182890353205222e-08 
-7.267563078023912e-08 -5.591709413106737e-08 5.986570050704409e-08 -6.738043796230769e-08 
-1.164512038526255e-07 -1.070485956100148e-07 1.138317604378631e-07 -1.095891768853225e-07 
-4.172750671844474e-08 7.006309049021762e-09 -7.777924482439105e-09 -3.897939282368941e-08 
-4.094164731955549e-09 1.05370876607568e-09 -1.288322977520458e-09 -3.940114351288226e-09 
-5.39179188681484e-08 -4.969620747714505e-08 5.395916359034353e-08 -5.009833062205406e-08 
-3.30444387627587e-07 -3.074964257602555e-07 3.357194747496189e-07 -3.044283502881283e-07 
-1.023995739137295e-07 -9.412520171950849e-08 1.02966764990178e-07 -9.444172786813944e-08 
-2.971229567470565e-08 -2.590612238439587e-08 2.858740756053195e-08 -2.750756909400562e-08 
-1.816638137141494e-07 -1.695930032600817e-07 1.845734619827553e-07 -1.678724328809571e-07 
-4.460965859223844e-09 -4.603098891195144e-09 4.331534339135228e-09 -4.38061899625648e-09 
-1.462910544361205e-07 -1.222709117060025e-07 1.321740924694004e-07 -1.350245738980833e-07 
-6.669487617107645e-08 -6.165941483500502e-08 6.694815024493249e-08 -6.187132638247343e-08 
-1.196957781989311e-07 -1.108839226023661e-07 1.202156658444103e-07 -1.112416915859385e-07 
-1.732471902527053e-07 -1.632141768883867e-07 1.761234959897108e-07 -1.613814969331445e-07 
-9.810197806357333e-08 -9.134606643093469e-08 9.977220781053186e-08 -9.032215104307833e-08 
-1.37042940998304e-09 2.481466132281099e-09 -2.433768107813128e-09 -1.437746003650192e-09 
-7.613945396785687e-08 -7.211458679612828e-08 7.740059064740952e-08 -7.13016326799577e-08 
-5.318318846449394e-08 -5.381690869615703e-08 5.408676660188194e-08 -5.322419002565183e-08 
-1.256360210266866e-07 -1.173395090597673e-07 1.277728234185368e-07 -1.160181823182164e-07 
-6.106037687562645e-09 -4.993662760554232e-09 5.442071995281894e-09 -5.752578392239869e-09 
-2.327981845302492e-08 -2.143776772270346e-08 2.333352029562862e-08 -2.157444058013262e-08 
-4.002908682689035e-08 -3.758274042316519e-08 4.06860155290775e-08 -3.718836359128898e-08 
-1.64591966677719e-07 -1.539206480209342e-07 1.673869476765588e-07 -1.521876453530746e-07 
-5.689227779444583e-08 -5.316044735775987e-08 5.780929328752882e-08 -5.261473264104964e-08 
-3.609462344951752e-09 -2.306988022169933e-09 2.587913818469877e-09 -3.435442612023751e-09 
-1.044194012343593e-08 -5.217052823898211e-09 4.562323654577128e-09 -9.851256548637169e-09 
-4.334432071947385e-08 -3.96897490640384e-08 4.321143710229667e-08 -4.017740639960123e-08 
-9.65464866973e-09 -7.583267534377689e-09 8.303363166209224e-09 -9.004911631845453e-09 
-2.153990562133572e-08 -1.995233251967578e-08 2.176545724765453e-08 -1.988109822685488e-08 
-2.615784822402768e-09 4.156027463201135e-11 -4.706864322088696e-09 -2.607804565285522e-09 
-9.401941361020171e-09 -8.295750391277763e-09 9.074453738203278e-09 -8.735252612392169e-09 
-1.658519513025931e-09 -1.034180995019571e-09 8.234009661484098e-08 -9.801281466602236e-08 
-3.881953896964802e-09 -1.492042980703551e-09 1.434534246672406e-09 -3.697305425416286e-09 
-1.545352183855063e-09 -1.647986728211369e-10 2.754919542804771e-10 -1.5276302838509e-09 
-4.651131744328002e-09 -3.840385709410679e-09 4.245836744541501e-09 -4.327085785337854e-09 
-1.580647085512302e-09 7.787718967513481e-10 -6.85988350603709e-10 -1.591152980678288e-09 
-6.814663906397198e-09 -5.793113345704332e-09 6.346521819797315e-09 -6.367977624826607e-09 
-1.582134470236399e-09 2.440400541429871e-10 -1.497148784034778e-10 -1.558733192396632e-09 
-2.220596427589165e-09 6.581562443892895e-10 -5.962353146969643e-10 -2.162339550617515e-09 
-2.115497485044351e-08 -1.992447998454051e-08 2.145193227766189e-08 -1.976295499283699e-08 
-1.504399580316431e-09 -1.999512990349373e-08 1.791309538122931e-08 -1.567316895103124e-09 
-2.713359431787884e-09 -1.581747969348421e-09 1.831214250295048e-09 -2.568058212820007e-09 
-1.848987102609792e-07 -1.71824569329925e-07 1.876121155974936e-07 -1.703182061036512e-07 
-4.189689255381529e-07 -3.90339332771694e-07 4.260849207635795e-07 -3.85961662848332e-07 
-2.677238501842899e-09 -1.897683928554924e-09 2.143063936330994e-09 -2.511231786928298e-09 
-2.93125227455482e-07 -2.721478833440751e-07 2.972882104526739e-07 -2.699971139771622e-07 
-2.844811783447006e-07 -2.646191940319321e-07 2.891589404834075e-07 -2.618246231018397e-07 
-2.407703266716699e-07 -2.243370404716652e-07 2.448678280085554e-07 -2.218231113259196e-07 
-2.677238501842899e-09 -1.897683928554924e-09 2.143063936330994e-09 -2.511231786928298e-09 
-1.020022439776841e-07 -9.476825246145003e-08 1.034643296007698e-07 -9.400171711065312e-08 
-5.14512294231919e-09 -4.196300566172812e-09 4.629417489194856e-09 -4.80313603516102e-09 
-2.669338550699718e-09 -8.339187364480096e-09 6.601365481986927e-09 -2.943628230547642e-09 
-2.345949635335115e-08 -1.572251366540282e-08 -1.847219971952269e-08 2.749142804763933e-08 
-2.503825479186323e-09 -5.418048809317882e-10 -2.065893381537688e-09 -6.260032885581323e-21 
-1.175358280179443e-08 -1.014507749721233e-08 1.445022748146477e-11 -1.696377723303462e-11 
-2.953854785189678e-08 -1.511382503063895e-08 -2.522748831602842e-08 4.244984287011833e-08 
-2.299311129312409e-08 -1.018402298733596e-08 -2.028971211334224e-08 3.716386820718137e-08 
-3.232961117813622e-09 -2.332082979485871e-09 8.055686817015265e-11 -5.594795217343464e-11 
-3.278689377055956e-09 -1.463435587742811e-09 -2.223581175328078e-10 1.898729129744979e-09 
-2.915811083336215e-09 -6.359065318580051e-10 -7.850859343920807e-10 3.29942098815208e-09 
-5.14912735945557e-10 5.400170878630862e-10 -6.785370688610649e-10 -3.30584977028089e-10 
-3.490070878917268e-09 -2.074965567670411e-09 -2.662134879967567e-09 4.279390225791123e-09 
-9.537420662900496e-09 -5.189128038849042e-09 -1.195194805230623e-08 1.803048092608258e-08 
-2.028792252708999e-10 -5.114129563478642e-11 -4.537861464859003e-10 1.968870952000386e-10 
-5.430656900411637e-09 -3.855581781372859e-09 -8.665756007027473e-09 1.174359957319678e-08 
-5.172721011155354e-09 -2.771684039849326e-09 -7.486764188774767e-09 1.118081327370189e-08 
-3.826737843682235e-09 -8.730649853996177e-10 -1.193240727310221e-09 4.540760569038265e-09 
-2.023764486073144e-09 -1.58243104186704e-09 -2.295136522450228e-09 1.347219109808234e-09 
-1.198496765559039e-09 -1.23807207262895e-09 -1.44470396089773e-09 1.039951901629262e-09 
-1.891232602631266e-09 -1.209779444630656e-09 -1.245736978881698e-09 2.208589292565332e-09 
-5.940562985437145e-09 -3.861422754603359e-09 -3.969249549591527e-09 6.587608714831044e-09 
-7.82966463235061e-09 -3.590725627067656e-09 -4.126815964234366e-09 9.202107430458864e-09 
-4.660924907971852e-09 -1.431892843003559e-09 -7.198506601001113e-10 4.280870029423393e-09 
-3.080519073009035e-09 -1.411618645002041e-09 1.167375343961144e-09 1.692398964399733e-10 
-5.521244023249507e-09 -1.730469196736468e-09 1.137183071071397e-10 3.804978732338838e-09 
-1.69376704202337e-08 -1.566467405744006e-08 9.092581971093558e-09 -3.905442014868872e-09 
-4.29536639383043e-09 -4.102866501276908e-09 -5.014613303323056e-09 3.415105869593596e-09 
-2.419575703296413e-08 -1.30444566778854e-08 -2.464156384209088e-08 3.784134882105421e-08 
-2.935681414647938e-09 -2.682420187552445e-09 -3.292214592810395e-09 3.395328454726052e-09 
-1.581984147580157e-08 -3.906619728587651e-09 -4.568212616244419e-09 1.767078281210012e-08 
-2.610074093458758e-08 -1.140409869650823e-08 -1.328377026487742e-08 2.988444553230333e-08 
-2.341376391416988e-08 -8.331824529015119e-09 -1.074862537740594e-08 2.778442426499588e-08 
-9.228893360526837e-09 -5.554158896869122e-09 -7.092508056099529e-09 1.163898199372511e-08 
-4.14119902336885e-09 -3.931018762759419e-09 -1.147279265569609e-09 3.292799024368375e-10 
-1.07308037823512e-09 -4.564864939190114e-11 -6.939397085105391e-10 -2.427566252494721e-10 
-5.252358211394677e-09 -4.568313808089005e-09 7.081168795223053e-12 -3.99966103076939e-12 
-2.190036546383571e-09 -6.14393959052336e-10 1.159390534696705e-10 -1.584195784866436e-09 
-1.519565904405106e-09 -5.244803706486039e-10 -1.4520576184548e-09 1.559126261545277e-10 
-3.685795963575785e-09 -2.186260906237628e-09 1.726150192949646e-09 -2.619543435856376e-09 
-1.655414479588488e-09 -1.448844662987898e-09 -3.078255902414133e-10 -1.10256279176286e-11 
-1.178419604096951e-08 -1.165554231718147e-08 -1.803101191257884e-09 2.949766481686625e-10 
-5.380806355826924e-09 -5.841097298754692e-09 -6.798088633416965e-10 3.127502477848893e-10 
-3.840902257847055e-08 -1.576445205345901e-08 -1.680403635970448e-08 4.360367024937496e-08 
-1.271412299903377e-08 -1.054858944979499e-08 -1.21797548035791e-08 1.461435995199198e-08 
-2.689395633342015e-08 -1.17373087130581e-08 -1.179152311897486e-08 3.000393159800092e-08 
-1.487627643224171e-08 -7.054618873106468e-09 -8.15579314520563e-09 1.786138041898499e-08 
-3.849578398844304e-08 -1.944713563784086e-08 -2.432964413653794e-08 4.478631085240449e-08 
-3.807646057342385e-08 -1.221335069274013e-08 -1.311896231378181e-08 4.23696958833819e-08 
-2.87284099710709e-10 -2.274613851495276e-10 -2.227335113167971e-10 -2.323980125904554e-10 
-1.270942987184899e-08 -5.761639292474036e-09 -4.524753606507723e-09 1.260000506459101e-08 
-8.992142139501306e-09 -4.522588154397187e-09 -8.77640927079008e-09 1.48956299194201e-08 
-3.680914580596009e-09 -1.457733034163215e-09 1.412883377053261e-09 3.271286468652877e-10 
-1.09790287791883e-08 -5.470662643181729e-09 -1.563034448943161e-08 2.293938783422915e-08 
6.232606607869072e-11 -6.768298269230447e-10 -3.801057902837638e-10 -4.706921063894477e-10 
-2.092784901029268e-08 -1.016436650189522e-08 -2.279032356431882e-08 3.791973770754997e-08 
-1.439939002495027e-08 -3.887233545609708e-09 -4.380103268822049e-09 1.62094862508058e-08 
-6.150564737389447e-10 -1.263638968978778e-08 -1.459626177019449e-08 4.119093392362639e-09 
-1.791681126024515e-08 -1.44354766171088e-08 -1.795051634422306e-08 2.394076397529327e-08 
-2.496610140855295e-08 -2.09451304231568e-08 -2.245797162730592e-08 2.812419694191424e-08 
-3.118965004524659e-08 -2.308557684026503e-08 2.29192835341323e-14 -1.300909543711864e-14 
-3.262353668295335e-08 -2.609224914507988e-08 1.401751466549324e-14 -1.277851163028917e-16 
-6.60990569307138e-09 -1.138039080202555e-08 3.152429174769241e-15 1.569357413233014e-09 
-1.847451377977885e-08 -1.423854674920054e-08 4.337730887946666e-13 1.038082227467874e-10 
-5.657193881614719e-09 -9.518202739640139e-09 -1.257937823178709e-08 6.49748887556957e-09 
-1.803164895929818e-08 -1.766389900672658e-08 -2.176694620142575e-09 1.543715149205664e-09 
-3.790002238183879e-08 -3.705542521341294e-08 -1.429588375480894e-08 1.627678665762718e-08 
-6.823619886673623e-09 -7.720286433756697e-09 -6.311937076770429e-09 5.104654303277491e-09 
-1.654494175227201e-09 -1.366775796631222e-09 -1.264896941399337e-09 8.837180745619466e-10 
-3.264715322034797e-08 -1.159327924797756e-08 -6.365518228065276e-09 3.007492038091343e-08 
-1.777045774024347e-08 -1.800864536767203e-08 4.595199614078629e-13 -4.867402554053547e-13 
-3.753782494262699e-09 -3.585433165821198e-09 -2.031473425964812e-09 1.041598275995338e-09 
-3.111558645680219e-08 -1.268442329917726e-08 1.113559342077496e-11 1.941411124630303e-08 
-1.580802398140125e-08 -6.225200526987599e-09 -4.197921434764632e-09 1.417847567077949e-08 
-2.013811083235179e-08 -8.834213345887234e-09 -1.016684137888457e-08 2.35890037434692e-08 
-8.680329072868651e-09 -4.760648740244899e-09 -1.356148518009761e-09 3.896721600010649e-09 
-2.574519626952847e-08 -1.292869450572303e-08 1.803552040397896e-12 -2.839037370364522e-12 
-1.978585122413611e-08 -9.376717496615572e-09 5.94363701560668e-10 -9.560144993886824e-10 
-1.528125146297028e-09 -1.216451272192216e-09 2.143409939342849e-11 -4.043765698645716e-11 
-2.58285963380612e-09 -5.456949668466201e-10 7.14092714261876e-10 5.768024803176601e-12 
-2.971636699384044e-09 -1.350694745813551e-08 -1.537660639223898e-08 6.635561331892986e-09 
-1.001854691923075e-09 -1.328572309648773e-10 7.03561906071178e-10 -8.219956445534072e-10 
-5.651008044148148e-09 -2.405766890622875e-09 -3.894210517507785e-09 7.27500227522858e-09 
-1.013159364745861e-08 -5.596810048489372e-09 -8.939057145863352e-09 1.506288030405848e-08 
-5.648013297077611e-09 -3.735474986167734e-09 -6.877701146081637e-09 9.408567579328571e-09 
-2.182605579836665e-09 -2.179507276011012e-10 -1.76388892758315e-09 -1.759820382661694e-10 
-9.190804842228202e-09 -7.370696996012526e-09 1.070831150646922e-11 -1.832192194534638e-12 
-1.688946456169785e-09 -5.681865787146321e-10 -1.376573667588898e-09 5.064190718667444e-11 
-3.898707292756464e-09 -3.357700699499041e-09 -3.510125878454006e-09 1.992351287498915e-09 
-1.605885423617203e-09 2.547904466727734e-10 -1.723487740671814e-09 -3.193568919378204e-10 
-3.927577555062814e-09 -3.761328903810756e-12 -1.719357273884225e-09 1.453664433912796e-13 
-9.114175346393802e-09 -7.150451944605348e-09 7.690400863989237e-13 -3.691585941501346e-14 
-5.07295422492158e-08 -5.197673403357004e-08 -6.018291826962559e-08 5.960427779801861e-08 
-3.58309455889099e-08 -1.77383894804475e-08 -2.867312954179143e-08 4.95283976517443e-08 
-2.772384318945429e-09 1.463259269429472e-11 -2.241666129453687e-09 -8.48727573855296e-12 
-2.544951655010334e-09 -2.00715783270535e-09 -1.575841987591673e-09 7.031231291420311e-10 
-4.213622745260376e-09 -3.865895973889991e-09 1.698517711644452e-12 -1.493850184500156e-12 
-3.453852008431835e-09 -2.106096966802417e-09 6.462252764186794e-13 -1.234832474436653e-12 
-2.540679217082167e-09 -1.933915539292255e-09 2.766675777500913e-12 -2.598470809920496e-12 
-1.308398311503622e-08 -7.410102318827655e-09 -1.591888015430383e-08 2.396105136249662e-08 
-3.470111500834291e-09 -3.413750176543568e-09 -3.920684397360006e-09 2.73989253457974e-09 
-1.350765330873271e-09 -6.905191776007015e-10 -2.220766965239211e-10 -2.157552792531855e-10 
-3.258989807047854e-09 -1.748684698396435e-09 -1.532294442673648e-09 3.125972464475091e-09 
-1.941372874226902e-09 -1.983747150838669e-10 -1.178214185029441e-09 -6.309222990324463e-10 
-1.989257957157947e-09 -1.958645688985264e-09 -2.661933748252281e-09 1.613984391925627e-09 
-3.993868612522765e-09 -3.825514726860321e-09 -1.678628927907121e-09 -1.140345374503512e-09 
-6.141133318810763e-09 -6.110977661239429e-09 -7.931430495965721e-09 5.590271057891485e-09 
-9.106701357974834e-10 1.376698637997273e-10 -1.410804858299265e-09 3.044349740775403e-10 
-1.764896966640433e-09 -1.057370007221987e-09 -6.010346297429902e-10 -1.909484627617025e-09 
-7.690887323491755e-09 -8.604527157509993e-09 -1.048731211073352e-08 8.700063694654457e-09 
-1.255718806437442e-09 -8.432986387118037e-11 -1.333249431286426e-09 -1.375032627903124e-10 
-1.671249741474265e-09 -7.315815365743132e-10 -1.376058587781717e-09 -7.769136853303141e-12 
-1.685117719928583e-08 -1.227722609640597e-08 -1.374250619892477e-08 2.018035117264815e-08 
-6.893437619992897e-09 -7.003400206107131e-09 -8.341867476411994e-09 8.068000655492583e-09 
-1.045097771130488e-08 -1.041959155811431e-08 -1.115180761244965e-08 1.264294938290802e-08 
-3.615265125591614e-08 -2.723100223932846e-08 -3.06754173709686e-08 4.263679537459897e-08 
-2.508467008164586e-08 -1.349609245392838e-08 -8.996813403580027e-09 1.769350422877846e-08 
-3.948057263609009e-08 -2.477073027831799e-08 -2.859586181655292e-08 4.621102549600515e-08 
-3.857833467997364e-08 -9.397498848007369e-09 -1.024491015012013e-08 4.286903378027622e-08 
-1.185847812920461e-09 -9.571781196016574e-10 -1.37585886580538e-10 3.026957269735439e-10 
-1.177133401492743e-09 -8.432765069149351e-10 -1.21538679838325e-09 3.330890143376339e-10 
-5.209549967368405e-10 1.780548794218617e-10 -4.644066225959047e-10 -1.359064923934798e-10 
6.257226401731952e-11 -1.227502384159297e-09 1.055333301192568e-09 -2.849707832882513e-09 
-9.244572390587482e-09 -1.101702232352362e-08 -1.069851893167363e-08 9.177930710581159e-09 
-7.049236338291168e-09 -6.168316744699913e-09 -5.743613574153143e-09 6.22542061051862e-09 
-8.173002187687553e-09 -1.054487905970998e-09 1.998447909604319e-09 2.560997942384748e-09 
-8.883462468703062e-09 -1.039612108846485e-08 -9.950086712795441e-09 8.517339884282333e-09 
-1.763493148588477e-08 -2.043261161066109e-08 -1.58010846148279e-08 1.342702556917692e-08 
-1.548829162377233e-08 -5.809554411654446e-09 4.439437566554973e-15 -2.096562473003333e-14 
-3.82374320168832e-09 -3.408914607250134e-09 -2.746715150819801e-09 4.30443355936868e-09 
-1.494547144023408e-08 -1.395128198743764e-08 3.319980910603593e-11 -1.468261623485711e-11 
-1.900785880663082e-08 -9.769508345355419e-09 -8.109231818789182e-09 1.736832416356322e-08 
-1.06803225123738e-09 4.662417997446693e-10 -1.386778301898908e-09 -2.450343833980584e-10 
-6.142104592083497e-10 2.09920596244117e-10 -1.796601655920083e-10 -1.014192961645359e-09 
-3.830853463543663e-09 -2.46954092256998e-09 -5.068531065715786e-09 6.102594833593478e-09 
-9.641856279686778e-10 1.051057148950466e-10 -1.318068057934467e-09 1.204650943464936e-10 
-1.072471706234248e-09 -3.209653488533931e-10 -1.487077247617243e-09 7.091929780334363e-10 
-2.410062064712659e-09 -1.136893289626226e-10 -1.70329922207576e-09 1.832191750957015e-11 
-3.71561021081675e-08 -1.770950171206121e-08 -3.482607986549957e-08 5.419161643152611e-08 
-3.384053100531866e-08 -1.79712433131443e-08 -3.830134082951946e-08 6.084783978951094e-08 
-2.362692427312706e-09 -4.329446179030842e-11 -1.881787171636676e-09 -1.368935847244816e-11 
-6.945898655607755e-09 -6.888341161740156e-09 -9.520741226003716e-09 6.92663199074332e-09 
-3.306803695028062e-08 -3.0527167934307e-08 2.282187023567198e-13 -3.591075533722608e-16 
-2.10230606906956e-08 -1.988776236301852e-08 -2.123629991351055e-08 2.151757972793529e-08 
-9.002216425350053e-08 -7.019470557699288e-08 1.532553621665715e-12 7.356145516140486e-09 
-1.463987834189386e-09 3.799777331407513e-10 -1.772282595373125e-09 -2.085551400542395e-10 
-6.212112121716355e-09 -5.066310599372519e-09 -1.421856182615488e-09 1.014046270058521e-09 
-4.289193529811167e-08 -2.801601859837186e-08 -5.151977430841053e-08 7.484879347947774e-08 
-5.625012578301289e-09 -4.710831055364748e-09 7.571092655405692e-14 -3.492243939160228e-14 
-1.830457963644389e-08 -8.93358511872623e-09 4.669963329929767e-09 8.122860752582897e-10 
-6.329055133945873e-09 -6.669331504349219e-09 -7.671822036378586e-09 5.602758555982478e-09 
-6.554416402161327e-08 -2.850044323450967e-08 -3.295569060854482e-08 6.218404145486078e-08 
-1.93452040020575e-08 -2.345421771372121e-08 -2.547068808536281e-08 2.159725978158388e-08 
-5.021206731613985e-09 -6.374750931233619e-09 -2.623250082463648e-09 5.35777514194335e-10 
-2.074804570190278e-10 -4.281263026844694e-10 2.959129041925175e-10 -1.732292297872466e-09 
-5.525690554683422e-10 -2.227445819926039e-10 1.352684259897096e-09 -2.59102272439804e-09 
-1.243990355526157e-09 -4.63062929576861e-10 9.429010779731405e-10 -2.505377640466527e-09 
-1.332373526798794e-10 -7.902581245585391e-10 -2.212495221914491e-11 -8.004346521838767e-10 
-4.944170537237542e-10 4.31164726503409e-10 -5.569646171685684e-10 -6.706297197596818e-10 
-3.423282440201611e-10 7.648369426639582e-12 7.401156699841361e-10 -3.088813566562152e-09 
-5.617661196441188e-10 -3.3000345097856e-09 -8.216941387548155e-09 8.187681572562119e-09 
-1.085924479277081e-08 -5.456120792768288e-09 2.052821575749526e-11 6.277876330813922e-09 
-2.495349939102605e-08 -1.279031517521293e-08 -2.383540992221082e-08 3.985932327514782e-08 
-1.571005296476017e-08 -7.851220235948945e-09 -8.10125452963529e-09 1.702820340961766e-08 
-8.257564544069833e-09 -6.664718640946391e-09 1.00904633756947e-13 -2.536054416131671e-13 
-4.017383499003908e-09 -2.750270842309819e-09 1.719967262396739e-10 1.459690936905616e-09 
-1.184446287662743e-08 -7.290177951040216e-09 -6.367324455843634e-09 1.205808640805714e-08 
-2.601339627479191e-09 -1.387781787854678e-09 -4.099202304186307e-09 5.209505409294133e-09 
-6.823673461581626e-10 5.710443901299215e-10 -8.600990880780736e-10 -4.644020458624775e-10 
-4.850372365657122e-10 4.602623703372782e-10 -5.768916329893711e-10 -4.07456588124546e-10 
-9.356611534087169e-09 -9.74951367651715e-09 -1.129839194753947e-08 8.624854801103771e-09 
-4.034374940895443e-09 -2.538448571784857e-09 -4.490074362948104e-09 2.123818913400196e-09 
-1.495937340978856e-08 -1.778363226970334e-08 -1.925537784583047e-08 1.652919663085817e-08 
-1.145584916776259e-09 -2.589739813994413e-10 -1.834742724101697e-09 5.656683887903433e-10 
-1.329349554927833e-09 -3.774502407038325e-10 -1.451566219182224e-09 4.20121876795885e-10 
-3.960970746501076e-09 -1.718928182683475e-09 -3.793698720357835e-09 1.001285430364261e-09 
-2.294505889718494e-08 -2.781703339834091e-08 -3.043569882514816e-08 2.619621300203538e-08 
-2.899819744003917e-09 -1.951821432228812e-09 -3.944958910636717e-09 2.156167041964583e-09 
-3.360849478791709e-09 -2.322496821862622e-09 -3.824163458418719e-09 1.956307135328352e-09 
-1.222418711295296e-08 -7.072932602004724e-09 -2.32752688986473e-09 4.273065626132298e-09 
-3.007507431758605e-08 -7.997758491433018e-09 -9.243776125920024e-10 2.030805612773968e-08 
-1.950732260332821e-08 -1.105805618253535e-08 -1.736817471377285e-08 2.892444547577575e-08 
-1.452810362719116e-08 -1.422670464228851e-08 -2.323491582411159e-08 2.761016766487573e-08 
-1.507560904310684e-08 -3.199747510595267e-09 -4.173566642672951e-09 1.7216273293181e-08 
-1.64120219230559e-08 -8.396828807357079e-09 -4.84582278735776e-14 -1.041191746553761e-14 
-1.374032409178528e-09 -3.819579557238446e-10 1.15273683065377e-09 -3.432742136744672e-09 
-1.775296958379151e-09 -3.762225579828543e-10 8.64936138976332e-09 -1.069266976432358e-08 
-2.475841901557774e-08 -1.020557394982462e-08 -9.713474217882475e-09 2.66637030724275e-08 
-2.179511203091852e-08 -1.328440709714975e-08 -1.476943091223112e-08 2.622573263935952e-08 
-1.684126906444008e-08 -6.668985021510851e-09 3.616678435527838e-11 4.743846536148511e-09 
-2.378231969579193e-08 -2.518999085907495e-08 -4.030138421912849e-08 5.123094532512418e-08 
-1.531995149354656e-08 -6.85383485497437e-09 -6.808443287292118e-09 1.716275446036946e-08 
-1.752924748732546e-08 -1.443684983563413e-08 -1.449036981117751e-08 2.023336417969639e-08 
-2.449954288965081e-08 -2.442081694128619e-08 -2.186954653168944e-08 2.242005390165985e-08 
-2.833182098747397e-08 -2.186727375846482e-08 -9.699854603545934e-10 1.061088485803638e-08 
-2.03917831174837e-09 -8.314890675973751e-11 -4.391159615440779e-10 -1.228066706770022e-10 
-2.060626368907048e-08 -1.407282118030439e-08 -2.026564077658376e-08 3.298699590351179e-08 
-3.025969140737134e-08 -2.626460396643863e-08 1.849579687692017e-13 -2.431630335501843e-18 
-2.661903699374342e-08 -2.430443725286599e-08 9.82758734655515e-14 -1.130043196426e-13 
-7.774109451521941e-09 -6.362488432258831e-09 1.210003556916259e-11 -1.177443678806625e-11 
-1.314871079471056e-09 -2.768064403629169e-10 -9.046903848977889e-11 -1.359371261554684e-09 
-7.915288930304899e-09 -7.678107737105513e-09 1.330200876313648e-10 -4.518520065018817e-11 
-1.002272114276873e-09 5.341462022884585e-10 -1.088916570098449e-09 -6.062167487484218e-10 
-2.224488549403703e-09 -1.263747682176833e-09 9.180115298923885e-10 -1.965210490630275e-09 
-1.014566256207632e-09 -1.304642087868252e-10 -7.24117731500995e-10 7.448842865089252e-11 
-1.602499083428076e-08 -1.205965402214515e-08 2.556579845939226e-15 -1.358617708267685e-17 
-1.83388258075899e-08 -1.397795370593706e-08 -1.011895159445047e-08 1.675505451077562e-08 
-7.377820693161459e-09 -4.527746884241402e-09 -7.528295898585388e-09 1.115307598071916e-08 
-1.673377685724954e-08 -8.067567316939178e-09 -1.809190474165068e-08 3.018016439001906e-08 
-1.493153708819413e-08 -7.130279739018736e-09 -1.285417972575769e-09 9.130010115863276e-09 
-3.673690087204865e-10 -8.153417705738462e-10 5.92270216957444e-10 -1.264929489452958e-09 
-4.832398711142211e-08 -5.865902226596058e-08 -6.671687618664027e-08 5.780395616624805e-08 
-1.435075288611162e-09 -2.129513886366748e-09 -8.305795023728881e-09 2.445238541696989e-09 
-4.280790891762804e-10 6.785159738712134e-11 -2.360650786637139e-10 -1.855120578462529e-10 
-6.605793695261687e-11 -5.058223084360915e-10 -1.002409330402661e-09 1.672887857885058e-10 
-1.142176792193761e-09 -3.528774119372852e-08 -1.402677546757375e-09 2.442442535789202e-08 
-7.110060395253024e-09 -3.231742244683722e-09 3.054253850994019e-09 -5.882764114181186e-09 
-1.916542363847106e-09 -1.175733456548613e-09 -1.098613952623332e-09 2.066918324904199e-09 
-1.574732081232728e-09 -4.55590713143166e-10 1.306037341549666e-09 -8.087049030759281e-10 
-1.284762292463912e-09 -3.088255606041114e-10 1.052450751759269e-10 -2.609093619282026e-10 
-6.200207209223235e-10 6.295094467035954e-10 -8.218559406823291e-10 -3.558916376814866e-10 
2.521327178875947e-11 -2.671842850302152e-10 1.199564486656614e-09 -3.554602691692626e-09 
-9.059228718082396e-10 3.914587481764092e-10 -8.861145484850567e-10 -3.704139498043258e-10 
-6.694227137832511e-10 -1.813758665545525e-09 -1.95678103741123e-09 6.643407337207546e-10 
-2.113663641621807e-09 -8.301922662367922e-10 1.156993993482906e-12 5.208803290933063e-10 
-1.241771303557453e-08 -5.061429036207341e-09 -1.219975858219141e-09 9.467913808972588e-09 
-5.774388135792421e-09 -6.271131011655158e-09 -1.309416715012613e-09 9.518006746987137e-10 
-1.554907585075599e-08 -1.084665301130176e-08 -8.022789171014178e-09 1.399264514278352e-08 
-3.074629832288628e-08 -1.101868561152742e-08 -1.171183668012614e-08 3.487582574910137e-08 
-6.916729487439279e-09 -3.402108103091159e-09 6.138646097488724e-11 -1.046706481916517e-10 
-1.038647998173955e-08 -5.062123918150599e-09 5.651196845365902e-12 -1.951117461172825e-11 
-2.372675895440056e-08 -1.189291376981813e-08 -2.519343916365123e-08 4.194645987976996e-08 
-1.723076535658289e-09 -1.672930672463456e-09 -1.256642124148115e-09 9.372065467882666e-10 
-4.747731796034159e-12 -4.941408335831285e-12 4.822350914351811e-12 -5.051787948573163e-12 
