solver_type L2R_L2LOSS_SVC_DUAL
nr_class 4
label 1 2 3 4
nr_feature 909
bias 1
w
0.009133084513502704 -0.1134315155699651 -0.1126648545785486 -0.01168607925157566 
-0.007207381219042438 -0.06849901043492822 0.08667683594323868 -0.5530321905262988 
-0.07455675606670249 0.1805123802638544 0.07093171248200662 -0.5472139072105449 
0.2007469648095525 0.1857401177939912 -0.1049351704618496 -0.1797756527317051 
-0.1006773282125963 -0.09456253588398945 0.07001247642112529 0.1388715518263726 
-0.05528997133664253 0.04245296129755828 -0.2106289411725915 0.07057453513003042 
-0.208095607442979 -0.3780802163593443 0.4791069922475479 -0.2770949050488284 
-0.1778869447263862 -0.4742945839448529 0.4971805262814756 -0.3193109462466571 
-0.2090186073363885 -0.3509638872639137 0.4310711169302757 -0.1213786881324255 
-0.01752048563732949 0.006684028588357612 0.09323834796515004 0.06187938043002888 
-0.208819928405115 -0.2609841521784377 0.1414534435895763 0.1669340443572356 
-0.02878560647981897 0.03317090298797769 -0.04330746666028606 0.1195246526384943 
-0.006039304707504043 0.1924493271740633 -0.1458080856840993 0.05319839055864469 
-0.1170295554677263 -0.005789877516734649 0.1708906678104163 0.1881677453358472 
0.01562431637645723 0.1478037896055112 0.191916671839638 -0.1627321475656846 
0.06108655608285886 0.0102598514594306 0.2211835049647494 -0.1291082656144424 
0.06088430364652189 0.2493376863805484 -0.1506546479366892 -0.03511055668685564 
0.2287417795808722 -0.0698250019621109 0.1171444333196413 -0.1985741367104105 
0.1190064886131274 -0.2028017993030898 -0.1380130950720445 0.01413927253506887 
0.05513688062658677 0.2606517503294993 0.03192584817368023 -0.1714163031505369 
0.02536022437302304 0.07722176278015587 -0.09513332882898105 -0.1587838647838193 
0.1081396354339347 0.04739287028960926 -0.2849777725418994 -0.04768518582890564 
-0.1611974970310698 -0.04125476907082247 -0.1135482800278635 0.3937249264784421 
0.3152745370429964 0.04474104185340097 -0.368247424546799 -0.3625959264061375 
0.2026629470708164 0.3498618320858899 -0.2802195961848844 0.005573704053340685 
0.1933045802261372 0.2853111188659087 -0.3899102560036617 -0.1718952027616155 
0.2349314499965489 -0.01987717560977096 -0.2780498581153277 0.1267609983294699 
0.1772298146496868 0.05196539221220974 0.1292067152407839 -0.2849204378524727 
0.162953233574005 0.004411293822062159 -0.0121352805548281 -0.2915874913551649 
0.1482941306395258 0.1028800382411391 -0.4601836805493749 -0.06880586759562428 
0.09538376300607147 -0.6140360663083257 0.1199605027841198 0.5210932229995949 
-0.08215055123860292 -0.2995305262518434 0.2199887577811276 0.174037464901635 
0.06925268981226496 0.1731277372029187 -0.3909652820268329 -0.2643930229957634 
-0.08520940753767052 0.3575259643875522 -0.2084028360595821 0.05852899469278122 
0.1124328297127089 -0.2348172869473566 -0.2566522829573892 0.1612683887125797 
0.1351782491463299 0.06493753874773608 -0.3254160671211219 0.300383462179294 
0.2766785768230112 -0.3410193589723882 0.1958723348867022 0.2514888400344027 
0.2451572657336397 -0.2055656657209828 -0.3301023579169958 0.1726849405340452 
0.2239292988532138 -0.08566615970193774 -0.2097733621450538 -0.06498612388826243 
0.2135725523650474 -0.2634671628268134 -0.3014513857359339 0.006514372115970191 
0.2726561976293232 0.07659748546289365 0.1130616956167785 -0.2271055567662491 
0.09486114326319808 0.2097819291992839 -0.1086941651898079 -0.4474186505330935 
0.1470745267589962 -0.09605521248540898 0.3734392276053418 -0.3196556680688502 
0.1865903533310903 0.1103682152734962 0.09808675214177855 -0.2812082454812544 
-0.3289294229724448 0.1577029111562394 0.1647773514706886 0.1217394984018793 
0.1004938708542991 0.08049560976904696 0.09645599645566268 0.2370998252078671 
0.6017766721632343 0.1449464470153528 -0.2401658625861981 -0.5009407544343251 
0.02067122125803256 -0.6848585311585684 0.3993209303526589 0.1943796639431762 
0.2186180714092341 0.5817894163427029 -0.6229972227967336 -0.01611482455764394 
0.297406216197718 0.05188379457951757 0.03482527676036423 0.06737215306682612 
0.206941068736968 -0.03077970981864647 0.4999077308035689 -0.07683168988903485 
0.2550830451908065 -0.09384430986361467 -0.2641101773336023 0.03495975297153505 
0.1349160444629298 0.1027918810272768 -0.4771525038894716 0.1616896828076607 
0.1386661695220331 -0.05736587174337934 -0.2261579184959411 0.2013635871517471 
0.1479268421518499 0.2532663598264056 -0.5334464960662819 -0.08064871566928242 
0.03187242501417024 -0.1080127091198783 -0.2506287894918126 0.1341431312390816 
0.06551299072000724 0.1181799129633747 -0.2584608141593484 0.02936346113790636 
0.01347083406184102 0.4260195009722877 -0.1771753386398465 0.2078519471099275 
0.1611405558199208 0.06058732883763849 -0.1148208147020505 -0.04850443385003334 
0.2237980804849565 -0.3316871363722037 0.2280360898012878 0.04627468856011563 
0.02253797918629718 0.09831578442419778 -0.4562170441486102 0.561826788511507 
-0.02445607072825903 0.2097496065301416 -0.784146726004194 0.3100952943542123 
0.1123186055108597 0.07312591634615816 -0.02424498365990973 0.02579259830739205 
0.1809763386901153 0.02497179757157033 0.05468661911290772 -0.2634768537886508 
0.1233203086415335 0.00691991095339011 -0.229056706949765 -0.04119695818354228 
0.1064844006766252 -0.02580885056717116 -0.08130515176908347 -0.1915765865970915 
0.1018475114927006 -0.2495135269231843 0.05201129529006248 0.1511289633598199 
0.02500521932031231 0.1632141906479356 -0.2622330918627832 -0.1730201534839167 
0.1186257606779205 -0.1556297727423571 0.2301381557476489 -0.2679779143865126 
0.2723275475156868 -0.03008254539937445 -0.06683215998358073 0.09793748287885382 
0.1914056905073579 0.3104719647981244 -0.3604692349545936 0.07611963913097515 
0.1296286738747638 0.09299161365217884 -0.2875195586598857 0.09956535931107241 
0.3925641858066183 0.5005697376196736 -0.7799799085489296 -9.321552612422384e-05 
0.05618530682601397 0.0002186547753837133 -0.3365242138940929 0.3786172694873759 
0.1008853363119152 0.3832696549257231 -0.5737010789531195 0.05716127479707305 
0.03008658925263515 0.173795988503737 -0.1636480540791107 0.2697464404729273 
0.06867822857918722 -0.1305281904565743 -0.1237818369382773 -0.1668081114291811 
0.182372524419834 0.3702628792653612 -0.5819057569419218 0.04608137506449097 
-0.1709991078374722 -0.1556015679572215 0.3185408698244266 -0.3673507920964328 
0.05629812737830196 0.1546439131438943 0.003588676535273356 -0.2832695280840092 
0.0810881202630576 0.03627953214306751 0.1030310836823857 -0.2017310060324913 
-0.03479969920174916 0.2026114954169323 -0.1836130986278255 0.3330921974215058 
0.2964876588190246 0.1013306874781244 0.2572849110327695 -0.1475480082944336 
0.005265340511192141 -0.1001826711002176 0.08035986149997558 -0.2773787606601175 
0.01551698252620124 -0.004685580443508914 -0.04091257805685223 0.02041750761585194 
-0.01809173725670353 0.4990021827971266 -0.2686696868657317 -0.1304788008565196 
0.02326568837577198 0.0287754720031172 -0.06764022149809994 -0.03267379512477742 
0.04625805483724454 0.2348219345748456 -0.507877805641182 0.08532006711258015 
0.07720451493884738 0.03755900567243817 -0.3053191008220927 -0.1043080491158573 
0.1299478800324536 -0.1140999069978316 -0.06706564534252428 -0.1136223269873179 
0.09236473814486991 -0.1411597611661009 -0.2294330732729534 -0.2704724746231347 
0.2928500865001373 0.03941711060995839 -0.1696207434002291 -0.1351707699379281 
0.2785197126337707 -0.2142771193085722 0.3044134092159503 -0.1538452477815538 
0.3151144529848485 -0.0625915786690262 -0.4151162782581159 -0.2922993099322745 
0.4515346356977846 -0.3932925447009626 0.04938635198762229 -0.4616499893648845 
0.3591343176298442 -0.4988138387630591 -0.2164295481576581 -0.1011885451431292 
0.1121261320317533 0.02254692688578794 -0.1819166458788478 0.08568369117880466 
0.2195786333582634 -0.1070880951425112 -0.03801301182051272 -0.02086993376316787 
0.05849514468538874 0.250762438239659 -0.2937270757295922 -0.1185431389630176 
0.267832811029463 -0.03331395327647996 -0.2695806804100043 0.1861092178438491 
0.09433042749951343 0.1110381538618089 -0.2456664288841779 0.1754850117264154 
0.2878913478382416 0.2372089007585042 -0.4232910995231798 0.04114431632295162 
0.1075019462445636 0.3475627339711651 -0.4410954659045169 0.01844363356535398 
0.2232267269864581 0.3957312759124961 -0.8728226053308684 0.1975932077264797 
0.399657373755866 -0.1179860854836531 -0.2050807952282819 -0.1699826040588558 
0.1974808545844985 0.01441703340990316 -0.02642737299049119 -0.002663879999256224 
0.2383555049210972 0.2124765305225967 0.027250330802886 -0.0380254512005769 
0.07677543827612997 0.1797609583348786 0.1263258394217253 0.04245060796921071 
-0.05770100382269986 0.4088701814773044 -0.4030403304385819 -0.1115575786102323 
0.2161920356135338 0.01162549901009594 -0.1727332249863206 -0.2699013984891379 
0.1795450223469276 0.1771331773693637 -0.2856542795245765 -0.2415435037635897 
0.158666835087456 0.1157695530463242 -0.1967481558814531 -0.243562407467174 
0.2208618859559726 0.1068029162669896 -0.3711636513338596 -0.2382378918710006 
0.1279004993363488 0.1339033721218951 -0.2783413629169514 -0.0932973603802411 
0.1389037681167271 0.1909171221124572 -0.4770536861597094 -0.213591089700819 
0.2255911976134188 -0.1113027309814733 0.009520002557383701 -0.2640207315673169 
0.03616178669826977 -0.2389118085196905 -0.09326735098101074 0.08399680354856716 
0.09485050933829621 0.2000838968661738 -0.2085663458090536 -0.3197345492423671 
0.2055934599175912 0.03672416941172003 -0.4359954359151491 -0.1516785345120198 
0.09590280161544351 -0.03468893911506433 0.06610651039355273 -0.06208672230468376 
0.1838348414625184 -0.06100720560513285 -0.04424616688863868 -0.1933077328605024 
0.2764909389203808 -0.1320453596014241 0.04370070449931093 -0.0632208887749479 
0.1365285598345748 -0.1167088248499622 -0.3795757133193965 -0.4792114216323581 
-0.05491840220384017 0.182851022013842 -0.459443313684913 -0.2525639685889068 
0.1246647027372315 0.1812319182816605 -0.167792255780517 0.02944228095982439 
0.1097388589957417 -0.4161270184191294 0.3719290607943563 -0.3962907629578902 
-0.1183442943840952 0.1047717563184535 -0.3017179939388366 -0.09394965042932932 
-0.05565954636791019 0.5841206704749697 -0.7995047769427136 0.3676078705657296 
0.01992577091057603 -0.2585230185661613 0.1759992071998991 -0.1043704906077415 
0.1455060535665263 -0.7722341952555877 0.6514312748678953 -0.09252111676510703 
0.1502272514170037 0.08273859517358273 -0.08073981568659627 -0.1880322412932353 
0.1178415117878478 -0.1280106213467868 0.005315206649581677 0.04486643503690534 
0.1649761877805591 0.01454216804895094 -0.1881066869210486 -0.1912527330438571 
0.1457566042290796 0.005711143367162178 0.04537655275167694 0.1150132007589498 
0.03558816917398911 0.07228086930472505 -0.09618831004677683 -0.2329463620985909 
0.229124373777139 0.2231291404822482 -0.5377491134902695 -0.3913087381459716 
0.2448524300182039 0.1882209058575462 0.0003912400827939907 -0.1734403693302176 
-0.0258082039263257 0.1677960970978029 -0.2168447650707179 -0.06687992814659578 
0.07782010732567274 0.04950219312585728 0.0416878589851666 -0.3243936750497956 
0.08920039199271272 -0.0742629950005322 -0.3208036624803942 0.03572442984632666 
0.1075716002878908 0.07423527888538783 0.01784105608317773 0.04531266230506877 
0.187043028242062 -0.01496124862715547 0.07819326251008268 0.1250332059809969 
0.1374017525217471 0.02418866140608365 0.2405760959046237 -0.1105269580206359 
0.1153625509099988 -0.1062349178824576 0.4314970807615863 0.1089288373240965 
0.08817437020494039 -0.04896187895879112 0.3536813542352157 -0.3654200331945753 
0.09582988870823837 0.1829313645514957 -0.05903055355028128 -0.04149938053017914 
0.1106957513098413 0.1021916975857336 -0.179856505076745 -0.001812417520673831 
0.2552863307208916 -0.161459853660646 0.2348312357492368 -0.4663155693330217 
0.2024714562856561 0.1150693404979695 -0.1697172642961158 -0.1711766288035089 
0.2819001339877824 0.1542453499610011 -0.7877361532704722 0.07906008174446158 
0.1646100115550479 -0.3762891074488215 0.3788947090696941 -0.112208237387325 
0.2047840926537787 -0.3265480119538102 0.194359244524999 -0.1999920631248945 
0.1274504615172626 0.1953194360531288 -0.00254482684134172 -0.05426839863133397 
0.1422293398276009 0.2925876894520136 -0.5528490412167124 0.1965623152413883 
0.1070221513646877 -0.01977990576722615 0.03221932278019541 0.06660736832534174 
0.2563772367770272 0.5043424238286817 -0.6442197208708309 0.09614533209174589 
0.0452878016768156 0.1312252829845824 -0.01527266181159074 -0.6392029045291792 
-0.08094507395921853 0.02403668979237432 -0.4760237558727736 0.4883733482603723 
0.3365384812959255 0.08339643664664459 -0.2186737099827375 -0.3707111884633307 
0.262650443493836 0.1345430046084453 -0.5273526193390408 -0.2269752436429141 
0.1220611536313181 0.5281086388447246 -0.6558957273694034 0.2775612386742732 
0.130702663593226 0.1880500738410274 -0.4444408727208254 0.01940423309570705 
-0.06092071562828053 0.0345523661410328 0.2181202312977805 0.191991243180661 
0.3092950236462342 -0.08259287282841724 0.1749983430355899 -0.3246879640915788 
0.2071376499412455 -0.1335904275855841 0.06603311159520088 -0.04223295857412136 
0.1346764320222453 -0.01626192894382697 0.09925302831165449 -0.3576479906189726 
0.09046248507123729 0.2782851747963986 -0.1571732495400579 0.002000503505879747 
0.1265434916999852 -0.371214685905526 0.1278538695608918 0.2736941557124647 
0.1083454446303972 0.2257575589850582 -0.3183940264863306 0.04221852501027459 
0.09981721783121553 0.2628995722734186 -0.2237041915170868 0.072440143137668 
-0.2159945687244374 -0.3233292474646212 0.7548428701011834 -0.3221033848470094 
-0.07816049354407396 0.1402328933895964 0.01836668982643158 -0.1016171966325919 
0.006761107478212873 -0.03635281213589575 -0.09170345287584201 -0.2231121175937579 
0.1867181743523975 0.03935884737730253 -0.1879287393886531 -0.04924187836109512 
0.2619247678826013 -0.1253612615780311 -0.1237586992226779 -0.1372051932298341 
0.4169357097387901 -0.04151870217645113 -0.3572143410333712 -0.5291654718237022 
-0.04559233046100484 0.3568741192094987 -0.09870393481453561 -0.1370635618693075 
-0.1546228662476925 0.3251758906077771 -0.441006435193855 0.1001612278991338 
-0.04407908738375652 0.1567615000235252 -0.3657597505097903 0.1241557436986227 
0.0223511498339286 0.0753532464110212 0.2373079663980145 0.08733591232004566 
-0.04139487051546557 -0.1366593509012237 0.05353530117645716 -0.057987932665051 
-0.02406901647199135 0.03791206473459757 0.03441315594267431 0.1668527978413347 
0.001082506927390957 0.09135884994556856 0.1949611226099242 -0.3173102857415376 
0.01624054001671802 -0.1292522347690603 0.3647658539447723 -0.1483504142414098 
0.01919020249969432 0.1497709912577398 -0.06253067543406898 -0.2970416913435858 
0.325361668583327 0.2282044298205172 -0.006592014427843568 -0.4233519041538524 
0.1377585380352112 -0.8618244633223787 0.5096438388607002 -0.1202700360034252 
0.2747328117519752 -0.1342547036252806 0.3122292270222621 -0.3298957399961639 
0.2856773959131713 -0.1768511363011276 -0.1427776186259258 0.02837212839068816 
0.1472314934334231 -0.2055583315034855 -0.3195895723373301 0.2444853442199675 
0.1575525954867573 -0.7303089132785303 0.1757680431991956 0.2217398347074076 
0.03438671071204712 -0.2780957247290545 0.2957884559319887 -0.2358342103431738 
0.09991701116780607 0.1854179839886973 0.06730646204458621 -0.2881015433262423 
0.1216725790149471 -0.7439104688657058 0.6227073399647526 -0.2109693218606024 
-0.002629998088602383 0.01272204534051208 0.1471540863359304 -0.4957798768479842 
0.1354369637654743 -0.1872528609158166 0.2212191339951255 0.1368290923870644 
-0.2027129561794669 -0.00753722734627843 -0.06018003674408193 0.02758988890750761 
-0.1168957987732735 -0.07953151223029548 0.08597378395907096 0.06460578923189132 
0.09755003928199006 0.06546331110756809 -0.2619867398410801 0.2209973507646124 
0.148958966599966 -0.6276189516448123 0.2535902336738333 0.2476178455335749 
-0.006176649602653159 -0.3672234676579997 -0.01717832852958657 0.3719505480945542 
0.00833382979295922 -0.01558738973676602 -0.2140155179974579 0.03458043839866538 
0.0107757534676267 -0.02926104622795106 0.1763273762178231 -0.04963627884229266 
0.05632268504155836 -0.1754269111815782 -0.1028645652870718 0.198911022860383 
0.002091537207774787 -0.2593365214073104 0.4254273343599657 -0.4045571539281713 
0.105117738587584 -0.3178274375651329 0.5047395673320149 -0.1658671267426738 
-0.01602342911864823 -0.1000846810742252 0.212945602199506 -0.1229893700713834 
0.0523763739431805 -0.4872181378495698 0.4016881045030931 -0.1039104573192064 
0.01504909201143052 -0.3068024343810398 0.2530206901397858 0.02785192812061462 
0.1119784063018872 -0.1900941034246263 -0.3568447883224134 -0.01485706251382783 
-0.0895851971289599 -0.192696131866199 -0.1214351607725571 -0.09219864786404121 
-0.04464178586110683 -0.04072269002206783 -0.3522134857747226 -0.3410290107926287 
0.01448493135485106 -0.1862182815573452 -0.1339969417114474 0.001238917533930284 
0.2125234295186522 0.09201011986697719 -0.222341779528981 -0.2602458560318286 
0.106145556456967 -0.207626973283194 -0.1373856238562387 0.2435774916415387 
-0.1853413829153906 -0.2630148351746999 0.4195099170746375 0.1890391718767357 
-0.01823102904839131 -0.09366650525195547 -0.2680522682275082 0.1810512749799567 
0.3283874831557925 -0.4150125586749934 0.5995265529387452 -0.2452662304201778 
0.007919805294340004 -0.04630581187048291 -0.28086314697057 0.2575457099979601 
0.1713244643043955 0.2187033736280027 -0.2686661774762976 -0.1097909080821596 
0.1874392821277514 -0.1516896478018687 0.04667594537796833 -0.1220123086172381 
0.1465504791068159 0.03325955786539127 0.05079420625856993 -0.02475737498311213 
0.1602544756496884 -0.2851336871180983 0.4896901976473717 -0.4048035894108652 
0.1722387055744765 -0.3189641075064062 0.3966392797308095 -0.08964622623338489 
-0.03285692955375199 0.08837407742075908 0.05688275885523739 -0.07863826660859279 
0.2043997141059751 -0.5647167677307044 0.516843575459432 0.1082680181993666 
0.3877805989104355 0.3281814597847095 -0.3715286941005597 -0.2629830370681571 
0.1827681441640212 -0.4394361067010487 -0.1714069551751831 0.1232217871661349 
0.4286209701829459 -0.2573545045521107 0.5772339373095077 -0.5747523857136906 
0.1491090969414986 -0.7049285337914862 0.3957961712029871 -0.3489486989825008 
-0.09339372622640128 -0.1695594886916808 0.03329225991987775 0.04910769520289208 
-0.09716649773944529 -0.3269188713455101 0.2541711141123722 0.1768105847244893 
-0.0840468730978451 -0.1355929675542964 -0.08779205321573269 0.03959884977930615 
0.06871519995565926 0.4917568727140692 -0.4840211255137709 -0.09522356117382923 
0.07420594704693542 -0.03981585469683709 0.1007292001273184 -0.1311413499235332 
0.03640341943965675 0.3508081900292656 -0.4380122045966982 0.1435607158200295 
-0.1065991652418245 -0.1607609962043631 0.1533522613475567 -0.009386967600292997 
-0.1150569619753387 -0.5517782447478213 0.3029521099246487 0.04092052691273756 
-0.1194545546884688 -0.2315760929460055 0.08170848843745825 0.3599674537480875 
-0.1247971998269075 0.1735291010856872 -0.3187671729186675 -0.1522373073643458 
-0.1516254517942711 0.3448373585557281 -0.4156517930308835 0.2350795223112526 
0.05572326304305754 0.4561059424251036 -0.7945778448182069 0.02698290080009895 
-0.008518297331547428 -0.07582876849941363 -0.1728446987794819 -0.1370658448304256 
-0.07891710985211423 0.05907755246478989 -0.8612814087576829 0.4195452546753436 
0.04338810446922554 0.5191729162686287 -0.6511443006925036 -0.08281129215249278 
-0.1160974002294499 0.6185026978370737 -0.5651739716561285 -0.2779574362043872 
-0.03212443952903315 0.1310541361762537 0.01709629845000057 0.1271705921867641 
-0.0430988756960958 0.07641319830668193 -0.6517751974059971 -0.1366228183873845 
-0.1525817461499568 0.5310445770039086 -0.4113795380197723 -0.07433555717130538 
0.178065057092713 0.004768974709449486 -0.1669992448172006 -0.149376441004955 
0.07320062019989125 -0.3202732844849491 -0.2772320661400123 0.01581639647413688 
-0.004511766416054813 -0.04117977688623763 -0.2696067220785361 0.3047457569667816 
0.09134261963635104 0.3037270718615547 1.110158246761057 -0.9154421262064277 
-0.01192981579160889 0.1780956072617619 -0.1930220070069875 -0.3711810030703075 
-0.08677750274693533 0.8719089877709972 -0.4701784048825339 0.2634152461772764 
-0.0946539986428987 -0.004816128978882012 -0.12088054655963 0.4517025026001429 
-0.05396629687548309 0.5846704806616781 0.5217688426855298 -0.2363901405746404 
-0.1878093722115589 -0.2262856496253874 0.1924674966612919 0.1008276849471239 
-0.1624159782741186 0.1702418326708083 0.2171455966097338 0.03998893746827518 
-0.08912724657433518 0.1621466159449978 0.03590936154367058 -0.08510571846442194 
-0.09709384849923795 0.609965902239473 -0.1370409941309479 -0.006304037621646258 
-0.05246335918837101 0.1984856792378306 0.3177149497003341 -0.1078286953014123 
0.008722133267197616 0.1444653818039515 -0.1169819589269872 0.09867586042906058 
-0.1475874330083213 -0.3106426153441365 0.3785276642374283 0.06635391326934685 
-0.1872233050953925 0.3962404930429453 -0.04626246097989563 -0.1424805140131437 
0.02809811416791864 0.1972127115980794 -0.4746363482672184 -0.07067887589270908 
-0.1219592897383815 0.07401910855829356 0.5312056791447246 -0.1552596131205319 
-0.04890359077688124 0.0005658557210387604 0.2993724128473804 -0.05379277175013294 
-0.03123144610222953 0.01470843814580789 0.09249688904604042 -0.1899416590517566 
-0.08606508195623903 0.2337755292843706 0.25223128925199 -0.06885311080003263 
0.03748284185296888 0.3297798854515541 0.1194085685812262 -0.2356812991370324 
0.09881092832567891 0.2306607705459298 0.03553373288655908 -0.01091604374304523 
0.01969040587635888 -0.4615779412687087 0.157896511960194 0.006040576505352888 
0.05473638466884073 0.08437101054993326 0.1242544800624437 -0.06256238877499298 
-0.08384969218972826 0.2672589419284669 -0.2648372317519832 -0.06670951163924255 
0.221514028089155 0.226384985185295 -0.3102704061009685 -0.1443716463016359 
-0.01646936149486755 0.4187201108911257 -0.5065145113411664 0.1240397934005431 
0.04215692687384857 0.1551781190080705 -0.2551842825941195 0.006964987412952178 
-0.04291166343744227 0.4039464634646824 -0.1168629313947926 -0.1765077471073761 
0.06422932783706245 0.2816297548279566 0.01974621614371937 -0.2041499616327851 
-0.05538659000000468 -0.03673016561430546 -0.09882322279752406 -0.3551580931407443 
-0.1056378311575094 0.1499238028898049 -0.08873716593083802 0.003658667561101731 
0.07657989424763133 0.5599447033403333 -0.6033910700135546 -0.1403205159752698 
-0.06226554820745854 0.03355525465662627 -0.1040714970027001 -0.06247820307359709 
-0.1221052144725793 0.01007500939729911 -0.06818441201513431 0.05623189219689426 
0.08355437095959964 0.3240847205793747 -0.1464832112786366 0.2014559906417216 
-0.1388406914934689 0.5665432383391779 -0.5117667678089319 0.08133363892810515 
0.1033359390339638 0.306116725132082 -0.02849769171278384 0.009686195790314076 
-0.03499844959278825 0.3839258318121025 -0.3079516511066567 -0.1010651223713493 
0.01711759237820639 0.2606767197509011 0.1428457439234084 -0.1747210208497614 
-0.3247360734068658 -0.1410652696002594 0.4776180476497653 0.07472596484571356 
-0.114717392551568 0.2639918265865129 0.1683622013137126 -0.3079226529874595 
-0.15029392955872 0.08183787463971787 0.04733273625478725 -0.1055301320360273 
-0.05442925438902241 0.2379346755281339 0.2085210640199269 0.08028197553368813 
0.01415912813865427 0.3849299683052303 -0.009532945848552733 -0.01689056767994546 
0.01615898973536743 -0.2182307290163966 -0.3389002778427556 0.111195570936817 
-0.09795048181870697 0.1265322697163332 -0.04824970978077602 0.05286032834215589 
0.1916929690774624 -0.04819542818669578 -0.1519937426410844 -0.2897247172895806 
0.05629790783675842 0.1107297075235503 0.08071579698657418 -0.2165133238465503 
-0.08558578491363535 0.1113400677971991 0.0433073959052396 0.04113313662045635 
0.1335833113813585 0.2370076470462448 0.4482893125554864 -0.4289776523013228 
0.2146218568316332 0.7604342399507658 -0.7763745036357911 -0.06751136775895979 
0.1856451670788409 0.6406738339005232 -0.3141001160907985 -0.7406969301157369 
0.1615504405304266 -0.2401725849178951 -0.1388166512846586 0.1179021972063802 
-0.1142898124234008 0.2826027721703262 0.1044995806926518 -0.09298097111744034 
0.1275829871006541 0.6411089663261856 -0.7415382741070679 -0.2153274490102268 
0.2490818559697957 -0.100239189964832 0.7467135695410572 -0.595981835273134 
-0.1515627725025618 -0.2078427418749585 0.02688060431413894 0.02077442677154702 
0.07503091287698026 0.1984208945353839 -0.1892179405373271 -0.1497150983187854 
0.08212621466708284 0.2049668264835116 -0.2383018584588658 -0.01458888832179235 
0.1000305954560234 -0.1093986452326421 0.1335651469015197 -0.1980336926432272 
0.05645061904538133 -0.1059662379333205 0.06614786917126883 -0.07438720090800474 
0.1104006313972915 0.3167914327543982 0.08105625192312887 -0.214240923471571 
-0.03045879660641206 0.08819625881996326 0.05523674421966952 0.09475010861859848 
0.1619450859910524 0.1807536745198098 -0.3046405139379728 0.02181488176427885 
0.007555895560821727 -0.03809343638125937 0.1374389310516079 -0.1708930152045632 
0.06907292452551149 0.4112889713652612 -0.3746462433149468 0.05639736109298106 
-0.07021218284628769 0.06806252023762215 -0.3001252394646333 0.3695939349677373 
-0.2007687168996259 -0.055333724430168 -0.1050100322711334 0.297340270486338 
0.01207696738260784 0.2585786888064686 -0.3018117825938205 0.06497977882421284 
0.1149743610457462 0.02270728643258906 -0.620639299283531 -0.05504493578100576 
-0.04174967802930924 0.1089359292936598 0.2022444278613687 -0.03477522201951314 
-0.1629349151330474 0.485479735724619 -0.5227780637180187 -0.04776311327111803 
-0.03971418252028549 -0.1643763000299823 0.2530583271476882 -0.3404518480733846 
-0.09156195695759355 -0.01013768579293441 0.1330410398853561 0.07156543176361536 
0.09291198388036247 0.2579233117840916 -0.1078419080472159 -0.002220325794185209 
-0.2045983314448658 0.01995823242957682 -0.1419126364191316 0.03583541446102042 
0.1369411829420162 0.2564107250908309 -0.3799031694416788 -0.2537296768847813 
0.1164442163638121 0.03804314188364371 0.03460829904406473 -0.2291918341140502 
0.1315444665828946 0.2874024564431268 -0.4638899701941913 -0.1521259737229673 
0.02049166788384396 -0.03388490282848129 -0.1894429391878967 -0.1164012926751442 
0.2123807694667562 -0.009238267800853841 0.1017368136577546 -0.476840002642437 
-0.06449007805016733 0.298784518193181 -0.1480601556728303 -0.1544410422808043 
0.03102504366875979 0.04234475043778976 0.09982416460095775 -0.2439763944310393 
0.02747592124546413 -0.1796921703768764 0.2410845074432028 -0.2849603153327346 
0.08453939979881955 0.01353878752947918 -0.07908383128285359 0.2763410941864171 
-0.02189821246144363 0.1920689393407911 0.09775273435581737 0.05168352298144912 
0.08924408616248355 0.02025493360201279 -0.2442170589319278 -0.03545501193364762 
-0.0643509713194139 0.2099208099926691 -0.3930007580234098 -0.1114215162440171 
-0.1834395697011364 -0.01071535907578214 0.1019396420354025 0.03616674821296812 
0.01667522319869186 0.2013722200425714 -0.5436948946960501 -0.1277059900088557 
0.1872969995539301 -0.1509358164011286 -0.8302027945906437 0.5153757067237374 
-0.141674579541311 -0.07790198123423225 0.8146133864514419 -0.4971855108328023 
-0.2072671699334048 -0.1696660989069322 -0.04536475766835782 0.16408181416455 
-0.1241513683454382 0.09546376123195725 0.2999492155272421 -0.1734859919671374 
-0.04998510201954087 0.2204207191991013 -0.1832223775611758 -0.06045217129243043 
-0.1756374409308565 0.2528536840130636 -0.1520880508835222 -0.02585189462467278 
0.03780795969213543 0.4823768818757848 -0.3415221196968165 -0.2183486672408918 
0.02504254929211186 0.5466282255759588 -0.447743423862868 -0.0608962152589218 
-0.07917002223077794 0.4661936898876516 -0.1337700327239943 -0.2983849159965438 
-0.2317531967050859 0.1812983513784683 -0.3218444506699076 0.3206771254612962 
0.03748323191218025 0.259478600154489 -0.4676651162309486 -0.1775168528524378 
-0.1731878498989317 0.2100588763748121 0.09129958456910285 0.0943353820435832 
0.06496238981115821 0.2393493290214959 -0.7101753972768143 0.2356604123254554 
0.1175196216390999 -0.04539585839384173 -0.2586008060547428 0.2040368785483697 
0.09387071511882604 0.1058050740925866 0.4325812196555702 0.1715194308308922 
0.03345175076120757 -0.009871594886470384 0.02166498611574148 0.1299974201943061 
-0.02121524088752429 -0.2459957297843776 0.3624853981513296 0.08547470367729994 
0.1042713142561051 0.1649208621173965 -0.04896569996401656 -0.1142722342332866 
0.1511921094359397 0.4302206962480406 0.5983267612668303 -0.2772043746593824 
-0.03958172339146037 -0.1071275785860608 0.2910148693174656 -0.0528131164779977 
-0.008565948903916869 0.3273969044870416 -0.8681079449968324 0.2681055947973568 
0.1777451055245264 0.06641773439870946 -0.2301463994453073 -0.05245017574698688 
0.04409931039956018 0.5028773199753881 -0.5088452864124032 0.05334016192363488 
0.03671661735517473 0.01064967277896379 0.05980405122273332 -0.06564704328633506 
0.16041112040451 0.2593360618630243 0.2564725650834394 -0.176320619894641 
-0.03742409699671875 0.5444829251872325 -0.4754536221935816 0.03379613196064205 
0.1625963277132468 0.2619977742053616 -0.2374632958429364 -0.1165181971071523 
0.1129071782708274 0.06168471575978252 0.4215236782994664 -0.2368721418729473 
0.2588336051036325 0.6616539810156034 -0.1690361471101276 -0.4583084873517334 
0.1882149517596425 0.7760788601254867 -0.1879597836134267 -0.4203650907997205 
-0.05174310933425866 0.2168716977649834 0.2933573351732441 -0.2631416171916649 
-0.0795140845689884 0.108961949579153 -0.0139009893361659 0.06366270012730256 
-0.1295065880224715 -0.02557414676309096 0.3769102268658965 0.3326158264546413 
-0.11510673055434 -0.00813315402758766 -0.3734206725631682 -0.1572464544920776 
-0.0008397189252257626 0.2245108168700332 -0.1059231256255328 -0.1632151617138755 
0.1420450592652461 0.8252641680460454 -0.215256935255064 -0.1503558012516488 
0.2609593213539532 -0.2847533053220024 0.4396005296528405 -0.4053792212898555 
-0.04400705484664951 -0.2747824160523969 0.6545708323563587 -0.3997925549185741 
-0.1099699198407717 0.1141403373811363 -0.01792800606344097 0.1489663929071144 
-0.1167210834249733 0.2918000640933458 -0.4835122019238516 0.2082776976792829 
0.0561600601457229 0.311233476098952 -0.5179175195162847 0.214577586996743 
0.06216924866716862 0.6252280045776268 -1.003383591241322 0.2798288104262019 
-0.08401560985062638 0.5568372315790884 -0.6219894824429223 0.000957692417649678 
0.132520479009494 -0.6335692515452376 0.3543537730205543 -0.2796630895181444 
-0.06800337406173315 -0.1331733864491249 0.1261251707801234 0.08869788913862428 
-0.004837298779632284 0.3761652076832682 -0.5552497161621447 -0.04383608573725624 
-0.1359285380049757 0.1209765614401233 -0.5042933796941224 0.04731459003086868 
0.02375766776109259 0.1649162266382758 -0.3447386877732315 -0.07245392956395792 
0.0422669397380838 0.3086000300129263 -0.04858661019554338 -0.1833043726845839 
-0.1062194639261446 0.6182245166724716 -0.4180238035424232 -0.0906846589466645 
0.007162889007782873 0.50768928331351 -0.4418220456538904 -0.3445572375647471 
0.064257223615836 0.07752271170651691 -0.07004023977348776 -0.03753157949524413 
0.01248739624292355 0.3725187610925637 -0.4250571184881771 -0.1168070646034613 
-0.1086890497822274 0.1566430906183785 0.4416634333134694 -0.3083322972554202 
0.005838681202614723 0.1765192142756769 0.04709741642370837 -0.4242784502558163 
0.1152833648167349 -0.1715908205493681 -0.3016417263757964 0.3648742606638674 
0.106664828137835 0.5577346794666953 -0.5835022551685638 -0.2043567638844246 
0.1209522749033345 -0.07043017767225247 0.05941259145743778 0.02073352574290275 
-0.1671363977163937 0.2940633584941457 -0.6123588214616192 0.1899968910498611 
-0.1916606657354314 0.2437273562066065 -0.4975403795887191 0.09792266094598845 
-0.1523608809976388 -0.2360846589033506 0.08773327788919723 -0.03687139026585123 
0.004719462613071706 -0.1896663147402591 0.1495315540379642 -0.04432017681421764 
-0.1294183818254401 0.2773820431135488 -0.6706937743376378 0.1083937100619133 
-0.0114602643768463 -0.1806932078942933 0.1738894701277872 -0.0763123572755412 
0.1157734347451451 0.2997356753026037 -0.5018530888074504 0.1052572314551368 
0.04930965604760282 0.007293866443115675 0.255645291867461 -0.246166000393536 
0.09759607593871465 0.2049712882057536 0.5101652689156123 -0.3349105214488483 
-0.08520172215647744 0.1465607371518197 -0.1743572648339101 0.1393606723884191 
0.05364428709092612 0.5078947321270294 -0.165555284656783 0.02473548754715164 
-0.1810446717412385 0.1332901471674016 0.134455896515782 -0.1238633179206884 
0.2963023311822765 0.6302337672176489 -0.1839378348369754 -0.6790352240223035 
0.05393924743069261 0.3011660275817267 0.1550567683947601 -0.1645449978856172 
0.002131151216316198 0.3927577030486627 -0.1078915019094521 -0.2898057601575157 
-0.08639595261766375 0.3512701430044006 -0.4557415073660064 0.2862820072264955 
0.150661055851213 0.3686320179752931 -0.3340302715989675 0.1448469874123456 
0.06340858854849944 0.2143556467129115 0.2510634212333956 -0.2764943063688261 
0.08584383033615217 -0.2534007484370599 0.2010663129572744 0.1592931790918058 
-0.02087200413028261 0.1481263894478674 0.1991316552674904 -0.1836486972587738 
0.268001348827056 0.04360999920335603 -0.006368678576702505 0.006137785803045557 
-0.02723783857063311 0.04942377137502125 0.3176140306773249 -0.09212635202295626 
0.02895074329764136 0.3004762282895773 -0.8096327512994744 -0.03565348563323435 
-0.0219507073255449 0.2599296644626946 -0.4387108547915841 0.01108113604743113 
0.005417060507287618 -0.1108369362720085 0.1417433620101436 -0.165363913656781 
-0.07441950936781502 0.328532794300514 0.06137437193562693 -0.251444172338992 
0.1507867802150361 0.4103337258106941 -0.06957603369721413 -0.1146426063314774 
0.01126214150136996 0.0274613499569536 0.465024093010226 -0.2472021024675722 
0.04705729837356553 0.07418330912416544 0.197661876012086 -0.08878449428093446 
-0.04191588844417706 0.09475973382251913 0.273046714437063 -0.2609695814915238 
-0.02695881905331833 0.166964740551789 0.14347705951384 -0.2289110422207122 
-0.008361085843806709 0.165653330261769 0.1460866352721084 -0.05808810580605921 
-0.03931299762465346 0.1326535967632164 -0.1998358219182557 -0.02700415718601705 
0.0639135735877271 0.321680832265355 -0.6481544018692914 0.1036186065120301 
-0.008926714076663719 0.2031466797431661 -0.3906907478732263 0.09869793958151599 
-0.09559241443248936 0.5107814600266151 -1.043432579954646 0.1176999862538813 
-0.08671904537268864 0.5339607248552826 -0.9008250488329612 0.2083004612720599 
-0.01897870223521381 0.06662150101395668 0.1230845188266415 0.03395377757400685 
0.08343518507179079 -0.1129482557440926 -0.1033927810200049 0.02498195453011433 
0.0122346218139022 0.3367951991241374 -0.4600596405548627 0.07821330450011993 
0.0906099630133792 -0.173358946920892 -0.2392994163458947 0.5411119794365638 
0.04431520171590234 0.4927789174256501 -0.802232528365685 -0.002044377667307915 
0.07743674869227124 -0.05421999391735358 0.4112512827642991 -0.4248910224426665 
-0.08204563075059479 0.4775679230980492 -0.2042671075912682 -0.04182532383382125 
-0.02626264445516254 0.05393470728220379 0.4286957025933123 -0.105877738484331 
0.2129279840273039 -0.06735619601017077 -0.2162664415258514 -0.1592090664270084 
0.04829200844367887 0.2558680312786137 -0.6080110124030192 -0.07040554999639344 
0.2740715328460641 0.07892514293327151 -0.3245851285846433 -0.175522724751921 
-0.04067838327285207 0.3322011513059139 -0.04624931241140282 -0.1565265395508103 
0.0138205897883818 0.31115167707143 -0.6586256168714905 0.1851322576338203 
-0.1192153914053849 0.195917047717774 -0.1131609276726548 -0.1442144529143831 
-0.1072498257553382 0.09862848515011347 0.1428771119374192 -0.179318135277673 
-0.1213883664991547 0.07293188530732013 -0.1460498800293244 -0.04785597704889089 
-0.1124019675004902 0.1450635725980415 -0.0130617074099581 -0.2718131391880032 
-0.1641283423095171 0.005039239584668396 -0.3358794318787856 -0.03292014180005458 
-0.2318043078297653 -0.02873276114987769 0.1617371068633903 -0.02798737091090901 
-0.0566054907965498 0.01172841888672316 0.09731646375191599 -0.1380867378937905 
-0.1603250318766337 0.4443314026978815 -0.25229102783523 -0.07585352396040136 
-0.1110782538788723 0.009639977658810773 -0.01824959167718504 0.1372819340909677 
0.01451151341518795 1.771743402260807 -2.175499594574889 0.1742092879748596 
-0.0754904532550313 0.05160869843291398 -0.1447477384134853 0.1454893168364711 
0.1401152247549531 0.3019784491478364 0.07176854717060022 -0.01620099318656031 
-0.08054037890918443 -0.02688603496643359 -0.2453381069057207 0.2896858413215782 
-0.08558153290940186 -0.3488642208243939 0.03000454575537053 0.232455912564096 
0.1274471228989493 -0.5450548228643083 0.03591917908006943 0.04512870940488612 
0.006067146844404457 0.1739772066886243 -0.02010335281078289 -0.1370181844274638 
-0.07961087964331813 0.2365000184752559 -0.2351880015687633 -0.003914107085047451 
0.02079884544662787 -0.09667402719190356 0.4378159130460178 -0.3123570881408245 
-0.1342331031995899 -0.610560760108809 0.0158894928955504 0.1841479629637152 
-0.0921135082455313 -0.05962122314976433 0.0857638821456935 -0.1460895143750813 
-0.1725085392957854 -0.7336110890709242 1.172957417078694 -0.07977788427603028 
0.01994992994940099 -0.09157682828946591 0.6019161729650702 -0.3795599672686232 
-0.04373654065705498 0.05550270161510523 0.3689347725630921 -0.1259563740005462 
0.005293303637561251 -0.4160233160698997 0.5031515981281928 0.02049944302965708 
-0.02978455851960886 -0.001923092201689861 0.4555285479852824 -0.1482183878969202 
-0.08960929857453701 0.3370766496597357 -0.785758071962424 -0.06484560299791001 
-0.04100869684648552 -0.1600834582630226 0.3400502276554315 -0.341077493613238 
-0.01312678673907651 -0.1787247226734754 -0.08056276882350834 0.06209914409510341 
0.02255563397175475 0.1245334607360805 -0.1988519446541091 -0.2643263885997514 
-0.2961718687223207 -0.2174071492357267 0.08730857983283634 0.07053852133627624 
-0.2486341057666382 -0.3826811339780493 0.202759736931159 0.156084697924126 
-0.1014471169915105 0.4579732305273408 -0.2504938432419076 -0.129073940642812 
-0.2624250072477624 -0.07133861441509788 0.01375710942675308 -0.1663756052734823 
-0.05448582261237026 0.04502122651649842 0.1698544211861407 0.07568006850413071 
0.01261729691900336 0.5233335411894702 -0.5215085710384872 0.04260567275254985 
-0.06597822902731457 0.1641254320191891 -0.03030460735133844 0.0138314322607675 
-0.06290344290665842 0.2317914393363191 -0.07883915197383595 -0.006195467541196886 
0.05119048188977365 0.2633969922190807 -0.1369062493180752 0.1669589954091269 
-0.09091815974648003 0.05148597741989228 0.2554845201761717 -0.03008418023385157 
0.02496890204092196 0.1528936994411429 -0.1064137239148565 -0.05837734407930947 
-0.1058057307870053 -0.4134315891897771 0.3454644603127701 -0.02138513803720936 
-0.06410896222504806 0.1626484845210311 -0.3271404582833706 0.07680751336642244 
-0.03295236356333467 -0.09242243110534755 0.07170457505531722 0.07922147382274773 
-0.06875234452569416 -0.2594697870297638 0.1715713220676678 0.0611967097165822 
0.08007193979509646 -0.2802922213524781 0.5367163428999054 0.1137712865107181 
0.04387998162872076 -0.2642481973753807 0.3240988507410196 -0.05126489202442811 
-0.08643625462872442 0.02157844215082794 0.288714884065057 0.09203674846547739 
0.02048710672777686 0.1836309394725498 -0.2063334061003304 0.07793197595732118 
-0.03235557358518584 0.3451136001990512 -0.08204882872640296 0.1890138017092766 
-0.06572132701906142 0.1289779131704035 0.2563691400750546 0.02993302245414814 
-0.1366804838171911 -0.07722387364756732 0.373742655708539 0.181994541006221 
-0.1138358260407169 0.1468770650478066 -0.2969024844982402 0.3229618935899249 
0.1054961850654907 -0.08582753923664356 0.7878162453931178 -0.3210363336587282 
-0.008265091196196835 0.1127684732247738 -0.199420264899051 -0.1048452760474871 
-0.03007069923162077 -0.5521416278775948 0.7121341242075953 -0.1792814402193159 
-0.006708409092070215 0.07493924913413273 0.3315408096367485 -0.1530167492865132 
-0.1135731558675578 -0.5391727490852303 0.8644810030970105 -0.2585304233311354 
-0.009578764467822978 0.01481682082704526 -0.01188167895677318 -0.2535866416255738 
-0.05546061639735331 -0.3017456721734464 0.543449360281075 0.02501691273328687 
-0.1223319542651175 -0.3524930218919023 0.2262975589044879 -0.1075048694133641 
0.133752922987928 -0.08269367698916041 0.1768204406041067 -0.2001678904638595 
-0.147425210226334 -0.05928769891058989 -0.02476580274793409 0.1770671611982021 
-0.2777871277139904 -0.4620033518401277 0.8157303703917809 0.01284611717619169 
-0.03740074339003915 -0.2670526244641756 0.4806224261796995 -0.05265028902212147 
0.07869895295736389 -0.2389718831927088 0.07451325167673796 -0.2292543279758606 
-0.005805831810977191 -0.1070060270383985 0.4118066903087202 0.1472109933132716 
0.1692408929001722 0.1209282626775781 -0.03985506173653673 0.004605547822567679 
-0.05045517755084814 -0.04820415523766208 0.8037643446516605 -0.001433313789938375 
-0.1347488908563115 -0.07412094272099998 0.2454161118340596 0.2577241721758652 
-0.151602774726924 -0.2214771906422699 0.4200614295484487 0.2741138267915206 
-0.1323508408360228 -0.3572127753584413 0.3404486145944407 0.2560974238879863 
-0.05882426875816096 -0.1008261463287488 0.1158319082755548 -0.06922896712374234 
-0.005248802189819629 -0.2422978301250189 0.6024992640575523 0.04784904121916471 
-0.1594513926496972 0.1551192343801756 0.1977831956842537 0.029258769409543 
0.04133354132655201 -0.07414953263428187 0.1206221304890547 0.1017786316624617 
0.04363561315772677 0.07383288283103968 0.006408304858715345 0.07370478135248743 
-0.06903438426642569 -0.3669004155281366 0.7589899854937888 -0.305581751127561 
-0.04391832366931686 0.09622919188415666 -0.3641294293183952 0.1702290356078015 
-0.1169042604197099 -0.1581398815082395 0.272268229506376 0.3337756817299719 
0.04678469696186474 -0.05889878430967794 -0.2204406180455729 0.139254893323859 
-0.1310061720923431 -0.1431011843136458 -0.160212061483598 0.2915638055642682 
-0.06202728181539914 -0.3597154926069867 0.05143300098834248 0.02740688022341078 
-0.1536412883587317 -0.2320380811070851 0.4310902659506418 0.02419756253361187 
-0.2049122843941446 0.0387815285381946 0.1526805092847891 0.2082090277352607 
-0.08827202986400849 -0.09645908866751739 0.03957784104273502 0.0961462033663871 
0.06743951029470065 0.2126650356618749 -0.4053011985951432 -0.2108152088162361 
-0.06908122988235929 -0.02174347547453902 -0.1341545748040987 -0.09709507443679707 
0.07533413274032724 0.006318061454233262 -0.02097767994923971 -0.2408726902724614 
0.01713962253481584 0.4451766918307397 -0.6239134720214914 -0.04943249421479689 
-0.1653806043744051 -0.06997887466349195 0.2096681247632313 0.0414824012695496 
0.07376919149423165 0.1990230290688043 0.2304768171501808 -0.2706945062032967 
0.07751438676869024 0.3896515387006393 -0.07052870327061943 -0.09046882376059093 
0.01987484864529639 0.1583812351140333 -0.1707922908409901 0.02911129222188505 
0.07442917561727777 0.03654519299116551 0.1109214179760767 -0.1211541911755293 
0.05305603094126727 0.1085496034249779 -0.06782926635301449 0.0006958594301663211 
-0.03279848830976412 -0.1232563681890013 0.7038667684998989 -0.07758492603578601 
0.1402838958203426 -0.3650452078495059 0.2121462630669634 -0.09096804178096275 
0.07220942965448884 -0.06577242816976396 0.220711371694642 0.08454007045368363 
-0.2396375320064196 -0.2212953004069508 0.3560363949008852 0.3718753518126239 
0.01575526728013242 -0.08345668146977664 -0.5872285002137643 0.2062254270684567 
-0.07816450471997842 -0.3536714913539631 0.5637843586057522 -0.08109221504616668 
-0.08646728581613337 0.5524296184748835 -0.5314728751008551 0.2022149677904976 
-0.01392727094060747 0.1466699385332418 -0.1266577313679612 0.1038493802032954 
-0.08312857310704286 -0.1817074564073929 0.5557521671353776 0.1036864022748845 
-0.05991697538400563 -0.3230705013894429 0.3124127227882589 0.1339011881615952 
-0.0179904774973644 -0.007698414477991486 0.05521080692658722 -0.09863750733252871 
-0.0988528067601247 0.0148327236203783 0.1093888794497322 -0.09821228322192313 
-0.09040237652938289 0.0469728062971772 0.004114994002759742 -0.03299344347403885 
0.08060979382834772 -0.1698599059429829 0.2391846033548109 -0.03785711610124367 
-0.1423753872854501 0.2751314164806825 -0.3150565674225436 0.179221495190921 
0.01223055847297301 -0.07983397829444519 -0.0566323467712036 0.1777190965531118 
-0.03344278630518682 -0.0932543294602896 0.7098023257172954 0.1030867516866798 
-0.01238469727470376 0.1546997555418874 0.1293162983849543 -0.02215984099604832 
-0.03936696991530279 0.0748636158487252 0.4003105687844216 -0.002513651161277412 
-0.09315920392128382 -0.2082579863305766 2.261161215469368 -3.04880719589733 
-0.002739443652780029 -0.3099701731149657 0.06021221406674959 0.1719460493628397 
-0.05839036182417481 0.03135932554111971 -0.3373506835268102 -0.1326732800642333 
-0.08232508623793694 -0.3119510758046296 0.2911150053538328 0.09642094256110083 
0.0009502402542728425 0.04916057454224364 -0.2454442722899717 -0.08857555063552666 
-0.1139561434423126 -0.3830921756298922 0.1883744726800821 0.3058903092626488 
-0.02557714059686648 0.2073965686553649 -0.06652607389515575 -0.06512407111672797 
-0.06085835600894706 0.2211437433393847 -0.4304764570676636 0.1535791303038159 
-0.06892205960095782 0.1407902073803533 -0.3322828452828408 0.05879138414981108 
0.01754913630760838 0.2803711175144127 -0.4736307005054528 0.111546133378871 
-0.1378268507886078 0.05900687292718973 -0.3189679709569228 0.191484831248161 
0.06730654411702242 -0.0262556251788074 0.1493030561547373 -0.08043005777081762 
-0.09281850717605858 0.06424438228878852 0.3554638965895979 -0.2531881488884126 
-0.1037620393565459 -0.1158269971798837 0.1316097207156994 0.08338913346494277 
-0.1404104604302863 -0.3833472734836559 0.5522747012386358 -0.01596763676978466 
0.1895367192671961 -0.6336021075310764 0.7234773502473616 0.1198912649519167 
0.1293234065239576 -0.5589503149686362 0.5820913113935869 -0.3045179689288048 
-0.08454177227554875 -0.08960471797190232 0.146002610138234 0.2935548317563622 
-0.07067626966052161 -0.002800866863093335 -0.3821704357182494 0.1302408659905312 
-0.1037127245463131 0.1689988153853006 -0.1394646900491006 0.1424714341459542 
0.165562208356275 -0.185650653031147 0.3796309868688058 -0.1629802076097388 
-0.002625119620535879 -0.03368627511784597 0.3804079642191184 -0.3128005667402366 
-0.1398205639465874 0.2975425091461335 0.06952893735591602 0.002197557725218004 
-0.1123403449826215 -0.04674012903897522 0.1515378798916275 0.08723121890009161 
-0.1467957853531368 -0.1599610982065421 0.1835984630868885 0.1467498815796199 
-0.007284435742684081 -0.1721376460735433 0.2791032934395417 0.0007731507803187276 
0.03286855298046465 -0.07373392119355704 0.3821758882614943 -0.3118001473189757 
-0.1040913459594567 0.1821060686519784 0.1627356812731455 -0.09822241152902654 
-0.03357119927762849 0.2851802204814172 0.05593156439977759 0.01207780680880033 
-0.1168657128554583 -0.04307815025435704 -0.4638617974940099 0.1817861803316789 
-0.03273694682686985 -0.5085125631937788 0.6649754691289735 -0.04577402755343007 
-0.007440139355570523 -0.03248807967729202 0.2985253410052841 0.06260780403684373 
-0.2597100533522126 0.2844710324014372 -0.1094581047156839 -0.02544323424213865 
0.01973298420863652 0.001886754315059574 0.2374421100537662 -0.133639646536841 
-0.09463983210880553 -0.5455779915072131 0.9630335502818871 -0.1972066310002668 
-0.02210471156434136 -0.3640937410852105 0.7106023012303928 0.06426139392235063 
-0.1033600758040463 -0.4576379497983757 0.1888249017662017 0.1172882410923255 
0.006058646055151974 -0.2166121385621821 0.4509855479030955 0.03724175139118395 
-0.09649779713968137 0.2868034114074252 -0.08453732168623958 0.18215750947204 
-0.08359343821170902 -0.2292767056500598 0.3315591816948892 -0.2549254748909778 
-0.08691762169957526 0.2009759889875473 -0.3470613297586301 0.2180451754479312 
-0.1097523506237474 -0.012893116016169 0.4177792974224629 -0.248758646393962 
-0.05590392672912567 0.2312362887598338 -0.01540304040728266 -0.05536925741082229 
-0.1499666646066912 -0.03581053662078175 -0.10485317476334 -0.2483713399118591 
0.006062432986332635 -0.2308314794678176 0.4069842793932085 0.2256901556573667 
0.04948698819456094 -0.7317005512550273 0.5001987720783548 0.2401797742245192 
0.05140360865156738 0.1518314614700486 0.2839098525837084 -0.3901290337659444 
-0.003452470725427956 0.1717784143569148 -0.3029301990730149 -0.1160684927989801 
0.005504249021837183 -0.5440618552308905 1.249055147625881 -0.2501247955800379 
0.009597210131073054 -0.280484419477657 0.2154460541589784 0.276557714536599 
-0.1298918271268753 -0.2952168675086564 0.4983377727012122 0.03337452962195726 
-0.04391198986309105 -0.1597085753808184 0.2659048027986112 0.06493909865576193 
0.02185097849187558 -0.995949723198372 1.015024408350307 -0.2710050921304545 
-0.007628167338046417 -0.1632504653764357 0.648374493640599 -0.1729804035752129 
0.05305204975369646 0.03911282977533583 0.07328335793710464 0.003679522503852333 
-0.0957647396257191 0.0006137589821593222 -0.06566749672014024 0.0353484182692282 
-0.003592288831365757 0.1763331582351141 0.4364344087477942 -0.1490649332276808 
0.008442894368023772 0.2882560862312825 -0.1300398939176964 -0.08767537358776983 
0.04038739848492143 -0.9867144139824985 0.6933857999669419 -0.02527144466413992 
0.02919586398908464 -0.5268866392183281 0.5448896981331168 -0.01356869026478431 
-0.1190478537382318 0.006458012209397776 0.9406869344207451 -0.03659918237739242 
-0.06289698517578131 -0.5079626872024129 0.7655245164368547 0.04363928924505688 
-0.06675802916039446 -0.05080705425772299 0.05699803270785122 -0.07174015987540942 
-0.129535286795661 -0.1607448087788557 0.4973412281293439 0.1724934086378831 
-0.1582938098603442 0.02082092924351462 0.04996574670075211 0.08154790047478049 
-0.02917594213645579 -0.3759279234989099 0.7131137345038734 -0.1075479026414377 
-0.2128496282566195 -0.5159947949695625 0.7363947341092977 -0.1178499098938962 
-0.01218279381185681 -0.08359767942853259 0.3216015165661369 0.07276874037712115 
-0.06721483909158191 0.2179073669169573 -0.2543116475510903 0.1918222531629978 
-0.01799225666462395 0.1317360646319602 0.1008008466004801 -0.2062751806883626 
0.1364293695150112 0.2142410708819514 0.04209537883428874 -0.07579488163309087 
-0.005721462763340002 0.179840099612756 -0.3881810242678332 -0.121445439000439 
0.07455271386311799 0.2742178068328116 -0.494361208813354 -0.05450879747500863 
0.09441619298683 -0.2724263361809263 0.3100855087827292 0.1331051263897155 
0.1546254871349527 0.1364488976885281 -0.3148719771671828 0.07739460083213753 
-0.07870415830638816 0.1446708415971641 -0.07449969292081182 0.01218317821074151 
-0.05158068944962523 0.03422118872578334 0.08113813759363649 -0.09424308887152617 
-0.239958217749419 -0.2424306146641486 -0.003577558716363458 0.01999076187768684 
0.1357087496622435 0.03363164676432988 0.3275608605919014 -0.1709697774601311 
0.05422566865350489 -1.060903474775394 0.8556022116478115 -0.09671812237535771 
-0.1611107179775797 0.1650616096173374 -0.2933183142106122 -0.090109688037562 
-0.3051142165373714 -0.3357986666514517 0.1293664703285906 -0.02563056346831648 
-0.2384185006276205 0.05639464900827017 -0.2723009135283297 0.1258404496887486 
-0.07277270982323271 0.5668900596233468 -0.5027623493859349 -0.3721192934919346 
-0.03452153135918069 -0.008913503867230362 0.2744403796847538 -0.2618583484382893 
-0.1171427528349979 0.08046855841912187 -0.19629608608302 -0.1240167412433248 
-0.03236507217429199 -0.09182231581258989 0.3544773676690571 0.04329124034734191 
0.07854535421547555 -0.2699290679691985 0.6052369329915019 -0.3970402238339075 
0.06311555106492353 0.1658156389308021 0.1580140489771247 -0.09782704396129983 
-0.05592191856810288 -0.01920300631884309 0.2485258341182573 -0.2208301279379388 
-0.09185302131314169 0.03627477260179674 -0.3924718916627793 0.1990410304991957 
-0.1924121667198948 0.1946890732228839 -0.1935258885723234 -0.05444976332201966 
-0.1129476983499222 0.1500961703152282 0.3424782243050974 -0.261873957051715 
-0.1287301083417753 -0.2208574683035736 0.320425685776987 -0.4105645581848327 
-0.07190015047934718 -0.3959241330881795 0.7504751438794388 0.07886184841167186 
0.01408086125119602 -0.02002443380081059 2.38317086373918 -2.054848304611677 
-0.04005517471275623 -0.001175694315801879 0.4832615797665769 -0.3923245118369419 
-0.1661837315926364 -0.2582659473446795 0.5782632046410338 -0.06326386356170345 
-0.1050445794163958 -0.00924403444325185 0.03756798475681799 0.3316331367337736 
0.03010363556228928 -0.4978089760835795 -0.0545871747452121 0.03856320500519623 
-0.01895670529752726 0.1188919514846732 0.1368060356224971 -0.1366387021970356 
0.03784488759558051 0.3568988021168794 -0.001106984664062157 -0.1582562023949036 
0.08465123294105738 -0.2523984772020176 -0.04271647276791517 0.1716390871226275 
-0.06600854465500972 0.08433571587265871 0.4640297848235178 -0.2259169291520367 
-0.06333840684418583 -0.2311779263651043 0.9635261989797859 0.1649321310274479 
-0.05187657675632468 -0.1590291508087979 0.1810920609364786 0.19172602975411 
0.008065838606569667 -0.1245815857528983 -0.2812333510776988 0.1495268491190903 
-0.02024441962652207 0.09787785592091089 0.1267959607450977 0.004803209664706909 
-0.00528465398792669 -0.1396394671970308 -0.002913207512998834 0.2400364795747107 
-0.1623363058329161 -0.3545681419573412 0.2257468385328591 0.222550907680833 
-0.1250484128356271 -0.423752448125725 1.132204725403106 0.1836155925645467 
-0.2300637076095585 -0.3658063677764793 0.4305089749422251 0.1206622344900539 
-0.00528465398792669 -0.1396394671970308 -0.002913207512998834 0.2400364795747107 
-0.05867601257858202 -0.3349285604693927 0.455612371480365 0.1711729081513806 
-0.3050516942471632 -0.4917159411139549 0.6673298468907102 0.1414245336718602 
0.04169680383191586 -0.231243825545237 2.095180500104987 -1.068594603990586 
-0.1756965899288868 -0.1958053066945349 0.4095944646590917 -0.003088748547824858 
0.1259610635961743 -0.1311887422426585 0.2815456563289863 0.2457478724937885 
0.005976880749799946 -0.5196402822295623 0.4745185948514806 0.3328953922330935 
-0.214728777020706 -0.3014635891755687 -0.5061521253218492 0.2360683235795105 
-0.1381949053934281 0.254999881498674 -0.1988830739825722 0.4606687651200491 
-0.1925910852827692 -0.4811508846699085 0.1086765603110709 0.4190785022344801 
0.1986420243058085 0.09767641117362451 -0.4854038340866534 -0.188047751692805 
0.04197237922185084 -0.06333590278989772 0.08232826088273544 -0.02077905847440518 
0.05786929412249842 0.03735082541102993 0.08005862463257525 -0.02296126019491876 
0.0222583173000524 0.2299870308461153 -0.5357141381714795 0.3490344944682235 
-0.08104728847960871 -0.150843490026568 0.1148017218354039 0.3358897875979779 
-0.1028309943564893 -0.1509955771477151 -0.2437634999772266 0.4862459235409705 
0.1195924492184232 0.1665162843654021 0.5345070077892444 -0.03931985468956423 
0.06080252315611918 0.03502158331252875 0.7385030307797259 -0.2659369242517574 
0.06522708662842454 0.004519056679125067 0.09638928653229405 0.657933989831334 
-0.2076606859411355 -0.3777479218461935 -0.4381638769691175 0.9694471169372965 
-0.01976784539788128 -0.3016183247540461 0.08062871833427235 0.3723959812658666 
-0.0429949088661561 -0.1546538066146032 -0.1898971769110347 0.3370477133902327 
-0.3170400187589208 0.04674987717772288 -0.0933952181278313 0.2799504768089986 
-0.2194503924177661 -0.5133999216088375 0.189813603596 0.3838313566874475 
-0.0577222760734627 -0.07285647467315151 0.272438718972506 0.3210446777747413 
-0.02395244230460006 -0.1884009246495931 0.6469003886790397 0.2908126621127276 
-0.1022257147281266 -0.1208607317766605 0.9155305945912796 -0.1286355723514113 
-0.09092703194122667 0.1547300194635173 -0.2258086139296507 0.2809527162119396 
-0.07285428179186847 -0.01288459945970184 0.002890992689712287 0.1133799453881223 
-0.06406762758934841 -0.04240566901098193 -0.2124234223707252 0.2388895600289143 
-0.08993113097188973 0.05188140838048776 -0.108102170243569 -0.0008476517287958229 
-0.1381824674197657 0.0151979064231646 0.05729896399952814 -0.1606597902530115 
-0.07904566612058707 0.163903437071765 -0.05642274339394708 0.1750908197903566 
-0.1557249697682312 -0.1359666833578532 0.1749382204780702 0.008816662927828487 
-0.1739423445221057 0.02899819156443217 0.1511698556348743 -0.07388336980080402 
-0.02098357229001563 -0.1849556292037177 -0.8825771062825613 0.8065371981411128 
0.03196146936168839 -0.2729493271005463 0.1209713749889477 0.1791601884191096 
-0.04404417458034428 -0.4403329002415935 -0.5735321126167932 0.3147413912264002 
-0.04203874942557407 -0.2779296963254723 0.1463331349227826 -0.2051011631596467 
0.03896360781672474 0.0353234395581036 0.1318972424162579 -0.1569496183113928 
-0.07903301104806452 -0.3395948935672323 -0.1585421421838656 0.1575185787411909 
-0.1663391402266983 -0.5275721532929015 -0.0256630064521732 0.1593224464783168 
-0.01301502060902649 -0.4781585460160278 0.2137216049144912 -0.0148894474269708 
-0.08903072667159598 -0.2071099297346399 -1.049024746219618 0.4486637436978668 
-0.1875702580735603 0.03960838077201032 -0.1092313732054664 0.3155786269201453 
-0.03513539084370013 -0.09935787202662748 0.2809262797617833 -0.3749669231177271 
-0.1805120259246362 -0.00341287254761825 -0.1391616642889436 0.07007240586735811 
-0.02686973094003007 -0.02656475714891069 -0.338420486350186 0.1467416723496087 
-0.09806302397337929 -0.1155317091932195 0.566672111482364 -0.1642286629913546 
0.03529321403977746 0.05455402920522799 0.1256887975967005 -0.1444905161873369 
-0.1267613245025987 -0.1664216787682217 0.3086104122154165 -0.05519013188751782 
-0.1623797398734651 -0.03901552177652881 0.6403444956313579 -0.05599826725800548 
0.04871079411033045 0.2245269687340374 -0.6686844564886958 -0.2345119205666953 
-0.02088873649365869 0.02159553937535586 -0.01057579978641316 -0.3810510199972073 
0.003845111536805078 0.009300246126287538 -0.1741689241689933 0.5536001209985576 
-0.1403157239774377 0.1431255435478251 -0.3941353358240637 0.4443950283319644 
-0.180296677098335 -0.04232573687793736 0.468918329927887 0.2664501276920521 
-0.07112360905412331 -0.1178409506256136 0.7189513065458459 -0.2670382719842596 
-0.888498776352132 -0.1401256438724731 0.4406682364784392 0.7162750698867985 
-0.0847859534860483 0.1123601858145003 0.1866202997800541 0.08030041308270443 
-0.05464139270725916 0.2668268512503135 -0.03356891268975574 0.02735528227165431 
-0.0783215927878818 -0.01232596889491138 -0.02766140725926664 -0.01494914863466404 
0.07503192449111661 0.1067919963834504 -0.3509729772857637 -0.03361969382122613 
0.05435206749751091 -0.2097365109294039 0.02684512028469093 0.3038617721214594 
-0.1247462904839446 -0.2404205636847691 -0.3339413448345861 0.8003158109600783 
-0.05441012701329312 -0.10623553942363 -0.001814885667462724 0.2922401754848611 
-0.01438269213641176 0.3474986981127096 -0.5166672716224012 0.5268612892410999 
-0.02588844226991893 0.129193007869886 0.2484216659516568 0.4003042761898479 
-0.04130897038837698 -0.07212708812389491 -0.1380867004502237 -0.05429268551664208 
-0.00958023764289484 -0.2628868361513463 0.008379736004493659 0.313105307736549 
-0.2187322675749072 -0.06402867915079295 0.04400138112886087 -0.1545727634552463 
-0.02244414291223505 -0.1330959128828519 -0.409575138490762 0.02126648148921313 
-0.01117488228750191 -0.2025119347583698 0.1903244312166633 -0.1652444097202642 
-0.1287381053569583 0.05579448865168427 -0.2388203577419733 0.3600613042392819 
-0.01654133908261228 -0.00842434492180639 -0.5083938866867922 0.7544294995219056 
-0.1085832328467483 -0.006826915630325005 -0.5198156905866584 0.5644019098025623 
0.01996329824312185 -0.4351922878168603 0.2960617690589749 0.3176386864910954 
0.02578387243433202 -0.244699201234982 0.3909267929671464 -0.149881191529385 
-0.2085285391999461 -0.1616380146540288 0.1758609326541036 -0.3002302293403813 
-0.1210662716960024 0.4042080901100933 0.5323126115917335 -0.2519481849811931 
-0.225370757746207 -0.319519902755463 0.3504788472908212 0.3986215216764954 
-0.2344732522434169 -0.06760716843767944 0.06166591563000203 -0.1113800595335546 
0.2001500229618552 0.1777296512063021 0.412934059522684 -0.4957587427381264 
0.1271053255324251 0.4363865364187524 -0.45441210718396 -0.133536159282931 
-0.2399843003599757 -0.1629010662996311 0.1613653133816783 0.4230145692078306 
-0.0272198772043965 -0.04285870888539602 0.009075634915268626 0.2784204861549134 
0.02265448300720351 0.01667680438137131 -0.3848472349599867 0.1326551092044436 
-0.09845784048549314 -0.6484293820732897 -0.9490539400719415 0.402169042019459 
-0.2167976896815761 -0.3993860375669473 0.01133863157779439 0.268562151217655 
-0.08202917144130213 -0.2267466005674155 -0.1639914937503311 0.3111020883767916 
-0.0693335985072415 -0.05849006442987421 -0.003471065729540649 0.0690048981052348 
0.04401867223613586 0.0320579131256423 -0.4884481098990605 0.1848775338596518 
-0.0348963677693902 -0.3346383440860358 -0.1013388937745627 0.1471652955989241 
0.03873791783025965 0.1902563550833746 -0.3164824066574947 0.08367157702420304 
-0.04171952996852007 -0.2146263200882957 0.2550509620145934 0.3619173334567255 
-0.0339276080587597 -0.1577587599674452 0.4762567185029577 -0.03056808909948314 
0.1108843121261025 0.1034259557965372 -0.676172252336144 0.02529400907715311 
-0.04338371442042318 -0.06900054584869543 0.5680922430921737 -0.4075879074666873 
-0.09689953423749988 -0.1467620695575561 -0.2201919939535697 0.4315832919488964 
-0.04405032859836127 -0.6351453334565442 0.04515665192694509 0.1305857887573871 
-0.03488161627741533 -0.3659564264869068 -0.1644570201665383 0.6637146427481873 
0.03299159043845586 -0.1110207717535812 -0.2296835582448438 0.3700414546782033 
-0.04558049751346877 -0.4563965908497946 0.3953326809060513 0.3190853593783097 
0.007460890347984992 -0.2740297387182782 0.3824939650347908 -0.06886066299362092 
-0.002125566490876841 -0.09365039588724289 -0.1317526839350376 -0.08107854722584724 
-0.1682003139664112 -0.361098151713895 0.3986008724443671 -0.1768346831723958 
-0.01779230161003362 -0.1622982937402046 -0.1500392181717276 0.2644532932787366 
-0.05793881877269919 -0.2647055309879601 0.3483095787869935 -0.1683431593399409 
-0.08795187102667644 0.1437060274465625 0.3946159888666308 -0.07914461723916404 
0.115474314988196 -0.3750704001104015 0.179165317222373 -0.1938705240523123 
-0.08084870871690052 -0.3498571388647396 0.1891583874086362 0.47963758401198 
-0.008070442788465217 -0.1659017117879625 -0.08811108984207992 0.006947521217147055 
-0.02456935274243253 -0.07823503654804725 -0.1151046128817879 0.1287333929064568 
0.04038944754863068 -0.1264330373776963 0.4467051897787765 0.4945328129008281 
-0.02869756477232508 0.02017187157785284 0.2172372959178769 -0.4219472280042038 
-0.05561445700405118 -0.1872103639892128 0.5301296293858071 -0.3911451932160578 
-0.1758666374935311 0.1089530499560458 0.2499350211274199 -0.2681728619123864 
-0.03771271452858747 0.2118124315398867 0.2775155305296704 0.4628484438123602 
-0.1940823774129529 0.2529143624358246 -0.5255443615519226 0.4403523778343481 
-0.0329663113240057 -0.1383459379845325 0.006890203941297222 0.1744252517397231 
-0.204597639021076 -0.07507435110510897 -0.510049640645258 0.8516444360735284 
-0.1013909238347826 -0.182971910873364 0.5068092153155219 -0.5443110022890163 
-0.2832552081418825 -0.2041657943440855 -0.05318465834675104 0.2956231292792024 
-0.1058218193469857 0.129127290207345 -0.3756604876706041 0.4856254639922308 
-0.1716756913522404 -0.6356847657521583 0.1190316032440963 -0.1147021764762979 
-0.1203816457078801 0.07395594081323262 0.3786956620087017 -0.6753648552018587 
-0.1464604299600155 0.2868487341665253 0.2821984736248689 0.3570109234481547 
-0.209205016322962 -0.1774279628574163 -0.00236531913132718 -0.2170334213375945 
-0.161639760300049 -0.3556999205266482 -0.4259504247062986 -0.2231368309264466 
0.01654774007433914 -0.1133744018347998 -0.174418153683442 -0.1262183605631104 
0.09759833600119314 -0.4663289536126422 0.05816517297095006 0.7244144167391883 
0.01504165360556118 -0.3364968147249423 0.4031302260735876 -0.08541353737715172 
-0.1571678952311265 -0.07166248892109783 0.1142502352051591 0.3581745300291235 
0.0264970228419081 -0.2246810768813375 0.1354761277950226 0.2741686670881256 
-0.006796439839735597 0.1210598537843766 0.4660394647468669 -0.02885421229604267 
0.04308953273650996 0.5160864704905421 -0.7368850163767857 0.06312459816097687 
-0.006855363730415452 -0.3229280364308409 -0.02489176132710998 0.09999630536491889 
-0.1641904057553895 -0.1155816278005696 -0.2583445426083202 0.7125550619123218 
0.05531790817221259 -0.1493270810174157 -0.01347519171235058 0.174511852006495 
-0.1176007439314225 0.1818148551666558 -0.1857346798260932 0.1119047363472937 
-0.143772659875213 0.1561014876349166 -0.5358289676451218 0.2405182192010775 
0.06073616918465097 0.03537706609423057 -0.4775120224242193 0.3139382422289 
0.02809006985338566 -0.2591528263231351 -0.3750477102368977 0.06284809074689095 
0.03150564299908835 0.208595685380555 0.03392610230550404 0.0825403373869967 
-0.1597507859661506 0.1389097669425219 0.1872952856304289 -0.02272545166839178 
-0.1951201309368863 -0.1361285893120405 -0.3612808685634807 -0.06861100056915173 
0.05024425497191677 0.01552955345673143 -0.03842560415268104 0.02428044817057078 
0.001565905768769834 -0.1217558895021922 0.08296458339854747 0.09605025227982407 
-0.01865224594718993 -0.005738990847632805 -0.3405784816962732 0.6477821783078462 
-0.04099615093481695 -0.1810869978172922 0.02216884828057799 -0.1375684357977143 
0.01238241062515811 -0.4458297561598885 -0.3401676201956763 0.8452819434666159 
-0.02474556174783486 -0.0955981135193988 -0.01181197812182459 0.274409400093628 
-0.07965604211000323 -0.07010966350549463 0.1618880256712693 0.06107670577364833 
-0.08149183018238389 0.2508463457885325 -0.1556699248607877 -0.4172233992309441 
-0.106840814693046 -0.1933102668358468 0.1428457808602752 0.06400009358321719 
0.03940771698858734 -0.2560280755578738 0.1226496632737538 0.09240902195503947 
-0.1398034081602079 -0.1720398831466688 0.3818833501581954 0.234751009008284 
-0.08483802257682635 -0.1029542738888195 0.007692593906452497 0.3154963206601433 
-0.2359609292991225 0.09982820296108097 0.2727098500934766 -0.07015724256848913 
-0.0809851043312845 -0.3917903415001805 -0.3481728295188338 0.1956318530945056 
0.09803130142096121 0.1009359103554789 0.2863382778447866 -0.08167980314308165 
-0.198970380778064 -0.1755486445153402 0.2686347760316539 -0.06221237642729758 
-0.2647836398839143 -0.09264576247746047 -0.2071106312943979 0.2214101564054118 
0.02570940612072858 0.1656435106856681 -0.5832134933266994 0.5094435434778657 
0.02353142399695803 -0.02970482820085986 -0.04246335984163045 -0.5076731327817394 
-0.1130089416905321 0.01862992108691158 -0.1543002983626088 0.6806571516088117 
-0.1828979056634694 -0.3787419463073885 -0.4029270590190172 0.2813312037402624 
-0.1908145175641344 -0.1509695158443472 0.670865468355221 -0.05896985991143117 
-0.04104531005367359 -0.4575316034635873 -0.70571591030159 0.2636977844588016 
-0.009634420113401682 -0.2190366281072668 0.166008485271247 -0.1800307908015171 
0.08543054058943196 -0.1235492042944369 -0.08715862118023784 0.1782955830124343 
0.00991998024487249 -0.1204278037887544 0.09360410686571216 -0.343769109243052 
-0.006570979318962665 -0.2467748701922605 -0.1723738256059559 -0.04649017906887675 
-0.09672794377673762 -0.02780559804888247 -0.0973326929359386 -0.4148011870606019 
-9.922025859009053e-05 -0.08508553168440922 -0.1466909777072602 0.07213188380410657 
-0.05652657401629423 -0.08943877350111715 -0.2964881238661827 0.04407198258638677 
-0.08153769138283798 -0.09532324124953324 -0.2231909826974644 0.03889651999734416 
0.03072541967752178 -0.1134312291555113 -0.2662605230519628 0.1748528915406711 
-0.01687206166087345 -0.1735138967246506 0.06997893332523736 -0.03537174521648097 
-0.005385735706378281 -0.1833791426071863 -0.02027237325398746 0.1102617009776508 
-0.02350936096885919 -0.0003274467971156871 0.01207917504908127 0.350854571621 
-0.06872253074068903 -0.3591884465689501 0.2925578590233646 0.6700255093617025 
-0.4497371370526428 -0.2233256163910227 0.0146689029287081 0.03448234759230251 
-0.3213197772014738 -0.006724379810024707 0.8741791960918184 -0.2057050335954618 
-0.3221792815191029 0.1362946912192023 -0.5284558078957383 0.8528757147808602 
-0.281750432640294 -0.01259955472197897 0.1341466253154384 0.1640450412876815 
0.07069582856534479 -0.2544200140124083 0.2770988524269288 -0.5662255179693371 
0.133690851765649 0.05987452502500965 -0.0369212773097758 0.4808002980633553 
-0.1894137685860486 -0.176728366592449 -0.1591641200191916 0.08211284741845963 
-0.08654156331000305 -0.115279104549718 -0.1092302328306713 -0.1058260095348131 
-0.02190461564751223 0.3008898792708933 -0.1307712368581028 0.1791723093229474 
-0.08586332240934302 -0.3955877869378366 -0.1727460944149861 0.5635509574560931 
-0.1051304875900163 0.4564957073908099 -0.3552653279730455 -0.2133986614907541 
-0.2201680070403947 0.1162913468046284 -0.3240634933328205 0.3361457242795408 
-0.3136540436035211 0.09808509751187436 -0.1016887207825134 -0.1045855037005433 
-0.2198604767955811 -0.1241197403499304 0.3329785352899522 -0.1104231865287914 
0.06645247659844805 0.1929307302813817 -0.122042579684835 0.114206538288818 
-0.01935898110778072 0.05645875545983795 0.2061879482777037 0.3940252090715358 
0.06528237221760821 0.2084409741209617 -0.6875984349230271 0.2649130737366329 
0.03113020002953395 -0.3647148774229029 0.123864645539022 -0.1374529386453446 
-0.08308579952035591 -0.1275142974737925 0.1411456424506519 0.04687520867038261 
-0.04888942944861428 -0.3725245300762026 -0.1273950639294085 0.06705863854310293 
0.1806148496131073 -0.001361253761161745 0.300961917570817 -0.2453760083908472 
0.03881061908485876 -0.1166952440039522 0.384158714972094 -0.1871185623696871 
0.07441172723640539 -0.2987399461010719 -0.006879414994943074 -0.03834431700816016 
-0.02763980109386989 -0.400131874170187 -0.06800530897754473 0.2739411493109208 
0.02971239921934313 -0.08722010733702891 -0.646572291870139 0.8069447665641075 
-0.2742039357032187 0.1730512305267966 -0.7023254776912523 0.6147985269621818 
-0.183285090238372 -0.1304345933403563 0.05130385691054281 0.1193574772781652 
-0.1720330235362901 0.114892141844527 0.05599857426747119 0.1168058060700986 
-0.1583084800355762 -0.1035130353959366 -0.2433272887692934 0.1939996152999243 
0.01757005605708577 -0.02309935201392031 0.314224954622553 0.5958086260767003 
0.06440609664396046 -0.2031155231434497 -0.3380155570800867 0.4935273115276281 
0.02043087532646766 -0.146972132171534 -0.9445393839241979 1.015347655623172 
-0.002105435571021872 -0.1782254697761933 0.1482013612115782 -0.1206423905990693 
0.09520149127669388 0.03368720073945808 -0.3897333571295793 0.5536188483481148 
0.3667679333121465 -0.136750276261301 -0.06783693186441433 0.1897844537586559 
0.02096207639747728 0.0720084133212429 0.5381596857791212 -0.2901141215694486 
0.07963607865903245 -0.2558431286399496 0.2182487084570738 -0.1278311258475965 
0.05787135829978764 0.02078286414937789 -0.293400232299198 0.318804374370507 
-0.04368102079064346 0.358954067283679 0.2781770417986842 0.2039465593374542 
0.0054374268728539 0.06264865714336343 0.235038550901864 0.08242944498640051 
0.07638584258253606 0.258797762329581 0.02312283140318344 0.1570120255203749 
-0.02056443485438234 -0.2689452072016326 0.5441987213855409 -0.05594362959547122 
-0.02145798054130235 0.1877250629085894 -0.07893003330206716 0.07950929897038309 
-0.03377758604540522 0.3150617366655135 -0.04251573924751918 0.3340009714187773 
-0.2401967269779539 -0.2457328673347213 -0.4273578880650089 0.3927161253686806 
-0.1590471010212494 -0.3201283083907027 0.2030378554684131 -0.09646335068370657 
-0.1546908248418147 -0.3997402670467927 -0.5225992304508648 0.38045929852892 
-0.3264125897006067 -0.2288285757259255 0.120015419039566 0.3461306805583449 
0.02925957331951505 0.04898949417809349 -0.5837350633565475 0.09018814025977057 
-0.1090451959262549 -0.2103697543639462 0.5484567671886902 -0.1228611018571209 
-0.321023511338499 -0.5654709501341351 0.5467835845846208 0.131309579841535 
-0.2715151921000745 -0.3390947097312083 0.02168524390092897 0.005084952821449616 
-1.668498322203859 -2.355957125772044 -2.198122340045465 -2.330763913709136 
