123 3445 1
3445 123 1
123 3445 1
3445 1 1
1 1 1
1 1 1
1 281 1
281 123 1
123 3585 1
3585 123 1
123 3585 1
3585 123 1
123 3585 1
3585 123 1
123 3585 1
3585 1 1
1 197 1
197 123 1
123 3585 1
3585 123 1
123 3389 1
3389 1 1
1 1 1
1 123 1
123 3585 1
3585 123 1
123 3585 1
3585 123 1
123 3585 1
3585 123 1
123 3585 1
3585 1 1
1 197 1
197 123 1
123 3585 1
3585 123 1
123 3389 1
3389 1 1
1 123 1
123 3641 1
3641 141 1
141 123 1
123 3389 1
3389 57 1
57 1 1
1 281 1
281 123 1
123 3641 1
3641 141 1
141 123 1
123 3585 1
3585 123 1
123 3389 1
3389 1 1
1 197 1
197 123 1
123 3585 1
3585 123 1
123 3585 1
3585 123 1
123 3585 1
3585 123 1
123 3585 1
