3445 197 1
197 197 1
197 207 1
207 3445 1
3445 197 1
197 197 1
197 207 1
207 3445 1
3445 197 1
197 197 1
197 207 1
207 3445 1
3445 197 1
197 197 1
197 207 1
207 3501 1
3501 207 1
207 3371 1
3371 3501 1
3501 207 1
207 3371 1
3371 3501 1
3501 207 1
207 3371 1
3371 3501 1
3501 207 1
207 3501 1
3501 207 1
207 3501 1
3501 207 1
207 3445 1
3445 197 1
197 197 1
197 207 1
207 3445 1
3445 197 1
197 197 1
197 207 1
207 3445 1
3445 197 1
197 197 1
197 207 1
207 3445 1
3445 197 1
197 197 1
197 207 1
207 3501 1
3501 207 1
207 3371 1
3371 3501 1
3501 207 1
207 3371 1
3371 3501 1
3501 207 1
207 3371 1
3371 3501 1
3501 207 1
207 3501 1
3501 207 1
207 3501 1
3501 207 1
207 3501 1
