1 1 1
1 281 1
281 57 1
57 1 1
1 253 1
253 85 1
85 1 1
1 197 1
197 11 1
11 3361 1
3361 1 1
1 141 1
141 281 1
281 1 1
1 197 1
197 113 1
113 225 1
225 113 1
113 11 1
11 3371 1
3371 3669 1
3669 1 1
1 253 1
253 1 1
1 197 1
197 1 1
1 1 1
1 207 1
207 3501 1
3501 1 1
1 281 1
281 57 1
57 253 1
253 85 1
85 197 1
197 141 1
141 1 1
1 1 1
1 1 1
1 281 1
281 57 1
57 207 1
207 3501 1
3501 253 1
253 85 1
85 197 1
197 141 1
141 1 1
1 1 1
1 1 1
1 281 1
281 57 1
57 207 1
207 3501 1
3501 253 1
253 85 1
85 197 1
197 141 1
141 1 1
1 1 1
1 1 1
1 281 1
281 57 1
57 207 1
207 3501 1
3501 253 1
253 85 1
85 197 1
197 141 1
141 1 1
1 1 1
1 1 1
1 281 1
281 57 1
57 207 1
207 3501 1
3501 253 1
253 85 1
85 197 1
197 141 1
141 1 1
1 1 1
1 207 1
207 3501 1
3501 1 1
1 281 1
281 57 1
57 253 1
253 85 1
85 197 1
197 141 1
141 1 1
1 1 1
1 1 1
1 281 1
281 57 1
57 207 1
207 3501 1
3501 253 1
253 85 1
85 197 1
197 141 1
141 1 1
1 1 1
1 1 1
1 281 1
281 57 1
57 207 1
207 3501 1
3501 253 1
253 85 1
85 197 1
197 141 1
141 281 1
281 57 1
57 281 1
281 253 1
253 281 1
281 113 1
113 281 1
281 141 1
141 281 1
281 57 1
57 281 1
281 253 1
253 281 1
281 113 1
113 281 1
281 85 1
85 197 1
197 197 1
197 281 1
281 57 1
57 281 1
281 197 1
197 141 1
141 197 1
197 57 1
57 85 1
85 197 1
197 57 1
57 141 1
141 1 1
1 1 1
1 207 1
207 3501 1
3501 1 1
1 281 1
281 57 1
57 253 1
253 85 1
85 197 1
197 141 1
141 1 1
1 1 1
1 207 1
207 3501 1
3501 1 1
1 281 1
281 57 1
57 253 1
253 85 1
85 197 1
197 141 1
141 1 1
1 1 1
1 1 1
1 281 1
281 57 1
57 207 1
207 3501 1
3501 253 1
253 85 1
85 197 1
197 141 1
141 1 1
1 1 1
1 1 1
1 281 1
281 57 1
57 207 1
207 3501 1
3501 253 1
253 85 1
85 197 1
197 141 1
141 281 1
281 57 1
57 281 1
281 253 1
253 281 1
281 113 1
113 281 1
281 141 1
141 281 1
281 57 1
57 281 1
281 253 1
253 281 1
281 113 1
113 281 1
281 85 1
85 197 1
197 197 1
197 281 1
281 57 1
57 281 1
281 197 1
197 141 1
141 197 1
197 57 1
57 85 1
85 197 1
197 57 1
57 141 1
141 281 1
281 319 1
319 3669 1
3669 57 1
57 57 1
57 281 1
281 319 1
319 3669 1
3669 57 1
57 57 1
57 281 1
281 319 1
319 3669 1
3669 57 1
57 57 1
57 281 1
281 319 1
319 3669 1
3669 57 1
57 57 1
57 281 1
281 319 1
319 3669 1
3669 57 1
57 57 1
57 281 1
281 319 1
319 3445 1
3445 281 1
281 319 1
319 3669 1
3669 57 1
57 57 1
57 281 1
281 319 1
319 3669 1
3669 57 1
57 281 1
281 57 1
57 281 1
281 57 1
57 57 1
57 1 1
1 1 1
1 207 1
207 3389 1
3389 57 1
57 281 1
281 57 1
57 281 1
281 57 1
57 57 1
57 1 1
1 281 1
281 57 1
57 253 1
253 85 1
85 197 1
197 141 1
141 1 1
1 1 1
1 207 1
207 3501 1
3501 1 1
1 281 1
281 57 1
57 253 1
253 85 1
85 197 1
197 141 1
141 1 1
1 1 1
1 1 1
1 281 1
281 57 1
57 207 1
207 3501 1
3501 253 1
253 85 1
85 197 1
197 141 1
141 1 1
1 1 1
1 1 1
1 281 1
281 57 1
57 207 1
207 3501 1
3501 253 1
253 85 1
85 197 1
197 141 1
141 1 1
1 1 1
1 1 1
1 281 1
281 57 1
57 207 1
207 3501 1
3501 253 1
253 85 1
85 197 1
197 141 1
141 1 1
1 1 1
1 225 1
225 57 1
57 57 1
57 1 1
1 1 1
1 281 1
281 57 1
57 253 1
253 309 1
309 57 1
57 57 1
57 225 1
225 57 1
57 57 1
57 225 1
225 57 1
57 57 1
