3445 67 1
67 3567 1
3567 3567 1
3567 3669 1
3669 319 1
319 3641 1
3641 281 1
281 197 1
197 57 1
57 1 1
1 67 1
67 3445 1
3445 67 1
67 3567 1
3567 3567 1
3567 3669 1
3669 319 1
319 3445 1
3445 197 1
197 281 1
281 197 1
197 57 1
57 1 1
1 67 1
67 3445 1
3445 67 1
67 3567 1
3567 3567 1
3567 3669 1
3669 319 1
319 3445 1
3445 197 1
197 281 1
281 197 1
197 57 1
57 1 1
1 67 1
67 3445 1
3445 67 1
67 3567 1
3567 3511 1
3511 3567 1
3567 3511 1
3511 3427 1
3427 3371 1
3371 3669 1
3669 57 1
57 57 1
57 85 1
85 319 1
