263 3445 1
3445 263 1
263 3445 1
3445 263 1
263 3445 1
3445 263 1
263 3585 1
3585 57 1
57 141 1
141 197 1
197 141 1
141 141 1
141 57 1
57 67 1
67 3585 1
3585 57 1
57 263 1
263 3511 1
3511 3585 1
3585 123 1
123 3585 1
3585 197 1
197 197 1
197 141 1
141 1 1
1 263 1
263 3445 1
3445 263 1
263 3585 1
3585 57 1
57 141 1
141 197 1
197 141 1
141 141 1
141 57 1
57 67 1
67 3585 1
3585 57 1
57 263 1
263 3511 1
3511 3585 1
3585 123 1
123 3585 1
3585 197 1
197 197 1
197 141 1
141 1 1
1 263 1
263 3445 1
3445 263 1
263 3585 1
3585 57 1
57 141 1
141 197 1
197 141 1
141 141 1
141 57 1
57 67 1
67 3585 1
3585 57 1
57 263 1
263 3511 1
3511 3585 1
3585 123 1
123 3585 1
3585 197 1
197 197 1
197 141 1
141 1 1
1 263 1
263 3445 1
3445 263 1
263 3585 1
3585 57 1
57 141 1
141 197 1
197 141 1
141 141 1
141 57 1
57 67 1
67 3585 1
3585 57 1
57 263 1
263 3511 1
3511 3445 1
3445 263 1
263 3445 1
3445 263 1
263 3585 1
3585 57 1
57 141 1
141 197 1
197 141 1
141 141 1
141 57 1
57 67 1
67 3585 1
3585 57 1
57 263 1
263 3511 1
3511 3585 1
3585 123 1
123 3585 1
3585 197 1
197 197 1
197 141 1
