3455 3501 1
3501 85 1
85 253 1
253 197 1
197 197 1
197 85 1
85 253 1
253 85 1
85 319 1
319 3585 1
3585 1 1
1 197 1
197 1 1
1 263 1
263 3585 1
3585 1 1
1 197 1
197 1 1
1 263 1
263 3585 1
3585 1 1
1 197 1
197 1 1
1 263 1
263 3585 1
3585 1 1
1 197 1
197 1 1
1 263 1
263 3585 1
3585 1 1
1 197 1
197 1 1
1 263 1
263 3585 1
3585 1 1
1 197 1
197 1 1
1 141 1
141 1 1
1 197 1
197 1 1
1 141 1
141 1 1
1 197 1
197 1 1
1 197 1
197 1 1
1 141 1
141 1 1
1 141 1
141 1 1
1 197 1
197 1 1
1 1 1
1 263 1
263 3585 1
3585 197 1
197 1 1
1 263 1
263 3585 1
3585 1 1
1 197 1
197 1 1
1 263 1
263 3585 1
3585 1 1
1 197 1
197 1 1
1 263 1
263 3585 1
3585 1 1
1 197 1
197 1 1
1 263 1
263 3585 1
3585 1 1
1 197 1
197 1 1
1 141 1
141 1 1
1 197 1
197 1 1
1 141 1
141 1 1
1 197 1
197 1 1
1 197 1
197 1 1
1 141 1
141 1 1
1 141 1
141 197 1
197 1 1
1 263 1
263 3585 1
3585 197 1
197 1 1
1 263 1
263 3585 1
3585 197 1
197 263 1
263 3585 1
3585 197 1
197 263 1
263 3585 1
3585 197 1
197 263 1
263 3585 1
3585 197 1
