1 1 1
1 113 1
113 1 1
1 1 1
1 29 1
29 1 1
1 1 1
1 11 1
11 3557 1
3557 1 1
1 1 1
1 113 1
113 1 1
1 1 1
1 29 1
29 1 1
1 1 1
1 11 1
11 3361 1
3361 11 1
11 3557 1
3557 1 1
1 1 1
1 113 1
113 1 1
1 1 1
1 29 1
29 1 1
1 1 1
1 11 1
11 3361 1
3361 11 1
11 3557 1
3557 1 1
1 1 1
1 113 1
113 1 1
1 1 1
1 29 1
29 1 1
1 1 1
1 11 1
11 3361 1
3361 11 1
11 3557 1
3557 1 1
1 1 1
1 113 1
113 1 1
1 1 1
1 29 1
29 1 1
1 1 1
1 11 1
11 3361 1
3361 11 1
11 3557 1
3557 1 1
1 1 1
1 113 1
113 1 1
1 1 1
1 29 1
29 1 1
1 1 1
1 11 1
11 3361 1
3361 11 1
11 3557 1
3557 1 1
1 1 1
1 113 1
113 1 1
1 1 1
1 29 1
29 1 1
1 1 1
1 11 1
11 3361 1
3361 11 1
11 3557 1
3557 1 1
1 1 1
1 113 1
113 1 1
1 1 1
1 29 1
29 1 1
1 1 1
1 11 1
11 3557 1
3557 1 1
1 1 1
1 113 1
113 1 1
1 1 1
1 29 1
29 1 1
1 1 1
1 11 1
11 3557 1
3557 1 1
1 1 1
1 113 1
113 1 1
1 1 1
1 29 1
29 1 1
1 1 1
1 11 1
11 3361 1
3361 11 1
11 3557 1
3557 1 1
1 1 1
1 113 1
113 1 1
1 1 1
1 29 1
29 1 1
1 1 1
1 11 1
11 3361 1
3361 11 1
11 3557 1
3557 1 1
1 1 1
1 113 1
113 1 1
1 29 1
29 1 1
1 11 1
11 3361 1
