3371 3371 1
3371 3371 1
3371 3371 1
3371 3371 1
3371 3361 1
3361 11 1
11 3371 1
3371 3371 1
3371 3641 1
3641 281 1
281 123 1
123 3641 1
3641 281 1
281 253 1
253 85 1
85 197 1
197 197 1
197 281 1
281 253 1
253 85 1
85 197 1
197 197 1
197 281 1
281 123 1
123 3371 1
3371 3371 1
3371 3371 1
3371 3371 1
3371 3501 1
3501 85 1
85 197 1
197 197 1
197 281 1
281 123 1
123 3641 1
3641 67 1
67 3371 1
3371 3641 1
3641 67 1
67 3371 1
3371 3641 1
3641 67 1
67 3371 1
3371 3641 1
3641 67 1
67 3371 1
3371 3641 1
3641 197 1
197 85 1
85 123 1
123 3641 1
3641 197 1
197 85 1
85 123 1
123 3641 1
3641 197 1
197 85 1
85 123 1
123 3641 1
3641 197 1
197 85 1
85 123 1
123 3641 1
3641 197 1
197 85 1
85 123 1
123 3641 1
3641 197 1
197 85 1
85 123 1
123 3641 1
3641 197 1
197 85 1
85 123 1
123 3641 1
3641 197 1
197 85 1
85 123 1
123 3641 1
3641 197 1
197 85 1
85 123 1
123 3641 1
3641 197 1
197 85 1
85 309 1
309 29 1
29 57 1
57 253 1
253 29 1
29 309 1
309 29 1
29 123 1
123 3371 1
3371 3361 1
3361 141 1
141 281 1
