225 253 1
253 225 1
225 57 1
57 113 1
113 29 1
29 1 1
1 1 1
1 57 1
57 57 1
57 225 1
225 141 1
141 57 1
57 253 1
253 225 1
225 113 1
113 225 1
225 113 1
113 141 1
141 197 1
197 141 1
141 85 1
85 141 1
141 309 1
309 141 1
141 197 1
197 141 1
141 197 1
197 225 1
225 113 1
113 225 1
225 113 1
113 141 1
141 197 1
197 141 1
141 85 1
85 141 1
141 309 1
309 141 1
141 141 1
141 57 1
57 141 1
141 197 1
197 225 1
225 113 1
113 225 1
225 113 1
113 141 1
141 197 1
197 141 1
141 85 1
85 141 1
141 309 1
309 141 1
141 197 1
197 141 1
141 197 1
197 225 1
225 113 1
113 225 1
225 113 1
113 141 1
141 197 1
197 141 1
141 85 1
85 141 1
141 309 1
309 225 1
225 113 1
113 225 1
225 113 1
113 225 1
225 113 1
113 225 1
225 113 1
113 141 1
141 197 1
197 141 1
141 85 1
85 141 1
141 309 1
309 141 1
141 197 1
197 141 1
141 197 1
197 225 1
225 113 1
113 225 1
225 113 1
113 141 1
141 197 1
197 141 1
141 85 1
85 141 1
141 309 1
309 141 1
141 197 1
197 141 1
141 57 1
57 29 1
29 1 1
1 1 1
1 57 1
57 57 1
57 225 1
225 141 1
141 309 1
309 225 1
225 197 1
197 113 1
113 29 1
29 1 1
1 1 1
1 57 1
57 57 1
57 225 1
225 141 1
141 309 1
309 225 1
225 253 1
253 225 1
225 197 1
197 141 1
141 197 1
197 141 1
141 113 1
113 225 1
225 197 1
197 141 1
141 57 1
57 281 1
281 309 1
309 225 1
225 113 1
113 225 1
225 113 1
113 141 1
141 197 1
197 141 1
141 85 1
85 141 1
141 309 1
309 225 1
225 113 1
113 225 1
225 113 1
113 225 1
225 113 1
113 225 1
225 113 1
113 141 1
141 197 1
197 141 1
141 85 1
85 141 1
141 309 1
309 225 1
225 113 1
113 225 1
225 113 1
113 225 1
225 113 1
113 225 1
225 113 1
113 141 1
141 197 1
197 141 1
141 85 1
85 141 1
141 309 1
309 225 1
225 113 1
113 225 1
225 309 1
309 29 1
29 1 1
1 1 1
1 57 1
57 57 1
57 225 1
225 141 1
141 309 1
309 225 1
225 197 1
197 113 1
113 29 1
29 1 1
1 1 1
1 57 1
57 57 1
57 225 1
225 141 1
141 309 1
309 225 1
225 197 1
197 113 1
113 29 1
29 1 1
1 1 1
1 57 1
57 57 1
57 225 1
225 141 1
141 309 1
309 225 1
225 253 1
253 225 1
225 197 1
197 141 1
141 197 1
197 141 1
141 113 1
113 225 1
225 197 1
197 141 1
141 197 1
197 141 1
141 113 1
113 225 1
225 197 1
197 141 1
141 57 1
57 281 1
281 1 1
1 309 1
309 225 1
225 113 1
113 225 1
225 113 1
113 141 1
141 197 1
197 141 1
141 85 1
85 141 1
141 309 1
309 225 1
225 113 1
113 225 1
225 309 1
309 29 1
29 1 1
1 1 1
1 57 1
57 57 1
57 225 1
225 141 1
141 309 1
309 225 1
225 253 1
253 225 1
225 197 1
197 141 1
141 197 1
197 141 1
141 113 1
113 225 1
225 197 1
197 141 1
141 197 1
197 141 1
141 113 1
113 225 1
225 197 1
197 141 1
141 57 1
57 281 1
281 1 1
1 1 1
1 1 1
1 1 1
1 309 1
309 225 1
