309 29 1
29 309 1
309 151 1
151 3585 1
3585 309 1
309 151 1
151 3585 1
3585 309 1
309 151 1
151 3585 1
3585 309 1
309 151 1
151 3585 1
3585 309 1
309 151 1
151 3511 1
3511 3501 1
3501 141 1
141 263 1
263 3511 1
3511 3501 1
3501 141 1
141 263 1
263 3511 1
3511 3501 1
3501 141 1
141 263 1
263 3511 1
3511 3501 1
3501 141 1
141 263 1
263 3511 1
3511 3501 1
3501 141 1
141 263 1
263 3511 1
3511 3501 1
3501 141 1
141 141 1
141 309 1
309 151 1
151 3445 1
3445 141 1
141 309 1
309 225 1
225 113 1
113 151 1
151 3511 1
3511 3501 1
3501 141 1
141 263 1
263 3511 1
3511 3501 1
3501 141 1
141 263 1
263 3511 1
3511 3501 1
3501 141 1
141 263 1
263 3511 1
3511 3501 1
3501 141 1
