123 3585 1
3585 141 1
141 57 1
57 67 1
67 3445 1
3445 123 1
123 3389 1
3389 197 1
197 1 1
1 123 1
123 3389 1
3389 197 1
197 1 1
1 123 1
123 3389 1
3389 197 1
197 141 1
141 123 1
123 3641 1
3641 141 1
141 123 1
123 3389 1
3389 197 1
197 1 1
1 123 1
123 3389 1
3389 197 1
197 141 1
141 123 1
123 3641 1
3641 281 1
281 123 1
123 3641 1
3641 281 1
281 197 1
197 197 1
197 281 1
281 197 1
197 197 1
197 281 1
281 197 1
197 197 1
197 281 1
281 123 1
123 3641 1
3641 141 1
141 1 1
1 123 1
123 3389 1
3389 197 1
197 1 1
1 123 1
123 3389 1
3389 197 1
197 141 1
141 123 1
123 3641 1
3641 281 1
281 123 1
123 3641 1
3641 281 1
281 197 1
197 197 1
197 281 1
281 197 1
197 197 1
197 281 1
281 197 1
197 197 1
197 281 1
281 123 1
123 3641 1
3641 281 1
281 197 1
197 197 1
197 281 1
281 197 1
197 197 1
197 281 1
281 197 1
197 197 1
197 281 1
281 123 1
123 3641 1
3641 141 1
141 1 1
1 123 1
123 3389 1
3389 197 1
197 123 1
123 3389 1
3389 57 1
57 281 1
281 123 1
123 3641 1
3641 281 1
281 123 1
123 3641 1
3641 281 1
281 123 1
123 3641 1
3641 281 1
281 123 1
123 3641 1
3641 141 1
141 1 1
1 123 1
123 3389 1
3389 197 1
197 1 1
1 123 1
123 3389 1
3389 197 1
197 141 1
141 197 1
197 197 1
197 281 1
281 197 1
197 197 1
197 281 1
281 197 1
197 197 1
197 281 1
281 123 1
123 3641 1
3641 281 1
281 197 1
197 197 1
197 281 1
281 197 1
197 197 1
197 281 1
281 197 1
197 197 1
197 281 1
281 123 1
123 3641 1
3641 141 1
141 1 1
1 123 1
123 3389 1
3389 197 1
