3641 141 1
141 141 1
141 123 1
123 3641 1
3641 141 1
141 141 1
141 123 1
123 3641 1
3641 141 1
141 141 1
141 123 1
123 3641 1
3641 141 1
141 141 1
141 123 1
123 3641 1
3641 141 1
141 141 1
141 123 1
123 3641 1
3641 141 1
141 141 1
141 123 1
123 3641 1
3641 141 1
141 141 1
141 123 1
123 3641 1
3641 141 1
141 141 1
141 123 1
123 3641 1
3641 141 1
141 141 1
141 123 1
123 3641 1
3641 141 1
141 141 1
141 123 1
123 3641 1
3641 141 1
141 141 1
141 123 1
123 3641 1
3641 141 1
141 141 1
141 123 1
123 3641 1
3641 141 1
141 141 1
141 123 1
123 3641 1
3641 141 1
141 141 1
141 123 1
123 3641 1
3641 141 1
141 141 1
141 123 1
123 3641 1
3641 141 1
141 141 1
141 123 1
123 3641 1
3641 141 1
141 141 1
141 123 1
123 3641 1
3641 141 1
141 141 1
141 123 1
123 3641 1
3641 141 1
141 141 1
141 123 1
123 3641 1
3641 141 1
141 141 1
141 123 1
123 3641 1
3641 141 1
141 141 1
141 123 1
123 3641 1
3641 141 1
141 141 1
141 123 1
123 3641 1
3641 141 1
141 141 1
141 123 1
123 3641 1
3641 141 1
141 141 1
141 123 1
123 3641 1
3641 141 1
141 141 1
141 123 1
123 3641 1
3641 141 1
141 141 1
141 123 1
123 3641 1
3641 141 1
141 141 1
141 123 1
123 3641 1
3641 141 1
141 141 1
141 319 1
319 3511 1
3511 3445 1
3445 141 1
141 319 1
319 3511 1
3511 3445 1
3445 141 1
141 319 1
319 3511 1
3511 3445 1
3445 141 1
141 319 1
319 3511 1
3511 3445 1
3445 141 1
141 123 1
123 3641 1
3641 141 1
141 141 1
141 123 1
123 3641 1
3641 141 1
141 141 1
141 123 1
123 3641 1
3641 141 1
141 141 1
141 123 1
123 3641 1
3641 141 1
141 141 1
141 123 1
123 3641 1
3641 141 1
141 141 1
141 123 1
123 3641 1
3641 141 1
141 141 1
141 123 1
123 3641 1
3641 141 1
141 141 1
141 123 1
123 3641 1
3641 141 1
141 141 1
141 123 1
123 3641 1
3641 141 1
141 141 1
