3641 67 1
67 3641 1
3641 141 1
141 281 1
281 57 1
57 281 1
281 141 1
141 141 1
141 197 1
197 141 1
141 309 1
309 123 1
123 3389 1
3389 57 1
57 141 1
141 123 1
123 3389 1
3389 57 1
57 141 1
141 123 1
123 3389 1
3389 57 1
57 281 1
281 57 1
57 67 1
67 3501 1
3501 281 1
281 197 1
197 67 1
67 3501 1
3501 281 1
281 123 1
123 3389 1
3389 57 1
57 141 1
141 263 1
263 3567 1
3567 3389 1
3389 1 1
1 263 1
263 3501 1
3501 141 1
141 123 1
123 3389 1
3389 57 1
57 141 1
141 263 1
263 3567 1
3567 3389 1
3389 1 1
1 263 1
263 3501 1
3501 141 1
141 123 1
123 3389 1
3389 57 1
57 141 1
141 67 1
67 3641 1
3641 67 1
67 3641 1
3641 141 1
141 281 1
281 57 1
57 281 1
281 141 1
141 141 1
141 197 1
197 141 1
141 309 1
309 123 1
123 3389 1
3389 57 1
57 141 1
141 123 1
123 3389 1
3389 57 1
57 141 1
141 123 1
123 3389 1
3389 57 1
57 281 1
281 57 1
57 67 1
67 3501 1
3501 281 1
281 197 1
197 67 1
67 3501 1
3501 281 1
281 123 1
123 3389 1
3389 57 1
57 141 1
141 263 1
263 3567 1
3567 3389 1
3389 1 1
1 263 1
263 3501 1
3501 141 1
141 123 1
123 3389 1
3389 57 1
57 141 1
141 123 1
123 3389 1
3389 57 1
