123 3585 1
3585 123 1
123 3585 1
3585 123 1
123 3567 1
3567 3445 1
3445 281 1
281 123 1
123 3585 1
3585 123 1
123 3585 1
3585 123 1
123 3567 1
3567 3445 1
3445 281 1
281 123 1
123 3585 1
3585 123 1
123 3585 1
3585 123 1
123 3567 1
3567 3445 1
3445 67 1
67 3585 1
3585 319 1
319 3445 1
3445 67 1
67 3585 1
3585 319 1
319 3445 1
3445 67 1
67 3585 1
3585 319 1
319 3445 1
3445 281 1
281 123 1
123 3567 1
3567 3445 1
3445 281 1
281 123 1
123 3585 1
3585 123 1
123 3585 1
3585 123 1
123 3585 1
3585 123 1
123 3585 1
3585 123 1
123 3585 1
3585 123 1
123 3585 1
3585 123 1
123 3567 1
3567 3445 1
3445 67 1
67 3585 1
3585 319 1
319 3445 1
3445 67 1
67 3585 1
3585 319 1
319 3445 1
3445 67 1
67 3585 1
3585 319 1
319 3445 1
3445 281 1
281 123 1
123 3567 1
3567 3445 1
3445 281 1
281 123 1
123 3641 1
3641 281 1
281 123 1
123 3641 1
3641 281 1
281 123 1
123 3641 1
3641 281 1
281 319 1
319 3445 1
3445 281 1
281 123 1
123 3585 1
3585 123 1
123 3585 1
3585 123 1
123 3641 1
3641 67 1
67 3585 1
3585 319 1
319 3445 1
3445 67 1
67 3585 1
3585 319 1
319 3445 1
3445 67 1
67 3585 1
3585 319 1
319 3445 1
3445 281 1
281 123 1
123 3567 1
3567 3445 1
3445 281 1
281 123 1
123 3585 1
3585 123 1
123 3585 1
3585 123 1
123 3567 1
3567 3445 1
