3511 3501 1
3501 141 1
141 263 1
263 3511 1
3511 3501 1
3501 141 1
141 263 1
263 3511 1
3511 3501 1
3501 141 1
141 263 1
263 3511 1
3511 3501 1
3501 141 1
141 263 1
263 3511 1
3511 3501 1
3501 141 1
141 263 1
263 3511 1
3511 3501 1
3501 141 1
141 263 1
263 3511 1
3511 3501 1
3501 141 1
141 263 1
263 3511 1
3511 3501 1
3501 141 1
141 263 1
263 3511 1
3511 3501 1
3501 141 1
141 263 1
263 3511 1
3511 3501 1
3501 141 1
141 263 1
263 3511 1
3511 3501 1
3501 141 1
141 263 1
263 3511 1
3511 3501 1
3501 141 1
141 263 1
263 3511 1
3511 3501 1
3501 141 1
141 263 1
263 3511 1
3511 3501 1
3501 141 1
141 263 1
263 3511 1
3511 3501 1
3501 141 1
141 263 1
263 3511 1
3511 3501 1
3501 141 1
141 263 1
263 3511 1
3511 3501 1
3501 141 1
141 263 1
263 3511 1
3511 3501 1
3501 141 1
141 263 1
263 3511 1
3511 3501 1
3501 141 1
141 263 1
263 3511 1
3511 3501 1
3501 141 1
141 263 1
263 3511 1
3511 3501 1
3501 141 1
141 263 1
263 3511 1
3511 3501 1
3501 141 1
141 197 1
197 141 1
141 197 1
197 141 1
141 141 1
141 263 1
263 3501 1
3501 67 1
67 3511 1
3511 3501 1
3501 141 1
141 263 1
263 3511 1
3511 3501 1
3501 141 1
141 263 1
263 3511 1
3511 3501 1
3501 141 1
141 197 1
197 141 1
141 263 1
263 3511 1
3511 3501 1
3501 141 1
141 263 1
263 3511 1
3511 3501 1
3501 141 1
141 263 1
263 3511 1
3511 3501 1
3501 141 1
141 197 1
197 141 1
141 197 1
197 141 1
141 141 1
141 263 1
263 3501 1
3501 67 1
67 3511 1
3511 3501 1
3501 141 1
141 263 1
263 3511 1
3511 3501 1
3501 141 1
141 263 1
263 3511 1
3511 3501 1
3501 141 1
141 263 1
263 3511 1
3511 3501 1
3501 141 1
141 263 1
263 3511 1
3511 3501 1
3501 141 1
141 263 1
263 3511 1
3511 3501 1
3501 141 1
141 263 1
263 3511 1
3511 3501 1
3501 141 1
141 263 1
263 3511 1
3511 3501 1
3501 141 1
