3445 141 1
141 123 1
123 3445 1
3445 141 1
141 263 1
263 3567 1
3567 3445 1
3445 141 1
141 123 1
123 3445 1
3445 141 1
141 263 1
263 3445 1
3445 57 1
57 67 1
67 3585 1
3585 57 1
57 263 1
263 3389 1
3389 57 1
57 263 1
263 3389 1
3389 197 1
197 67 1
67 3567 1
3567 3445 1
3445 197 1
197 207 1
207 3567 1
3567 3445 1
3445 197 1
197 281 1
281 123 1
123 3445 1
3445 197 1
197 207 1
207 3567 1
3567 3641 1
3641 67 1
67 3445 1
3445 141 1
141 123 1
123 3445 1
3445 141 1
141 263 1
263 3567 1
3567 3445 1
3445 141 1
141 123 1
123 3445 1
3445 141 1
141 263 1
263 3445 1
3445 57 1
57 67 1
67 3585 1
3585 57 1
57 263 1
263 3389 1
3389 57 1
57 263 1
263 3389 1
3389 197 1
197 67 1
67 3567 1
3567 3445 1
3445 197 1
197 207 1
207 3567 1
3567 3445 1
3445 197 1
197 281 1
281 123 1
123 3445 1
3445 197 1
197 207 1
207 3567 1
3567 3641 1
3641 67 1
67 3445 1
3445 141 1
141 123 1
123 3445 1
3445 141 1
141 263 1
263 3371 1
3371 3567 1
3567 3445 1
3445 197 1
197 207 1
207 3567 1
3567 3445 1
3445 197 1
197 281 1
281 123 1
123 3445 1
3445 197 1
197 207 1
207 3567 1
3567 3641 1
3641 207 1
207 3567 1
3567 3641 1
3641 67 1
67 3445 1
3445 141 1
141 263 1
