197 141 1
141 197 1
197 141 1
141 197 1
197 141 1
141 197 1
197 67 1
67 3641 1
3641 141 1
141 141 1
141 123 1
123 3641 1
3641 141 1
141 141 1
141 123 1
123 3641 1
3641 141 1
141 197 1
197 141 1
141 197 1
197 141 1
141 197 1
197 67 1
67 3641 1
3641 141 1
141 141 1
141 123 1
123 3641 1
3641 141 1
141 141 1
141 123 1
123 3641 1
3641 141 1
141 197 1
197 141 1
141 197 1
197 225 1
225 141 1
141 57 1
57 281 1
281 197 1
197 141 1
141 57 1
57 57 1
57 197 1
197 141 1
141 197 1
197 141 1
141 197 1
197 141 1
141 197 1
197 67 1
67 3641 1
3641 141 1
141 141 1
141 123 1
123 3641 1
3641 141 1
141 141 1
141 123 1
123 3641 1
3641 141 1
141 197 1
197 141 1
141 197 1
