3445 197 1
197 197 1
197 207 1
207 3445 1
3445 197 1
197 197 1
197 207 1
207 3445 1
3445 197 1
197 197 1
197 207 1
207 3445 1
3445 197 1
197 197 1
197 207 1
207 3445 1
3445 197 1
197 197 1
197 85 1
85 57 1
57 197 1
197 207 1
207 3445 1
3445 197 1
197 197 1
197 207 1
207 3445 1
3445 197 1
197 197 1
197 207 1
207 3445 1
3445 197 1
197 197 1
197 207 1
207 3445 1
3445 197 1
197 197 1
197 85 1
85 57 1
57 67 1
67 3585 1
3585 57 1
57 67 1
67 3585 1
3585 57 1
57 141 1
141 1 1
1 309 1
309 29 1
29 253 1
253 85 1
85 57 1
57 85 1
85 123 1
123 3445 1
3445 263 1
263 3585 1
3585 123 1
123 3445 1
3445 263 1
263 3585 1
3585 123 1
123 3445 1
3445 263 1
263 3585 1
3585 123 1
123 3445 1
3445 263 1
263 3557 1
3557 281 1
281 207 1
207 3445 1
3445 197 1
197 197 1
197 207 1
207 3445 1
3445 197 1
197 197 1
197 207 1
207 3445 1
3445 197 1
197 197 1
197 207 1
207 3445 1
3445 197 1
197 197 1
197 85 1
85 57 1
57 67 1
67 3585 1
3585 57 1
57 67 1
67 3585 1
3585 57 1
57 141 1
141 1 1
1 309 1
309 29 1
29 253 1
253 85 1
85 57 1
57 85 1
85 123 1
123 3445 1
3445 263 1
263 3585 1
3585 123 1
123 3445 1
3445 263 1
263 3585 1
3585 123 1
123 3445 1
3445 263 1
263 3585 1
3585 123 1
123 3445 1
3445 263 1
263 3585 1
3585 123 1
123 3445 1
3445 263 1
263 3585 1
3585 123 1
123 3445 1
3445 263 1
263 3585 1
3585 123 1
123 3445 1
3445 263 1
263 3585 1
3585 123 1
123 3445 1
3445 263 1
263 3585 1
3585 123 1
123 3445 1
3445 263 1
263 3585 1
3585 123 1
123 3445 1
3445 263 1
263 3585 1
3585 123 1
123 3445 1
3445 263 1
263 3585 1
3585 123 1
123 3445 1
3445 263 1
263 3585 1
3585 123 1
123 3445 1
3445 263 1
263 3585 1
3585 123 1
123 3445 1
3445 263 1
