141 141 1
141 141 1
141 113 1
113 141 1
141 179 1
179 3445 1
3445 67 1
67 3417 1
3417 29 1
29 57 1
57 1 1
1 67 1
67 3511 1
3511 3501 1
3501 141 1
141 197 1
197 67 1
67 3511 1
3511 3501 1
3501 67 1
67 3371 1
3371 3511 1
3511 3501 1
3501 141 1
141 197 1
197 67 1
67 3511 1
3511 3501 1
3501 141 1
141 197 1
197 67 1
67 3511 1
3511 3501 1
3501 141 1
141 197 1
197 67 1
67 3511 1
3511 3501 1
3501 141 1
141 197 1
197 281 1
281 57 1
57 67 1
67 3585 1
3585 57 1
57 67 1
67 3585 1
3585 57 1
57 141 1
141 197 1
197 67 1
67 3641 1
3641 281 1
281 57 1
57 67 1
67 3371 1
3371 3511 1
3511 3501 1
3501 141 1
141 197 1
197 67 1
67 3511 1
3511 3501 1
3501 141 1
141 197 1
197 67 1
67 3511 1
3511 3501 1
3501 141 1
141 197 1
197 67 1
67 3511 1
3511 3501 1
3501 141 1
141 197 1
197 67 1
67 3641 1
3641 281 1
281 57 1
57 67 1
67 3585 1
3585 57 1
57 67 1
67 3585 1
3585 57 1
57 141 1
141 197 1
197 67 1
67 3641 1
3641 281 1
281 57 1
57 67 1
67 3511 1
3511 3445 1
3445 57 1
57 67 1
67 3641 1
3641 281 1
281 57 1
57 67 1
67 3641 1
3641 281 1
281 57 1
57 253 1
253 29 1
29 1 1
1 57 1
57 67 1
67 3511 1
3511 3501 1
3501 141 1
141 197 1
197 67 1
67 3511 1
3511 3501 1
3501 141 1
141 197 1
197 67 1
67 3641 1
3641 207 1
207 3501 1
3501 141 1
141 197 1
197 67 1
67 3641 1
3641 207 1
207 3501 1
3501 141 1
141 197 1
197 67 1
67 3641 1
3641 281 1
281 57 1
57 67 1
67 3585 1
3585 57 1
57 67 1
67 3585 1
3585 57 1
57 141 1
141 197 1
197 67 1
67 3641 1
3641 281 1
281 57 1
57 281 1
281 57 1
57 281 1
281 57 1
57 253 1
253 29 1
29 1 1
1 57 1
57 281 1
281 57 1
57 281 1
281 57 1
57 141 1
