141 197 1
197 67 1
67 3501 1
3501 29 1
29 39 1
39 3501 1
3501 85 1
85 57 1
57 141 1
141 1 1
1 141 1
141 197 1
197 67 1
67 3501 1
3501 29 1
29 39 1
39 3501 1
3501 85 1
85 57 1
57 141 1
141 141 1
141 197 1
197 197 1
197 281 1
281 197 1
197 197 1
197 281 1
281 197 1
197 225 1
225 39 1
39 3511 1
3511 3501 1
3501 1 1
1 1 1
1 141 1
141 141 1
141 197 1
197 67 1
67 3501 1
3501 29 1
29 39 1
39 3501 1
3501 85 1
85 57 1
57 141 1
141 1 1
1 141 1
141 197 1
197 67 1
67 3501 1
3501 29 1
29 39 1
39 3501 1
3501 85 1
85 57 1
57 141 1
141 141 1
141 197 1
197 197 1
197 281 1
281 197 1
197 197 1
197 281 1
281 197 1
197 225 1
225 39 1
39 3511 1
3511 3501 1
3501 1 1
1 1 1
1 281 1
281 57 1
57 1 1
1 141 1
141 141 1
141 197 1
197 197 1
197 281 1
281 197 1
197 225 1
225 39 1
39 3511 1
3511 3501 1
3501 1 1
1 1 1
1 141 1
141 141 1
141 197 1
197 67 1
67 3501 1
3501 29 1
29 39 1
39 3501 1
3501 85 1
85 57 1
57 141 1
141 141 1
141 197 1
197 197 1
197 281 1
281 197 1
197 197 1
197 281 1
281 197 1
197 225 1
225 39 1
39 3511 1
3511 3501 1
3501 1 1
1 1 1
1 281 1
281 57 1
57 1 1
1 141 1
141 141 1
141 197 1
197 1 1
