263 3641 1
3641 141 1
141 263 1
263 3641 1
3641 67 1
67 3501 1
3501 141 1
141 67 1
67 3501 1
3501 141 1
141 141 1
141 263 1
263 3641 1
3641 141 1
141 263 1
263 3641 1
3641 141 1
141 263 1
263 3641 1
3641 67 1
67 3501 1
3501 141 1
141 67 1
67 3501 1
3501 141 1
141 141 1
141 57 1
57 281 1
281 57 1
57 281 1
281 57 1
57 281 1
281 57 1
57 263 1
263 3389 1
3389 197 1
197 123 1
123 3389 1
3389 263 1
263 3427 1
3427 3389 1
3389 197 1
197 123 1
123 3389 1
3389 57 1
57 281 1
281 57 1
57 281 1
281 57 1
57 281 1
281 57 1
57 281 1
281 57 1
57 281 1
281 263 1
263 3641 1
3641 141 1
141 263 1
263 3641 1
3641 67 1
67 3501 1
3501 141 1
141 67 1
67 3501 1
3501 141 1
