3371 3641 1
3641 1 1
1 67 1
67 3641 1
3641 1 1
1 67 1
67 3641 1
3641 281 1
281 309 1
309 151 1
151 3641 1
3641 281 1
281 309 1
309 225 1
225 197 1
197 281 1
281 123 1
123 3585 1
3585 57 1
57 67 1
67 3641 1
3641 281 1
281 309 1
309 151 1
151 3641 1
3641 281 1
281 309 1
309 225 1
225 197 1
197 281 1
281 123 1
123 3585 1
3585 57 1
57 281 1
281 57 1
57 67 1
67 3371 1
3371 3641 1
3641 281 1
281 57 1
57 67 1
67 3641 1
3641 281 1
281 57 1
57 67 1
67 3641 1
3641 281 1
281 309 1
309 151 1
151 3641 1
3641 281 1
281 309 1
309 225 1
225 197 1
197 281 1
281 123 1
123 3585 1
3585 57 1
57 67 1
67 3641 1
3641 281 1
281 309 1
309 151 1
151 3641 1
3641 281 1
281 309 1
309 225 1
225 197 1
197 281 1
281 123 1
123 3585 1
3585 57 1
57 281 1
281 57 1
57 67 1
67 3371 1
3371 3641 1
3641 281 1
281 57 1
57 67 1
67 3641 1
3641 281 1
281 57 1
57 67 1
67 3641 1
3641 281 1
281 309 1
309 151 1
151 3641 1
3641 281 1
281 309 1
309 225 1
225 197 1
197 281 1
281 123 1
123 3585 1
3585 57 1
57 281 1
281 57 1
57 67 1
67 3371 1
3371 3641 1
3641 281 1
281 57 1
57 67 1
67 3641 1
3641 281 1
281 57 1
57 67 1
67 3641 1
3641 281 1
281 309 1
309 151 1
151 3641 1
3641 281 1
281 309 1
309 1 1
1 225 1
225 197 1
197 281 1
281 123 1
123 3585 1
3585 57 1
57 281 1
281 57 1
57 67 1
67 3371 1
3371 3641 1
3641 281 1
281 57 1
57 67 1
67 3641 1
3641 281 1
281 57 1
