281 197 1
197 197 1
197 1 1
1 281 1
281 197 1
197 197 1
197 1 1
1 281 1
281 197 1
197 197 1
197 1 1
1 281 1
281 197 1
197 197 1
197 1 1
1 281 1
281 197 1
197 197 1
197 1 1
1 281 1
281 197 1
197 197 1
197 1 1
1 281 1
281 197 1
197 197 1
197 1 1
1 281 1
281 197 1
197 197 1
197 1 1
1 281 1
281 197 1
197 197 1
197 1 1
1 281 1
281 57 1
57 281 1
281 57 1
57 281 1
281 57 1
57 1 1
1 281 1
281 197 1
197 197 1
197 1 1
1 281 1
281 197 1
197 197 1
197 1 1
1 281 1
281 197 1
197 197 1
197 1 1
1 281 1
281 197 1
197 197 1
197 1 1
1 281 1
281 197 1
197 197 1
197 1 1
1 281 1
281 197 1
197 197 1
197 1 1
1 281 1
281 197 1
197 197 1
197 1 1
1 281 1
281 197 1
197 197 1
197 1 1
1 1 1
1 281 1
281 57 1
57 281 1
281 57 1
57 281 1
281 57 1
57 281 1
281 57 1
57 281 1
281 57 1
57 281 1
281 57 1
57 281 1
281 57 1
57 1 1
1 281 1
281 197 1
197 197 1
197 1 1
1 281 1
281 197 1
197 197 1
197 1 1
1 281 1
281 197 1
197 197 1
197 1 1
1 281 1
281 197 1
197 197 1
197 1 1
1 281 1
281 197 1
197 197 1
197 1 1
1 281 1
281 197 1
197 197 1
197 1 1
1 281 1
281 197 1
197 197 1
197 1 1
1 281 1
281 197 1
197 197 1
197 1 1
1 281 1
281 57 1
57 281 1
