141 57 1
57 1 1
1 85 1
85 253 1
253 1 1
1 281 1
281 57 1
57 1 1
1 141 1
141 197 1
197 1 1
1 141 1
141 281 1
281 197 1
197 57 1
57 225 1
225 113 1
113 281 1
281 1 1
1 281 1
281 253 1
253 281 1
281 57 1
57 141 1
141 141 1
141 197 1
197 197 1
197 1 1
1 141 1
141 141 1
141 197 1
197 197 1
197 1 1
1 281 1
281 197 1
197 281 1
281 253 1
253 281 1
281 197 1
197 281 1
281 253 1
253 281 1
281 197 1
197 281 1
281 57 1
57 281 1
281 253 1
253 281 1
281 57 1
57 281 1
281 197 1
197 281 1
281 253 1
253 281 1
281 197 1
197 281 1
281 253 1
253 281 1
281 197 1
197 281 1
281 57 1
57 281 1
281 253 1
253 281 1
281 57 1
57 141 1
141 141 1
141 197 1
197 197 1
197 1 1
1 141 1
141 141 1
141 197 1
197 197 1
197 1 1
1 281 1
281 197 1
197 281 1
281 253 1
253 281 1
281 197 1
197 281 1
281 253 1
253 281 1
281 197 1
197 281 1
281 253 1
253 141 1
141 281 1
281 253 1
253 281 1
281 57 1
57 141 1
141 141 1
141 197 1
197 197 1
197 1 1
1 141 1
141 141 1
141 197 1
197 197 1
197 197 1
197 281 1
281 57 1
57 281 1
281 57 1
57 281 1
281 57 1
57 281 1
281 281 1
281 253 1
253 281 1
281 197 1
197 281 1
281 253 1
253 281 1
281 197 1
197 281 1
281 253 1
253 281 1
281 197 1
197 281 1
281 253 1
253 281 1
281 197 1
197 281 1
281 253 1
253 281 1
281 57 1
57 141 1
141 141 1
141 197 1
197 197 1
197 1 1
1 141 1
141 141 1
141 197 1
197 197 1
197 1 1
1 141 1
141 141 1
141 197 1
197 197 1
197 1 1
1 141 1
141 141 1
141 197 1
197 197 1
197 141 1
141 141 1
141 197 1
197 141 1
141 57 1
57 141 1
141 141 1
141 197 1
197 141 1
141 57 1
57 1 1
1 1 1
1 141 1
141 141 1
141 57 1
57 141 1
141 281 1
