3585 57 1
57 141 1
141 113 1
113 1 1
1 151 1
151 3585 1
3585 57 1
57 67 1
67 3585 1
3585 57 1
57 141 1
141 113 1
113 151 1
151 3585 1
3585 57 1
57 67 1
67 3585 1
3585 57 1
57 141 1
141 113 1
113 151 1
151 3585 1
3585 57 1
57 67 1
67 3585 1
3585 57 1
57 141 1
141 113 1
113 151 1
151 3585 1
3585 57 1
57 67 1
67 3585 1
3585 309 1
309 151 1
151 3585 1
3585 57 1
57 67 1
67 3585 1
3585 57 1
57 141 1
141 113 1
113 151 1
151 3585 1
3585 57 1
57 67 1
67 3585 1
3585 57 1
57 253 1
253 1 1
1 151 1
151 3585 1
3585 57 1
57 67 1
67 3585 1
3585 57 1
57 141 1
141 113 1
113 151 1
151 3585 1
3585 57 1
57 67 1
67 3585 1
3585 57 1
57 253 1
253 1 1
1 29 1
29 57 1
57 141 1
141 141 1
141 57 1
57 141 1
141 263 1
263 3585 1
3585 57 1
57 67 1
67 3585 1
3585 57 1
57 141 1
141 113 1
113 151 1
151 3585 1
3585 57 1
57 67 1
67 3585 1
3585 57 1
57 253 1
253 151 1
151 3585 1
3585 57 1
57 67 1
67 3585 1
3585 57 1
57 141 1
141 113 1
113 151 1
151 3585 1
3585 57 1
57 67 1
67 3641 1
3641 281 1
281 1 1
1 123 1
123 3585 1
3585 57 1
57 67 1
67 3585 1
3585 57 1
57 141 1
141 113 1
113 151 1
151 3585 1
3585 57 1
57 67 1
67 3585 1
3585 57 1
57 253 1
253 1 1
