141 263 1
263 3641 1
3641 141 1
141 263 1
263 3567 1
3567 3567 1
3567 3389 1
3389 263 1
263 3641 1
3641 141 1
141 263 1
263 3501 1
3501 141 1
141 263 1
263 3641 1
3641 281 1
281 197 1
197 1 1
1 141 1
141 263 1
263 3641 1
3641 141 1
141 263 1
263 3567 1
3567 3567 1
3567 3389 1
3389 263 1
263 3641 1
3641 141 1
141 263 1
263 3501 1
3501 141 1
141 263 1
263 3641 1
3641 281 1
281 197 1
197 1 1
1 141 1
141 263 1
263 3501 1
3501 141 1
141 263 1
263 3641 1
3641 281 1
281 197 1
197 1 1
1 141 1
141 197 1
197 141 1
141 197 1
