67 3567 1
3567 3585 1
3585 197 1
197 67 1
67 3567 1
3567 3585 1
3585 197 1
197 67 1
67 3567 1
3567 3585 1
3585 197 1
197 67 1
67 3567 1
3567 3585 1
3585 197 1
197 67 1
67 3567 1
3567 3585 1
3585 197 1
197 67 1
67 3567 1
3567 3585 1
3585 197 1
197 67 1
67 3567 1
3567 3585 1
3585 197 1
197 67 1
67 3567 1
3567 3585 1
3585 197 1
197 67 1
67 3567 1
3567 3585 1
3585 197 1
197 67 1
67 3567 1
3567 3585 1
3585 197 1
197 67 1
67 3567 1
3567 3585 1
3585 197 1
197 67 1
67 3567 1
3567 3585 1
3585 197 1
197 67 1
67 3567 1
3567 3585 1
3585 197 1
197 67 1
67 3567 1
3567 3585 1
3585 197 1
197 67 1
67 3567 1
3567 3585 1
