3445 197 1
197 281 1
281 253 1
253 141 1
141 141 1
141 253 1
253 1 1
1 207 1
207 3511 1
3511 3445 1
3445 197 1
197 281 1
281 253 1
253 207 1
207 3445 1
3445 197 1
197 281 1
281 253 1
253 85 1
85 57 1
57 141 1
141 141 1
141 57 1
57 57 1
57 1 1
1 1 1
1 1 1
1 1 1
1 207 1
207 3389 1
3389 57 1
57 197 1
197 85 1
85 57 1
57 141 1
141 141 1
141 57 1
57 57 1
57 1 1
1 1 1
1 1 1
1 1 1
1 207 1
207 3389 1
3389 57 1
57 197 1
197 1 1
1 207 1
207 3445 1
3445 197 1
197 281 1
281 253 1
253 1 1
1 207 1
207 3445 1
3445 197 1
197 281 1
281 253 1
253 85 1
85 57 1
57 141 1
141 141 1
141 57 1
57 57 1
57 1 1
1 1 1
1 1 1
1 1 1
1 207 1
207 3389 1
3389 57 1
57 197 1
197 57 1
