197 207 1
207 3445 1
3445 1 1
1 197 1
197 207 1
207 3445 1
3445 57 1
57 1 1
1 197 1
197 207 1
207 3445 1
3445 197 1
197 197 1
197 207 1
207 3445 1
3445 263 1
263 3445 1
3445 197 1
197 197 1
197 207 1
207 3445 1
3445 57 1
57 141 1
141 197 1
197 207 1
207 3445 1
3445 197 1
197 1 1
1 197 1
197 207 1
207 3445 1
3445 197 1
197 197 1
197 207 1
207 3445 1
3445 263 1
263 3445 1
3445 197 1
197 197 1
197 207 1
207 3445 1
3445 57 1
57 141 1
141 197 1
197 207 1
207 3445 1
3445 197 1
197 197 1
197 207 1
207 3445 1
3445 197 1
197 197 1
197 207 1
207 3445 1
3445 263 1
263 3445 1
3445 197 1
197 197 1
197 207 1
207 3445 1
3445 197 1
197 197 1
197 141 1
141 197 1
197 207 1
207 3445 1
3445 197 1
197 197 1
197 207 1
207 3445 1
3445 197 1
197 197 1
197 207 1
207 3445 1
3445 197 1
