3445 57 1
57 85 1
85 123 1
123 3445 1
3445 113 1
113 151 1
151 3445 1
3445 57 1
57 85 1
85 123 1
123 3557 1
3557 151 1
151 3371 1
3371 3445 1
3445 57 1
57 85 1
85 123 1
123 3557 1
3557 151 1
151 3557 1
3557 151 1
151 3445 1
3445 57 1
57 85 1
85 123 1
123 3445 1
3445 113 1
113 1 1
1 151 1
151 3445 1
3445 57 1
57 85 1
85 123 1
123 3557 1
3557 151 1
151 3445 1
3445 57 1
57 85 1
85 123 1
123 3557 1
3557 151 1
151 3557 1
3557 151 1
151 3445 1
3445 57 1
57 85 1
85 123 1
123 3445 1
3445 113 1
113 1 1
1 151 1
151 3445 1
3445 57 1
57 85 1
85 123 1
123 3557 1
3557 151 1
151 3445 1
3445 57 1
57 85 1
85 123 1
123 3557 1
3557 151 1
151 3557 1
3557 151 1
151 3445 1
3445 57 1
57 85 1
85 123 1
123 3445 1
3445 113 1
113 1 1
1 151 1
151 3445 1
3445 57 1
57 85 1
85 123 1
123 3557 1
3557 151 1
151 3445 1
3445 57 1
57 85 1
85 123 1
123 3557 1
3557 151 1
151 3557 1
3557 151 1
151 3445 1
3445 57 1
57 85 1
85 123 1
123 3445 1
3445 113 1
113 1 1
1 151 1
151 3445 1
3445 57 1
57 85 1
85 123 1
123 3557 1
3557 151 1
151 3445 1
3445 57 1
57 85 1
85 123 1
123 3557 1
3557 151 1
151 3557 1
3557 151 1
151 3445 1
3445 57 1
57 85 1
85 123 1
123 3445 1
3445 113 1
113 1 1
1 151 1
151 3445 1
3445 57 1
57 85 1
85 123 1
123 3557 1
3557 151 1
151 3445 1
3445 57 1
57 85 1
85 123 1
123 3557 1
3557 151 1
151 3557 1
3557 151 1
151 3445 1
3445 57 1
57 85 1
85 123 1
123 3445 1
3445 113 1
113 1 1
1 151 1
151 3445 1
3445 57 1
57 85 1
85 123 1
123 3557 1
3557 151 1
151 3445 1
3445 57 1
57 85 1
85 123 1
123 3557 1
3557 151 1
151 3501 1
3501 207 1
207 3501 1
3501 207 1
207 3501 1
3501 207 1
207 3501 1
