197 67 1
67 3641 1
3641 141 1
141 197 1
197 67 1
67 3641 1
3641 141 1
141 197 1
197 67 1
67 3641 1
3641 141 1
141 197 1
197 67 1
67 3641 1
3641 67 1
67 3585 1
3585 57 1
57 67 1
67 3585 1
3585 57 1
57 67 1
67 3585 1
3585 57 1
57 85 1
85 197 1
197 57 1
57 141 1
141 197 1
197 67 1
67 3641 1
3641 141 1
141 197 1
197 67 1
67 3641 1
3641 141 1
141 1 1
1 197 1
197 67 1
67 3641 1
3641 141 1
141 1 1
1 197 1
197 67 1
67 3641 1
3641 67 1
67 3585 1
3585 57 1
57 67 1
67 3585 1
3585 57 1
57 67 1
67 3585 1
3585 57 1
57 67 1
67 3585 1
3585 57 1
57 67 1
67 3585 1
3585 57 1
57 67 1
67 3585 1
3585 57 1
57 123 1
123 3585 1
3585 57 1
57 67 1
67 3585 1
3585 57 1
57 67 1
67 3585 1
3585 57 1
57 67 1
67 3585 1
3585 57 1
57 67 1
67 3585 1
3585 57 1
57 67 1
67 3585 1
3585 57 1
57 141 1
