3445 197 1
197 207 1
207 3567 1
3567 3445 1
3445 197 1
197 207 1
207 3567 1
3567 3371 1
3371 3445 1
3445 197 1
197 207 1
207 3567 1
3567 3445 1
3445 197 1
197 207 1
207 3445 1
3445 57 1
57 67 1
67 3445 1
3445 197 1
197 207 1
207 3567 1
3567 3445 1
3445 197 1
197 207 1
207 3567 1
3567 3445 1
3445 197 1
197 207 1
207 3567 1
3567 3445 1
3445 197 1
197 207 1
207 3567 1
3567 3445 1
3445 197 1
197 207 1
207 3567 1
3567 3445 1
3445 197 1
197 207 1
207 3427 1
3427 3389 1
3389 57 1
57 67 1
67 3371 1
3371 3445 1
3445 197 1
197 207 1
207 3567 1
3567 3445 1
3445 197 1
197 207 1
207 3427 1
3427 3389 1
3389 57 1
57 67 1
67 3445 1
3445 197 1
197 207 1
207 3567 1
3567 3445 1
3445 197 1
197 207 1
207 3567 1
3567 3445 1
3445 197 1
197 207 1
207 3567 1
3567 3445 1
3445 197 1
197 207 1
207 3567 1
3567 3445 1
3445 197 1
197 207 1
207 3567 1
3567 3445 1
3445 197 1
197 207 1
207 3567 1
