3585 123 1
123 3585 1
3585 123 1
123 3585 1
3585 197 1
197 197 1
197 281 1
281 253 1
253 207 1
207 3585 1
3585 123 1
123 3585 1
3585 123 1
123 3585 1
3585 197 1
197 197 1
197 281 1
281 253 1
253 207 1
207 3585 1
3585 123 1
123 3585 1
3585 123 1
123 3585 1
3585 123 1
123 3585 1
3585 123 1
123 3585 1
3585 197 1
197 197 1
197 197 1
197 207 1
207 3445 1
3445 197 1
197 197 1
197 207 1
207 3585 1
3585 123 1
123 3585 1
3585 123 1
123 3585 1
3585 197 1
197 197 1
197 281 1
281 253 1
253 207 1
207 3585 1
3585 123 1
123 3585 1
3585 123 1
123 3585 1
3585 197 1
197 197 1
197 281 1
281 253 1
253 207 1
207 3585 1
3585 123 1
123 3585 1
3585 123 1
123 3585 1
3585 123 1
123 3585 1
3585 123 1
123 3585 1
3585 197 1
197 197 1
197 197 1
197 207 1
207 3445 1
3445 197 1
197 197 1
197 281 1
281 197 1
197 197 1
197 207 1
207 3445 1
3445 197 1
197 197 1
197 123 1
123 3585 1
3585 123 1
123 3585 1
3585 263 1
263 3445 1
3445 197 1
197 197 1
197 67 1
67 3585 1
3585 123 1
123 3585 1
3585 263 1
263 3445 1
3445 197 1
197 197 1
197 151 1
151 3585 1
3585 123 1
123 3585 1
3585 123 1
123 3585 1
3585 197 1
197 197 1
197 281 1
281 253 1
253 207 1
207 3585 1
3585 123 1
123 3585 1
3585 123 1
123 3585 1
3585 123 1
123 3585 1
3585 123 1
123 3585 1
3585 197 1
197 197 1
197 197 1
197 207 1
207 3445 1
3445 197 1
197 197 1
197 281 1
281 197 1
197 197 1
197 207 1
207 3445 1
3445 197 1
197 197 1
