3501 67 1
67 3445 1
3445 67 1
67 3585 1
3585 319 1
319 3445 1
3445 67 1
67 3501 1
3501 141 1
141 1 1
1 141 1
141 1 1
1 263 1
263 3427 1
3427 3445 1
3445 207 1
207 3501 1
3501 67 1
67 3445 1
3445 67 1
67 3585 1
3585 319 1
319 3445 1
3445 67 1
67 3501 1
3501 141 1
141 141 1
141 1 1
1 263 1
263 3427 1
3427 3445 1
3445 207 1
207 3501 1
3501 67 1
67 3445 1
3445 67 1
67 3585 1
3585 319 1
319 3445 1
3445 67 1
67 3501 1
3501 141 1
141 141 1
141 1 1
1 263 1
263 3427 1
3427 3445 1
3445 281 1
281 57 1
57 141 1
141 309 1
309 169 1
169 57 1
57 141 1
141 309 1
309 169 1
169 57 1
57 141 1
141 123 1
123 3389 1
3389 319 1
319 3445 1
3445 207 1
207 3501 1
3501 67 1
67 3445 1
3445 67 1
67 3585 1
3585 319 1
319 3445 1
3445 67 1
67 3501 1
3501 141 1
141 141 1
141 1 1
1 263 1
263 3427 1
3427 3445 1
3445 281 1
281 57 1
57 141 1
141 309 1
309 169 1
169 57 1
57 141 1
141 309 1
309 169 1
169 57 1
57 141 1
141 123 1
123 3389 1
3389 319 1
319 3445 1
3445 263 1
263 3445 1
3445 141 1
141 197 1
197 141 1
141 197 1
197 57 1
57 207 1
207 3445 1
3445 141 1
141 197 1
197 141 1
141 197 1
197 57 1
57 207 1
207 3445 1
3445 141 1
141 197 1
197 141 1
141 197 1
197 57 1
57 207 1
207 3445 1
3445 141 1
141 197 1
197 141 1
141 197 1
197 57 1
57 281 1
281 141 1
141 141 1
141 113 1
113 207 1
