3641 281 1
281 263 1
263 3567 1
3567 3371 1
3371 3641 1
3641 281 1
281 263 1
263 3567 1
3567 3371 1
3371 3641 1
3641 281 1
281 263 1
263 3567 1
3567 3445 1
3445 197 1
197 141 1
141 197 1
197 85 1
85 197 1
197 141 1
141 197 1
197 197 1
197 197 1
197 141 1
141 197 1
197 85 1
85 197 1
197 141 1
141 197 1
197 57 1
57 67 1
67 3585 1
3585 197 1
197 197 1
197 141 1
141 197 1
197 85 1
85 197 1
197 141 1
141 197 1
197 57 1
57 141 1
141 141 1
141 197 1
197 263 1
263 3585 1
3585 263 1
263 3567 1
3567 3371 1
3371 3371 1
3371 3371 1
3371 3641 1
3641 281 1
281 123 1
123 3445 1
3445 197 1
197 141 1
141 197 1
197 85 1
85 197 1
197 141 1
141 197 1
197 197 1
197 197 1
197 141 1
141 197 1
197 85 1
85 197 1
197 141 1
141 197 1
197 57 1
57 1 1
1 281 1
281 1 1
1 197 1
