3445 197 1
197 113 1
113 291 1
291 3445 1
3445 197 1
197 113 1
113 291 1
291 3445 1
3445 197 1
197 113 1
113 95 1
95 3445 1
3445 123 1
123 3445 1
3445 197 1
197 113 1
113 291 1
291 3445 1
3445 197 1
197 113 1
113 291 1
291 3445 1
3445 197 1
197 113 1
113 95 1
95 3445 1
3445 197 1
197 141 1
141 57 1
57 113 1
113 29 1
29 141 1
141 57 1
57 113 1
113 29 1
29 141 1
141 57 1
57 113 1
113 95 1
95 3445 1
3445 123 1
123 3445 1
3445 141 1
141 57 1
57 113 1
113 29 1
29 141 1
141 57 1
57 113 1
113 29 1
29 141 1
141 57 1
57 113 1
113 95 1
95 3445 1
3445 197 1
197 141 1
141 57 1
57 113 1
113 29 1
29 141 1
141 57 1
57 113 1
113 29 1
29 141 1
141 57 1
57 113 1
113 95 1
95 3445 1
3445 57 1
57 113 1
113 95 1
95 3445 1
3445 57 1
57 113 1
113 95 1
95 3445 1
3445 197 1
