123 3511 1
3511 3585 1
3585 11 1
11 3557 1
3557 1 1
1 123 1
123 3511 1
3511 3641 1
3641 281 1
281 11 1
11 3557 1
3557 1 1
1 123 1
123 3511 1
3511 3641 1
3641 281 1
281 11 1
11 3557 1
3557 1 1
1 263 1
263 3567 1
3567 3389 1
3389 197 1
197 1 1
1 263 1
263 3567 1
3567 3389 1
3389 57 1
57 141 1
141 123 1
123 3511 1
3511 3641 1
3641 281 1
281 11 1
11 3557 1
3557 1 1
1 123 1
123 3511 1
3511 3641 1
3641 281 1
281 11 1
11 3557 1
3557 1 1
1 123 1
123 3511 1
3511 3641 1
3641 281 1
281 11 1
11 3557 1
3557 1 1
1 263 1
263 3567 1
3567 3389 1
3389 197 1
197 1 1
1 263 1
263 3567 1
3567 3389 1
3389 57 1
57 141 1
141 123 1
123 3511 1
3511 3641 1
3641 281 1
281 11 1
11 3557 1
3557 1 1
1 123 1
123 3511 1
3511 3641 1
3641 281 1
281 11 1
11 3557 1
3557 1 1
1 123 1
123 3511 1
3511 3641 1
3641 281 1
281 11 1
11 3557 1
3557 1 1
1 141 1
141 11 1
11 3557 1
3557 1 1
1 141 1
141 11 1
11 3557 1
