197 263 1
263 3445 1
3445 197 1
197 141 1
141 253 1
253 207 1
207 3389 1
3389 57 1
57 141 1
141 1 1
1 141 1
141 1 1
1 57 1
57 141 1
141 141 1
141 57 1
57 141 1
141 1 1
1 141 1
141 57 1
57 67 1
67 3361 1
3361 11 1
11 3585 1
3585 57 1
57 141 1
141 1 1
1 141 1
141 57 1
57 141 1
141 141 1
141 57 1
57 141 1
141 141 1
141 57 1
57 67 1
67 3585 1
3585 57 1
57 141 1
141 197 1
197 67 1
67 3567 1
3567 3389 1
3389 57 1
57 281 1
281 57 1
57 141 1
141 1 1
1 141 1
141 57 1
57 67 1
67 3361 1
3361 11 1
11 3585 1
3585 57 1
57 141 1
141 1 1
1 141 1
141 57 1
57 141 1
141 141 1
141 57 1
57 141 1
141 141 1
141 57 1
57 67 1
67 3585 1
3585 57 1
57 141 1
141 197 1
197 67 1
67 3567 1
3567 3389 1
3389 57 1
57 281 1
281 57 1
57 141 1
141 1 1
1 141 1
141 57 1
57 67 1
67 3361 1
3361 11 1
11 3585 1
3585 57 1
57 141 1
141 1 1
1 141 1
141 57 1
57 141 1
141 1 1
