141 141 1
141 141 1
141 113 1
113 141 1
141 253 1
253 197 1
197 57 1
57 141 1
141 281 1
281 197 1
197 57 1
57 141 1
141 281 1
281 197 1
197 141 1
141 123 1
123 3585 1
3585 197 1
197 197 1
197 1 1
1 281 1
281 197 1
197 57 1
57 141 1
141 1 1
1 1 1
1 1 1
1 1 1
1 1 1
1 1 1
1 281 1
281 197 1
197 57 1
57 141 1
141 1 1
1 1 1
1 1 1
1 1 1
1 1 1
1 1 1
1 281 1
281 197 1
197 141 1
141 123 1
123 3585 1
3585 197 1
197 197 1
197 1 1
1 1 1
1 1 1
1 1 1
1 1 1
1 1 1
1 281 1
281 197 1
197 141 1
141 123 1
123 3585 1
3585 197 1
197 197 1
197 1 1
1 1 1
1 1 1
1 1 1
1 1 1
1 1 1
1 1 1
1 1 1
1 1 1
1 1 1
1 1 1
1 1 1
1 1 1
1 1 1
1 1 1
1 1 1
1 1 1
1 1 1
1 1 1
1 1 1
1 281 1
281 197 1
197 57 1
57 141 1
141 1 1
1 1 1
1 1 1
1 1 1
1 1 1
1 1 1
1 281 1
281 197 1
197 57 1
57 141 1
141 1 1
1 1 1
1 1 1
1 1 1
1 1 1
1 1 1
1 281 1
281 197 1
197 141 1
141 123 1
123 3585 1
3585 197 1
197 197 1
197 1 1
1 1 1
1 1 1
1 1 1
1 1 1
1 1 1
1 281 1
281 197 1
197 141 1
141 123 1
123 3585 1
3585 197 1
197 197 1
197 1 1
1 1 1
1 1 1
1 1 1
1 1 1
1 1 1
1 1 1
1 1 1
1 1 1
1 1 1
1 1 1
1 1 1
1 1 1
1 1 1
1 1 1
1 1 1
1 1 1
1 1 1
1 1 1
1 1 1
1 1 1
1 1 1
1 1 1
1 1 1
1 1 1
1 1 1
1 1 1
1 281 1
281 197 1
197 141 1
141 123 1
123 3585 1
3585 197 1
197 197 1
197 1 1
1 1 1
1 1 1
1 1 1
1 1 1
1 1 1
1 1 1
1 1 1
1 1 1
1 1 1
1 1 1
1 1 1
1 1 1
1 1 1
1 141 1
141 197 1
197 141 1
141 197 1
197 141 1
141 197 1
197 141 1
141 197 1
197 141 1
141 197 1
197 141 1
141 197 1
197 141 1
141 197 1
197 141 1
141 197 1
197 141 1
141 197 1
197 141 1
141 197 1
197 141 1
141 197 1
197 141 1
141 197 1
