3585 57 1
57 67 1
67 3585 1
3585 57 1
57 67 1
67 3585 1
3585 57 1
57 67 1
67 3585 1
3585 57 1
57 67 1
67 3585 1
3585 57 1
57 67 1
67 3585 1
3585 57 1
57 67 1
67 3585 1
3585 57 1
57 67 1
67 3585 1
3585 57 1
57 67 1
67 3585 1
3585 57 1
57 67 1
67 3585 1
3585 57 1
57 67 1
67 3585 1
3585 57 1
57 67 1
67 3585 1
3585 57 1
57 67 1
67 3585 1
3585 57 1
57 67 1
67 3585 1
3585 57 1
57 67 1
67 3585 1
3585 57 1
57 67 1
67 3585 1
3585 57 1
57 67 1
67 3371 1
3371 3585 1
3585 57 1
57 67 1
67 3585 1
3585 57 1
57 67 1
67 3585 1
3585 57 1
57 67 1
67 3585 1
3585 57 1
57 67 1
67 3585 1
3585 57 1
57 67 1
67 3585 1
3585 57 1
57 67 1
67 3585 1
3585 57 1
57 67 1
67 3585 1
3585 57 1
57 67 1
67 3585 1
3585 57 1
57 67 1
67 3371 1
3371 3585 1
3585 57 1
57 67 1
67 3585 1
3585 57 1
57 67 1
67 3585 1
3585 57 1
57 67 1
67 3585 1
3585 57 1
57 67 1
67 3585 1
3585 57 1
57 67 1
67 3371 1
3371 3585 1
3585 57 1
57 67 1
67 3585 1
3585 57 1
57 67 1
67 3585 1
3585 57 1
57 67 1
67 3585 1
3585 57 1
57 67 1
67 3371 1
3371 3585 1
3585 57 1
57 67 1
67 3585 1
3585 57 1
