141 141 1
141 57 1
57 1 1
1 141 1
141 141 1
141 57 1
57 1 1
1 141 1
141 141 1
141 57 1
57 1 1
1 141 1
141 141 1
141 57 1
57 1 1
1 141 1
141 141 1
141 57 1
57 85 1
85 57 1
57 281 1
281 57 1
57 197 1
197 85 1
85 57 1
57 85 1
85 57 1
57 57 1
57 85 1
85 57 1
57 85 1
85 57 1
57 57 1
57 85 1
85 57 1
57 85 1
85 57 1
57 141 1
141 57 1
57 197 1
197 85 1
85 57 1
57 197 1
197 85 1
85 57 1
57 197 1
197 225 1
225 197 1
197 57 1
57 141 1
141 281 1
281 197 1
197 141 1
141 253 1
253 141 1
141 57 1
57 85 1
85 57 1
57 85 1
85 57 1
57 57 1
57 85 1
85 57 1
57 85 1
85 57 1
57 57 1
57 85 1
85 57 1
57 85 1
85 57 1
57 141 1
141 57 1
57 197 1
197 85 1
85 57 1
57 197 1
