123 3585 1
3585 123 1
123 3585 1
3585 123 1
123 3585 1
3585 123 1
123 3585 1
3585 123 1
123 3585 1
3585 123 1
123 3511 1
3511 3567 1
3567 3511 1
3511 3567 1
3567 3511 1
3511 3567 1
3567 3445 1
3445 67 1
67 3585 1
3585 57 1
57 263 1
263 3511 1
3511 3585 1
3585 57 1
57 263 1
263 3511 1
3511 3585 1
3585 57 1
57 263 1
263 3511 1
3511 3585 1
3585 57 1
57 141 1
141 123 1
123 3585 1
3585 123 1
123 3585 1
3585 123 1
123 3585 1
3585 123 1
123 3511 1
3511 3567 1
3567 3511 1
3511 3567 1
3567 3511 1
3511 3567 1
3567 3445 1
3445 67 1
67 3585 1
3585 57 1
57 263 1
263 3511 1
3511 3585 1
3585 57 1
57 263 1
263 3511 1
3511 3585 1
3585 57 1
57 263 1
263 3511 1
3511 3585 1
3585 57 1
57 281 1
281 123 1
123 3567 1
3567 3389 1
3389 263 1
263 3427 1
3427 3389 1
3389 57 1
57 67 1
67 3585 1
3585 57 1
57 263 1
263 3511 1
3511 3585 1
3585 57 1
57 263 1
263 3511 1
3511 3585 1
3585 57 1
57 263 1
263 3511 1
3511 3585 1
3585 57 1
57 263 1
263 3511 1
3511 3585 1
3585 57 1
