3445 1 1
1 1 1
1 141 1
141 123 1
123 3445 1
3445 1 1
1 1 1
1 141 1
141 123 1
123 3445 1
3445 1 1
1 1 1
1 141 1
141 123 1
123 3445 1
3445 1 1
1 1 1
1 141 1
141 123 1
123 3445 1
3445 1 1
1 1 1
1 141 1
141 123 1
123 3445 1
3445 1 1
1 1 1
1 141 1
141 123 1
123 3445 1
3445 1 1
1 1 1
1 141 1
141 263 1
263 3641 1
3641 197 1
197 207 1
207 3641 1
3641 197 1
197 207 1
207 3641 1
3641 141 1
141 123 1
123 3641 1
3641 207 1
207 3445 1
3445 57 1
57 67 1
67 3445 1
3445 1 1
1 1 1
1 141 1
141 123 1
123 3445 1
3445 1 1
1 1 1
1 141 1
141 123 1
123 3445 1
3445 1 1
1 1 1
1 141 1
141 123 1
123 3445 1
3445 1 1
1 1 1
1 141 1
141 123 1
123 3445 1
3445 1 1
1 1 1
1 141 1
141 123 1
123 3445 1
3445 1 1
1 1 1
1 141 1
141 123 1
123 3445 1
3445 1 1
1 1 1
1 141 1
141 263 1
263 3641 1
3641 197 1
197 207 1
207 3641 1
3641 197 1
197 207 1
207 3641 1
3641 141 1
141 123 1
123 3641 1
3641 207 1
207 3445 1
3445 57 1
57 67 1
67 3445 1
3445 1 1
1 1 1
1 141 1
141 123 1
123 3445 1
3445 1 1
1 1 1
1 141 1
141 123 1
123 3445 1
3445 1 1
1 1 1
1 141 1
141 123 1
123 3445 1
3445 141 1
141 123 1
123 3445 1
3445 1 1
1 141 1
141 123 1
123 3445 1
3445 1 1
1 1 1
1 141 1
141 123 1
123 3445 1
3445 1 1
1 1 1
1 141 1
141 123 1
123 3445 1
3445 1 1
1 1 1
1 141 1
141 123 1
123 3445 1
3445 1 1
1 1 1
1 141 1
