197 225 1
225 197 1
197 197 1
197 197 1
197 85 1
85 309 1
309 225 1
225 207 1
207 3445 1
3445 197 1
197 309 1
309 225 1
225 207 1
207 3445 1
3445 197 1
197 309 1
309 225 1
225 207 1
207 3445 1
3445 197 1
197 309 1
309 225 1
225 207 1
207 3445 1
3445 197 1
197 197 1
197 207 1
207 3445 1
3445 197 1
197 197 1
197 207 1
207 3445 1
3445 57 1
57 141 1
141 197 1
197 207 1
207 3445 1
3445 197 1
197 309 1
309 225 1
225 207 1
207 3445 1
3445 197 1
197 309 1
309 225 1
225 207 1
207 3445 1
3445 197 1
197 197 1
197 207 1
207 3445 1
3445 197 1
197 197 1
197 207 1
207 3445 1
3445 57 1
57 141 1
141 197 1
197 207 1
207 3445 1
3445 197 1
197 197 1
197 207 1
207 3445 1
3445 197 1
197 197 1
197 207 1
207 3445 1
3445 123 1
123 3511 1
3511 3445 1
3445 123 1
123 3511 1
3511 3445 1
3445 123 1
123 3641 1
3641 207 1
207 3445 1
3445 57 1
57 67 1
67 3641 1
3641 207 1
207 3445 1
3445 197 1
197 197 1
197 207 1
207 3445 1
3445 197 1
197 197 1
197 207 1
207 3445 1
3445 57 1
57 141 1
141 197 1
197 207 1
207 3445 1
3445 197 1
197 197 1
197 207 1
207 3445 1
3445 197 1
197 197 1
197 207 1
207 3445 1
3445 197 1
197 309 1
309 225 1
225 207 1
207 3445 1
3445 57 1
