141 141 1
141 141 1
141 113 1
113 141 1
141 235 1
235 3567 1
3567 3389 1
3389 123 1
123 3567 1
3567 3389 1
3389 123 1
123 3567 1
3567 3389 1
3389 123 1
123 3567 1
3567 3389 1
3389 123 1
123 3567 1
3567 3389 1
3389 123 1
123 3567 1
3567 3389 1
3389 57 1
57 67 1
67 3641 1
3641 67 1
67 3641 1
3641 67 1
67 3641 1
3641 281 1
281 123 1
123 3371 1
3371 3567 1
3567 3389 1
3389 123 1
123 3567 1
3567 3389 1
3389 123 1
123 3567 1
3567 3389 1
3389 123 1
123 3567 1
3567 3389 1
3389 123 1
123 3567 1
3567 3389 1
3389 57 1
57 67 1
67 3641 1
3641 67 1
67 3641 1
3641 67 1
67 3641 1
3641 281 1
281 123 1
123 3371 1
3371 3567 1
3567 3389 1
3389 57 1
57 67 1
67 3641 1
3641 67 1
67 3641 1
3641 67 1
67 3641 1
3641 281 1
281 113 1
113 57 1
57 29 1
29 113 1
113 29 1
29 123 1
123 3567 1
3567 3389 1
3389 123 1
