141 141 1
141 141 1
141 113 1
113 141 1
141 85 1
85 1 1
1 263 1
263 3585 1
3585 197 1
197 1 1
1 263 1
263 3585 1
3585 197 1
197 1 1
1 263 1
263 3585 1
3585 197 1
197 1 1
1 263 1
263 3585 1
3585 57 1
57 281 1
281 57 1
57 67 1
67 3641 1
3641 281 1
281 57 1
57 141 1
141 141 1
141 57 1
57 141 1
141 197 1
197 67 1
67 3585 1
3585 57 1
57 67 1
67 3585 1
3585 57 1
57 141 1
141 1 1
1 263 1
263 3585 1
3585 197 1
197 1 1
1 263 1
263 3585 1
3585 197 1
197 1 1
1 263 1
263 3585 1
3585 1 1
1 57 1
57 67 1
67 3641 1
3641 281 1
281 57 1
57 141 1
141 141 1
141 57 1
57 141 1
141 197 1
197 67 1
67 3585 1
3585 57 1
57 67 1
67 3585 1
3585 57 1
57 141 1
141 141 1
141 57 1
57 67 1
67 3641 1
3641 281 1
281 57 1
57 141 1
141 141 1
141 57 1
57 141 1
141 197 1
197 67 1
67 3585 1
3585 57 1
57 141 1
141 197 1
197 67 1
67 3585 1
3585 57 1
57 67 1
67 3585 1
3585 57 1
57 141 1
