67 3511 1
3511 3361 1
3361 281 1
281 1 1
1 141 1
141 57 1
57 207 1
207 3641 1
3641 197 1
197 207 1
207 3641 1
3641 197 1
197 207 1
207 3641 1
3641 197 1
197 207 1
207 3641 1
3641 197 1
197 207 1
207 3641 1
3641 197 1
197 207 1
207 3641 1
3641 197 1
197 207 1
207 3641 1
3641 197 1
197 207 1
207 3641 1
3641 197 1
197 207 1
207 3641 1
3641 197 1
197 207 1
207 3641 1
3641 197 1
197 207 1
207 3641 1
3641 197 1
197 207 1
207 3641 1
3641 197 1
197 207 1
207 3641 1
3641 263 1
263 3641 1
3641 197 1
197 207 1
207 3641 1
3641 197 1
197 207 1
207 3641 1
3641 197 1
197 207 1
207 3641 1
3641 197 1
197 281 1
281 197 1
197 207 1
207 3641 1
3641 197 1
197 207 1
207 3641 1
3641 197 1
197 207 1
207 3641 1
3641 197 1
197 207 1
207 3641 1
3641 141 1
141 197 1
197 197 1
197 281 1
281 197 1
197 197 1
