3613 1 1
1 1 1
1 95 1
95 3613 1
3613 1 1
1 85 1
85 197 1
197 197 1
197 197 1
197 85 1
85 197 1
197 141 1
141 253 1
253 85 1
85 197 1
197 197 1
197 197 1
197 85 1
85 197 1
197 141 1
141 253 1
253 85 1
85 197 1
197 197 1
197 197 1
197 281 1
281 141 1
141 57 1
57 197 1
197 207 1
207 3567 1
3567 3445 1
3445 197 1
197 1 1
1 207 1
207 3567 1
3567 3445 1
3445 197 1
197 207 1
207 3567 1
3567 3445 1
3445 197 1
197 207 1
207 3567 1
3567 3641 1
3641 85 1
85 197 1
197 197 1
197 197 1
197 85 1
85 197 1
197 141 1
141 253 1
253 85 1
85 197 1
197 197 1
197 197 1
197 95 1
95 3613 1
3613 1 1
1 207 1
207 3567 1
3567 3361 1
3361 281 1
281 1 1
1 1 1
