3567 3641 1
3641 207 1
207 3567 1
3567 3641 1
3641 207 1
207 3567 1
3567 3641 1
3641 207 1
207 3567 1
3567 3641 1
3641 207 1
207 3445 1
3445 197 1
197 141 1
141 197 1
197 141 1
141 197 1
197 253 1
253 151 1
151 3445 1
3445 197 1
197 263 1
263 3511 1
3511 3371 1
3371 3445 1
3445 197 1
197 253 1
253 151 1
151 3371 1
3371 3445 1
3445 197 1
197 263 1
263 3511 1
3511 3371 1
3371 3445 1
3445 197 1
197 253 1
253 151 1
151 3371 1
3371 3567 1
3567 3641 1
3641 207 1
207 3567 1
3567 3641 1
3641 207 1
207 3567 1
3567 3641 1
3641 207 1
207 3567 1
3567 3641 1
3641 207 1
207 3445 1
3445 197 1
197 141 1
141 197 1
197 141 1
141 197 1
197 253 1
