3371 3445 1
3445 197 1
197 263 1
263 3389 1
3389 123 1
123 3371 1
3371 3445 1
3445 197 1
197 263 1
263 3389 1
3389 1 1
1 57 1
57 67 1
67 3445 1
3445 67 1
67 3567 1
3567 3641 1
3641 67 1
67 3445 1
3445 67 1
67 3445 1
3445 57 1
57 67 1
67 3371 1
3371 3445 1
3445 197 1
197 263 1
263 3389 1
3389 123 1
123 3371 1
3371 3445 1
3445 197 1
197 263 1
263 3389 1
3389 1 1
1 57 1
57 67 1
67 3445 1
3445 67 1
67 3567 1
3567 3641 1
3641 67 1
67 3445 1
3445 67 1
67 3445 1
3445 57 1
57 57 1
57 225 1
225 263 1
263 3567 1
3567 3361 1
3361 225 1
225 57 1
57 281 1
281 57 1
57 57 1
57 225 1
225 263 1
263 3567 1
3567 3361 1
3361 225 1
225 57 1
57 281 1
281 57 1
57 67 1
67 3445 1
3445 67 1
67 3567 1
3567 3641 1
3641 67 1
67 3445 1
3445 67 1
67 3445 1
3445 57 1
57 207 1
207 3445 1
3445 57 1
57 67 1
67 3371 1
3371 3641 1
3641 207 1
207 3641 1
3641 197 1
197 67 1
67 3641 1
3641 281 1
281 123 1
123 3641 1
3641 207 1
207 3641 1
3641 197 1
197 67 1
67 3641 1
3641 281 1
281 123 1
123 3641 1
3641 281 1
281 123 1
123 3641 1
3641 207 1
207 3641 1
3641 197 1
197 67 1
67 3641 1
3641 281 1
281 123 1
123 3641 1
3641 207 1
207 3641 1
3641 197 1
197 67 1
67 3641 1
3641 281 1
281 123 1
123 3641 1
3641 281 1
281 123 1
123 3641 1
3641 281 1
281 123 1
123 3641 1
3641 281 1
281 123 1
123 3641 1
3641 281 1
