197 207 1
207 3641 1
3641 197 1
197 207 1
207 3641 1
3641 197 1
197 207 1
207 3641 1
3641 197 1
197 207 1
207 3445 1
3445 197 1
197 197 1
197 207 1
207 3445 1
3445 197 1
197 197 1
197 207 1
207 3445 1
3445 197 1
197 281 1
281 197 1
197 263 1
263 3445 1
3445 197 1
197 281 1
281 197 1
197 263 1
263 3641 1
3641 197 1
197 207 1
207 3641 1
3641 197 1
197 207 1
207 3641 1
3641 197 1
197 207 1
207 3641 1
3641 197 1
197 207 1
207 3371 1
3371 3445 1
3445 197 1
197 197 1
197 207 1
207 3445 1
3445 197 1
197 197 1
197 207 1
207 3445 1
3445 197 1
197 281 1
281 197 1
197 263 1
263 3445 1
3445 197 1
197 281 1
281 197 1
197 263 1
263 3641 1
3641 67 1
67 3641 1
3641 197 1
197 207 1
207 3641 1
3641 197 1
197 207 1
