67 3445 1
3445 197 1
197 1 1
1 67 1
67 3445 1
3445 197 1
197 1 1
1 67 1
67 3445 1
3445 197 1
197 1 1
1 67 1
67 3445 1
3445 197 1
197 1 1
1 67 1
67 3445 1
3445 197 1
197 1 1
1 67 1
67 3445 1
3445 197 1
197 1 1
1 67 1
67 3445 1
3445 197 1
197 1 1
1 67 1
67 3445 1
3445 197 1
197 1 1
1 67 1
67 3445 1
3445 197 1
197 1 1
1 67 1
67 3445 1
3445 197 1
197 1 1
1 67 1
67 3445 1
3445 197 1
197 1 1
1 67 1
67 3445 1
3445 197 1
197 1 1
1 67 1
67 3445 1
3445 197 1
197 1 1
1 67 1
67 3445 1
3445 197 1
197 1 1
1 67 1
67 3445 1
3445 197 1
197 1 1
1 67 1
67 3445 1
3445 197 1
