1 197 1
197 141 1
141 1 1
1 197 1
197 141 1
141 1 1
1 57 1
57 281 1
281 57 1
57 141 1
141 141 1
141 57 1
57 141 1
141 141 1
141 57 1
57 141 1
141 141 1
141 263 1
263 3371 1
3371 3501 1
3501 141 1
141 141 1
141 197 1
197 141 1
141 197 1
197 141 1
141 197 1
197 197 1
197 281 1
281 197 1
197 141 1
141 197 1
197 141 1
141 197 1
197 197 1
197 281 1
281 57 1
57 141 1
141 141 1
141 57 1
57 141 1
141 141 1
141 57 1
57 141 1
141 141 1
141 263 1
263 3371 1
3371 3501 1
3501 141 1
141 141 1
141 197 1
197 141 1
141 197 1
197 141 1
141 197 1
197 197 1
197 281 1
281 197 1
197 141 1
141 197 1
197 141 1
141 197 1
197 197 1
197 281 1
281 197 1
197 197 1
197 141 1
141 141 1
141 197 1
197 197 1
197 281 1
281 197 1
197 141 1
141 197 1
197 141 1
141 197 1
197 197 1
197 281 1
281 1 1
1 197 1
197 141 1
141 1 1
1 197 1
197 141 1
141 1 1
1 197 1
197 197 1
197 281 1
281 197 1
197 141 1
141 197 1
197 141 1
141 197 1
197 197 1
197 281 1
281 197 1
197 141 1
141 197 1
197 141 1
141 197 1
197 197 1
197 1 1
1 281 1
281 197 1
197 141 1
141 197 1
197 141 1
141 197 1
197 141 1
141 197 1
197 141 1
141 197 1
197 141 1
141 1 1
1 197 1
197 141 1
141 1 1
1 197 1
197 141 1
141 1 1
1 197 1
197 197 1
197 141 1
