197 1 1
1 67 1
67 3557 1
3557 29 1
29 1 1
1 11 1
11 3445 1
3445 225 1
225 225 1
225 141 1
141 197 1
197 141 1
141 197 1
197 197 1
197 67 1
67 3557 1
3557 29 1
29 197 1
197 197 1
197 67 1
67 3557 1
3557 29 1
29 57 1
57 141 1
141 263 1
263 3641 1
3641 281 1
281 11 1
11 3557 1
3557 141 1
141 11 1
11 3557 1
3557 141 1
141 11 1
11 3557 1
3557 197 1
197 29 1
29 225 1
225 151 1
151 3641 1
3641 281 1
281 57 1
57 141 1
141 197 1
197 67 1
67 3557 1
3557 29 1
29 57 1
57 141 1
141 263 1
263 3641 1
3641 141 1
141 197 1
197 67 1
67 3557 1
3557 29 1
29 57 1
57 141 1
141 197 1
197 67 1
67 3557 1
3557 29 1
29 57 1
57 141 1
141 263 1
263 3641 1
3641 141 1
141 197 1
197 67 1
67 3585 1
3585 11 1
11 3557 1
3557 197 1
197 67 1
67 3557 1
3557 29 1
29 57 1
57 141 1
