1 197 1
197 1 1
1 281 1
281 1 1
1 123 1
123 3651 1
3651 3501 1
3501 1 1
1 1 1
1 197 1
197 1 1
1 281 1
281 1 1
1 197 1
197 1 1
1 1 1
1 197 1
197 281 1
281 197 1
197 197 1
197 281 1
281 197 1
197 197 1
197 281 1
281 197 1
197 1 1
1 1 1
1 141 1
141 123 1
123 3641 1
3641 281 1
281 123 1
123 3641 1
3641 281 1
281 123 1
123 3641 1
3641 281 1
281 1 1
1 197 1
197 1 1
1 1 1
1 197 1
197 1 1
1 281 1
281 1 1
1 197 1
197 1 1
1 1 1
1 197 1
197 281 1
281 197 1
197 197 1
197 281 1
281 197 1
197 1 1
1 1 1
1 141 1
141 123 1
123 3641 1
3641 281 1
281 123 1
123 3641 1
3641 281 1
281 123 1
123 3641 1
3641 281 1
281 1 1
1 197 1
197 1 1
1 1 1
1 197 1
197 1 1
1 281 1
281 1 1
1 197 1
197 1 1
1 1 1
1 1 1
1 197 1
197 1 1
1 281 1
281 1 1
1 197 1
197 1 1
1 197 1
197 1 1
1 281 1
281 1 1
1 197 1
197 207 1
207 3641 1
