3585 263 1
263 3567 1
3567 3567 1
3567 3389 1
3389 263 1
263 3567 1
3567 3567 1
3567 3389 1
3389 263 1
263 3567 1
3567 3567 1
3567 3389 1
3389 263 1
263 3567 1
3567 3567 1
3567 3389 1
3389 263 1
263 3567 1
3567 3567 1
3567 3389 1
3389 263 1
263 3567 1
3567 3567 1
3567 3389 1
3389 263 1
263 3567 1
3567 3567 1
3567 3389 1
3389 263 1
263 3567 1
3567 3567 1
3567 3389 1
3389 263 1
263 3567 1
3567 3567 1
3567 3389 1
3389 263 1
263 3567 1
3567 3585 1
3585 1 1
1 263 1
263 3567 1
3567 3567 1
3567 3389 1
3389 263 1
263 3567 1
3567 3567 1
3567 3389 1
3389 123 1
123 3567 1
3567 3389 1
3389 57 1
57 207 1
207 3567 1
3567 3445 1
3445 141 1
141 123 1
123 3567 1
3567 3651 1
