263 3585 1
3585 57 1
57 141 1
141 263 1
263 3585 1
3585 57 1
57 141 1
141 263 1
263 3585 1
3585 57 1
57 141 1
141 263 1
263 3585 1
3585 57 1
57 281 1
281 197 1
197 141 1
141 57 1
57 141 1
141 263 1
263 3585 1
3585 123 1
123 3641 1
3641 281 1
281 57 1
57 141 1
141 263 1
263 3585 1
3585 57 1
57 141 1
141 263 1
263 3585 1
3585 57 1
57 281 1
281 197 1
197 141 1
141 57 1
57 141 1
141 263 1
263 3585 1
3585 123 1
123 3641 1
3641 281 1
281 57 1
57 281 1
281 57 1
57 141 1
141 263 1
263 3585 1
3585 57 1
57 141 1
141 263 1
263 3585 1
3585 57 1
57 281 1
281 197 1
197 141 1
141 57 1
57 281 1
281 197 1
197 141 1
141 57 1
57 141 1
141 263 1
263 3585 1
3585 123 1
123 3641 1
3641 281 1
281 57 1
57 141 1
141 263 1
263 3585 1
3585 57 1
57 141 1
