3557 151 1
151 3557 1
3557 151 1
151 3641 1
3641 141 1
141 197 1
197 67 1
67 3371 1
3371 3641 1
3641 141 1
141 197 1
197 197 1
197 57 1
57 151 1
151 3557 1
3557 151 1
151 3557 1
3557 151 1
151 3641 1
3641 141 1
141 197 1
197 67 1
67 3371 1
3371 3641 1
3641 141 1
141 197 1
197 197 1
197 57 1
57 151 1
151 3557 1
3557 151 1
151 3557 1
3557 151 1
151 3641 1
3641 141 1
141 197 1
197 67 1
67 3371 1
3371 3641 1
3641 141 1
141 197 1
197 197 1
197 57 1
57 151 1
151 3557 1
3557 151 1
151 3557 1
3557 151 1
151 3641 1
3641 141 1
141 197 1
197 67 1
67 3371 1
3371 3641 1
3641 141 1
141 197 1
197 197 1
197 57 1
57 151 1
151 3557 1
3557 11 1
11 3371 1
3371 3371 1
3371 3371 1
3371 3371 1
3371 3371 1
3371 3371 1
3371 3371 1
3371 3371 1
3371 3371 1
3371 3371 1
