3371 3557 1
3557 85 1
85 253 1
253 85 1
85 67 1
67 3557 1
3557 85 1
85 253 1
253 85 1
85 67 1
67 3557 1
3557 85 1
85 253 1
253 85 1
85 67 1
67 3557 1
3557 85 1
85 253 1
253 85 1
85 281 1
281 57 1
57 263 1
263 3389 1
3389 1 1
1 57 1
57 263 1
263 3361 1
3361 1 1
1 151 1
151 3641 1
3641 281 1
281 57 1
57 67 1
67 3641 1
3641 281 1
281 57 1
57 67 1
67 3557 1
3557 85 1
85 253 1
253 85 1
85 67 1
67 3557 1
3557 85 1
85 253 1
253 85 1
85 281 1
281 57 1
57 263 1
263 3389 1
3389 1 1
1 57 1
57 263 1
263 3361 1
3361 1 1
1 151 1
151 3641 1
3641 281 1
281 57 1
57 67 1
67 3641 1
3641 281 1
281 57 1
57 281 1
281 57 1
57 67 1
67 3641 1
3641 281 1
281 57 1
57 67 1
67 3371 1
3371 3641 1
3641 281 1
281 57 1
57 67 1
67 3641 1
3641 281 1
281 57 1
57 67 1
67 3641 1
3641 281 1
281 57 1
57 67 1
67 3641 1
3641 281 1
281 57 1
57 67 1
67 3641 1
3641 281 1
281 57 1
57 67 1
67 3641 1
3641 281 1
281 57 1
57 67 1
