141 141 1
141 141 1
141 113 1
113 141 1
141 197 1
197 1 1
1 169 1
169 263 1
263 3501 1
3501 67 1
67 3371 1
3371 3371 1
3371 3371 1
3371 3371 1
3371 3585 1
3585 263 1
263 3501 1
3501 67 1
67 3417 1
3417 1 1
1 225 1
225 67 1
67 3567 1
3567 3511 1
3511 3567 1
3567 3511 1
3511 3567 1
3567 3651 1
3651 3501 1
3501 113 1
113 1 1
1 291 1
291 3567 1
3567 3511 1
3511 3567 1
3567 3511 1
3511 3567 1
3567 3651 1
3651 3501 1
3501 113 1
113 1 1
1 225 1
225 281 1
281 263 1
263 3501 1
3501 67 1
67 3371 1
3371 3371 1
3371 3371 1
3371 3371 1
3371 3585 1
3585 1 1
1 263 1
263 3501 1
3501 67 1
67 3417 1
3417 1 1
1 225 1
225 67 1
67 3567 1
3567 3511 1
3511 3567 1
3567 3511 1
3511 3567 1
3567 3651 1
3651 3501 1
3501 113 1
113 1 1
1 291 1
291 3567 1
3567 3511 1
3511 3567 1
3567 3511 1
3511 3567 1
3567 3651 1
3651 3501 1
3501 113 1
113 1 1
1 225 1
225 281 1
281 263 1
263 3501 1
3501 67 1
67 3371 1
3371 3371 1
3371 3371 1
3371 3371 1
3371 3585 1
3585 1 1
1 263 1
263 3501 1
3501 67 1
67 3641 1
3641 113 1
113 1 1
1 291 1
291 3641 1
3641 281 1
281 57 1
57 141 1
141 57 1
57 281 1
281 57 1
57 253 1
253 1 1
1 291 1
291 3567 1
3567 3511 1
3511 3567 1
3567 3511 1
3511 3567 1
3567 3651 1
3651 3501 1
3501 113 1
113 1 1
1 225 1
225 281 1
281 263 1
263 3501 1
3501 67 1
67 3371 1
3371 3371 1
3371 3371 1
3371 3371 1
3371 3585 1
3585 1 1
1 263 1
263 3501 1
3501 67 1
67 3371 1
3371 3371 1
3371 3371 1
3371 3371 1
3371 3585 1
3585 263 1
263 3501 1
3501 67 1
67 3371 1
3371 3371 1
3371 3371 1
3371 3371 1
3371 3585 1
3585 263 1
263 3501 1
3501 67 1
67 3641 1
3641 67 1
