197 67 1
67 3641 1
3641 207 1
207 3567 1
3567 3445 1
3445 197 1
197 67 1
67 3641 1
3641 207 1
207 3567 1
3567 3501 1
3501 141 1
141 67 1
67 3501 1
3501 141 1
141 67 1
67 3445 1
3445 197 1
197 67 1
67 3641 1
3641 207 1
207 3567 1
3567 3445 1
3445 197 1
197 67 1
67 3641 1
3641 207 1
207 3567 1
3567 3501 1
3501 141 1
141 67 1
67 3501 1
3501 141 1
141 67 1
67 3445 1
3445 197 1
197 67 1
67 3641 1
3641 207 1
207 3567 1
3567 3445 1
3445 197 1
197 67 1
67 3641 1
3641 207 1
207 3567 1
3567 3501 1
3501 141 1
141 67 1
67 3501 1
3501 141 1
141 67 1
67 3501 1
3501 141 1
141 67 1
67 3501 1
3501 141 1
141 67 1
