281 57 1
57 85 1
85 253 1
253 281 1
281 57 1
57 141 1
141 57 1
57 85 1
85 253 1
253 281 1
281 281 1
281 57 1
57 141 1
141 197 1
197 113 1
113 281 1
281 1 1
1 1 1
1 1 1
1 141 1
141 57 1
57 85 1
85 141 1
141 197 1
197 57 1
57 1 1
1 1 1
1 1 1
1 1 1
1 141 1
141 57 1
57 85 1
85 141 1
141 197 1
197 57 1
57 151 1
151 3641 1
3641 281 1
281 57 1
57 67 1
67 3641 1
3641 281 1
281 57 1
57 207 1
207 3641 1
3641 281 1
281 1 1
1 57 1
57 67 1
67 3641 1
3641 197 1
197 67 1
67 3641 1
3641 281 1
281 57 1
57 67 1
67 3641 1
3641 281 1
281 57 1
57 207 1
207 3641 1
3641 281 1
281 123 1
123 3641 1
3641 197 1
197 67 1
67 3445 1
3445 197 1
197 281 1
281 123 1
123 3445 1
3445 197 1
197 67 1
67 3445 1
3445 197 1
197 281 1
281 1 1
1 123 1
123 3641 1
3641 281 1
281 57 1
57 67 1
67 3641 1
3641 281 1
281 57 1
57 207 1
207 3641 1
3641 281 1
281 1 1
1 57 1
57 67 1
67 3641 1
3641 197 1
197 67 1
67 3641 1
3641 281 1
281 57 1
57 67 1
67 3641 1
3641 281 1
281 57 1
57 207 1
207 3641 1
3641 281 1
281 1 1
1 57 1
57 67 1
67 3641 1
3641 197 1
197 67 1
67 3445 1
3445 197 1
197 281 1
281 123 1
123 3445 1
3445 197 1
197 57 1
57 1 1
1 281 1
281 57 1
57 141 1
141 281 1
281 253 1
253 1 1
1 281 1
281 57 1
57 141 1
141 57 1
57 1 1
1 281 1
281 309 1
309 281 1
281 281 1
281 281 1
281 253 1
253 85 1
85 253 1
253 1 1
1 281 1
281 309 1
309 281 1
281 85 1
85 113 1
113 29 1
29 29 1
29 29 1
29 11 1
11 3371 1
3371 3641 1
3641 281 1
281 309 1
309 29 1
29 57 1
57 57 1
57 85 1
85 263 1
263 3371 1
3371 3641 1
3641 281 1
281 309 1
309 29 1
29 57 1
57 57 1
57 85 1
85 67 1
67 3641 1
3641 281 1
281 1 1
1 57 1
57 67 1
67 3641 1
3641 197 1
197 67 1
67 3445 1
3445 197 1
197 281 1
281 123 1
123 3445 1
3445 197 1
