141 57 1
57 67 1
67 3445 1
3445 141 1
141 57 1
57 67 1
67 3445 1
3445 141 1
141 57 1
57 67 1
67 3445 1
3445 141 1
141 57 1
57 67 1
67 3445 1
3445 141 1
141 57 1
57 67 1
67 3445 1
3445 141 1
141 57 1
57 67 1
67 3445 1
3445 141 1
141 57 1
57 67 1
67 3445 1
3445 141 1
141 57 1
57 67 1
67 3445 1
3445 141 1
141 57 1
57 67 1
67 3445 1
3445 141 1
141 57 1
57 67 1
67 3445 1
3445 141 1
141 57 1
57 67 1
67 3445 1
3445 141 1
141 57 1
57 67 1
67 3445 1
3445 141 1
141 57 1
57 67 1
67 3445 1
3445 141 1
141 57 1
57 67 1
67 3445 1
3445 141 1
141 57 1
57 67 1
