263 3641 1
3641 207 1
207 3567 1
3567 3511 1
3511 3501 1
3501 141 1
141 263 1
263 3641 1
3641 207 1
207 3567 1
3567 3511 1
3511 3501 1
3501 281 1
281 57 1
57 67 1
67 3445 1
3445 141 1
141 1 1
1 57 1
57 67 1
67 3641 1
3641 281 1
281 57 1
57 67 1
67 3445 1
3445 141 1
141 1 1
1 57 1
57 67 1
67 3641 1
3641 141 1
141 263 1
263 3641 1
3641 207 1
207 3567 1
3567 3511 1
3511 3501 1
3501 141 1
141 263 1
263 3641 1
3641 207 1
207 3567 1
3567 3511 1
3511 3501 1
3501 141 1
141 67 1
67 3445 1
3445 197 1
197 263 1
263 3511 1
3511 3501 1
3501 207 1
207 3445 1
3445 197 1
197 263 1
263 3641 1
3641 141 1
