3501 141 1
141 1 1
1 141 1
141 141 1
141 1 1
1 263 1
263 3417 1
3417 1 1
1 151 1
151 3501 1
3501 141 1
141 1 1
1 141 1
141 141 1
141 1 1
1 263 1
263 3417 1
3417 85 1
85 141 1
141 197 1
197 67 1
67 3585 1
3585 57 1
57 281 1
281 197 1
197 1 1
1 197 1
197 67 1
67 3585 1
3585 57 1
57 281 1
281 197 1
197 57 1
57 57 1
57 151 1
151 3501 1
3501 141 1
141 1 1
1 141 1
141 141 1
141 1 1
1 263 1
263 3417 1
3417 1 1
1 151 1
151 3501 1
3501 141 1
141 1 1
1 141 1
141 141 1
141 1 1
1 263 1
263 3417 1
3417 85 1
85 141 1
141 197 1
197 67 1
67 3585 1
3585 57 1
57 281 1
281 197 1
197 1 1
1 197 1
197 67 1
67 3585 1
3585 57 1
57 281 1
281 197 1
197 57 1
57 57 1
57 151 1
151 3501 1
3501 141 1
141 141 1
141 141 1
141 263 1
263 3567 1
3567 3501 1
3501 141 1
141 141 1
141 141 1
141 263 1
263 3417 1
3417 151 1
151 3371 1
3371 3501 1
3501 141 1
141 1 1
1 141 1
141 141 1
141 1 1
1 263 1
263 3417 1
3417 85 1
