57 1 1
1 207 1
207 3641 1
3641 123 1
123 3361 1
3361 281 1
281 207 1
207 3585 1
3585 123 1
123 3641 1
3641 281 1
281 123 1
123 3641 1
3641 141 1
141 197 1
197 67 1
67 3585 1
3585 57 1
57 141 1
141 197 1
197 67 1
67 3585 1
3585 57 1
57 207 1
207 3641 1
3641 141 1
141 57 1
57 281 1
281 123 1
123 3641 1
3641 281 1
281 123 1
123 3641 1
3641 207 1
207 3445 1
3445 197 1
197 197 1
197 281 1
281 57 1
57 141 1
141 197 1
197 67 1
67 3585 1
3585 57 1
57 141 1
141 197 1
197 67 1
67 3585 1
3585 57 1
57 263 1
263 3389 1
3389 197 1
197 197 1
197 253 1
253 151 1
151 3585 1
3585 253 1
253 141 1
