263 3585 1
3585 253 1
253 281 1
281 1 1
1 113 1
113 151 1
151 3585 1
3585 57 1
57 141 1
141 1 1
1 113 1
113 151 1
151 3585 1
3585 57 1
57 141 1
141 1 1
1 113 1
113 151 1
151 3501 1
3501 141 1
141 141 1
141 113 1
113 151 1
151 3585 1
3585 57 1
57 141 1
141 1 1
1 113 1
113 151 1
151 3501 1
3501 141 1
141 141 1
141 197 1
197 67 1
67 3585 1
3585 57 1
57 141 1
141 1 1
1 263 1
263 3445 1
3445 197 1
197 67 1
67 3445 1
3445 113 1
113 151 1
151 3585 1
3585 57 1
57 141 1
141 1 1
1 113 1
113 151 1
151 3501 1
3501 141 1
141 141 1
141 113 1
113 151 1
151 3585 1
3585 57 1
57 141 1
141 1 1
1 113 1
113 151 1
151 3501 1
3501 141 1
141 141 1
141 197 1
197 67 1
67 3585 1
3585 57 1
57 141 1
141 1 1
1 263 1
263 3445 1
3445 113 1
113 151 1
151 3445 1
3445 113 1
113 151 1
151 3445 1
3445 113 1
113 151 1
151 3445 1
