3445 197 1
197 207 1
207 3567 1
3567 3445 1
3445 197 1
197 281 1
281 263 1
263 3641 1
3641 197 1
197 207 1
207 3641 1
3641 197 1
197 1 1
1 141 1
141 197 1
197 67 1
67 3585 1
3585 11 1
11 3557 1
3557 1 1
1 197 1
197 67 1
67 3585 1
3585 11 1
11 3557 1
3557 263 1
263 3445 1
3445 197 1
197 207 1
207 3567 1
3567 3445 1
3445 197 1
197 281 1
281 263 1
263 3641 1
3641 197 1
197 207 1
207 3641 1
3641 197 1
197 1 1
1 141 1
141 197 1
197 67 1
67 3585 1
3585 11 1
11 3557 1
3557 1 1
1 197 1
197 67 1
67 3585 1
3585 11 1
11 3557 1
3557 263 1
263 3557 1
3557 225 1
225 57 1
57 207 1
207 3557 1
3557 225 1
225 57 1
57 207 1
207 3557 1
3557 225 1
225 57 1
57 207 1
207 3557 1
3557 225 1
225 57 1
57 85 1
85 309 1
309 225 1
225 197 1
197 67 1
67 3585 1
3585 11 1
11 3557 1
3557 1 1
1 197 1
197 67 1
67 3585 1
3585 11 1
11 3557 1
3557 151 1
151 3557 1
3557 151 1
151 3557 1
3557 151 1
151 3557 1
