309 11 1
11 3361 1
3361 197 1
197 225 1
225 309 1
309 1 1
1 1 1
1 1 1
1 1 1
1 29 1
29 319 1
319 3371 1
3371 3399 1
3399 3389 1
3389 1 1
1 1 1
1 11 1
11 3371 1
3371 3417 1
3417 309 1
309 1 1
1 1 1
1 85 1
85 309 1
309 1 1
1 1 1
1 57 1
57 1 1
1 1 1
1 11 1
11 3361 1
3361 11 1
11 3371 1
3371 3417 1
3417 1 1
1 309 1
309 1 1
1 39 1
39 3371 1
3371 3371 1
3371 3445 1
3445 57 1
57 281 1
281 57 1
57 141 1
141 207 1
207 3501 1
3501 141 1
141 67 1
67 3641 1
3641 263 1
263 3445 1
3445 141 1
141 263 1
263 3501 1
3501 169 1
169 309 1
309 309 1
309 29 1
29 29 1
29 309 1
309 309 1
309 29 1
29 141 1
141 197 1
197 197 1
197 1 1
1 141 1
141 1 1
1 263 1
263 3511 1
3511 3501 1
3501 141 1
141 263 1
263 3511 1
3511 3669 1
3669 113 1
113 57 1
57 11 1
11 3641 1
3641 197 1
197 67 1
67 3511 1
3511 3501 1
3501 141 1
141 197 1
197 67 1
67 3595 1
3595 3557 1
3557 141 1
141 197 1
197 67 1
67 3501 1
3501 1 1
1 141 1
141 197 1
197 67 1
67 3511 1
3511 3501 1
3501 141 1
141 123 1
123 3511 1
3511 3511 1
3511 3585 1
3585 1 1
1 263 1
263 3669 1
3669 141 1
141 197 1
197 1 1
1 141 1
141 197 1
197 1 1
1 141 1
141 197 1
197 141 1
141 197 1
197 1 1
1 141 1
141 197 1
197 113 1
113 197 1
197 113 1
113 113 1
113 141 1
141 57 1
57 309 1
309 309 1
309 29 1
29 29 1
29 309 1
309 309 1
309 29 1
29 281 1
281 197 1
197 1 1
1 141 1
141 197 1
197 1 1
1 141 1
141 197 1
197 57 1
57 141 1
141 281 1
281 197 1
197 67 1
67 3529 1
3529 309 1
309 309 1
309 29 1
29 29 1
29 309 1
309 309 1
309 29 1
29 141 1
141 197 1
197 141 1
141 197 1
197 141 1
141 197 1
197 225 1
225 151 1
151 3641 1
3641 141 1
141 309 1
309 141 1
141 113 1
113 141 1
141 1 1
1 197 1
197 141 1
141 141 1
141 169 1
169 151 1
151 3445 1
3445 141 1
141 57 1
57 141 1
141 141 1
141 197 1
197 141 1
141 197 1
197 85 1
85 253 1
253 141 1
141 197 1
197 141 1
141 141 1
141 263 1
263 3501 1
3501 207 1
207 3501 1
3501 207 1
207 3501 1
3501 207 1
207 3501 1
3501 141 1
141 197 1
197 141 1
141 197 1
197 67 1
67 3557 1
3557 151 1
151 3557 1
3557 151 1
151 3641 1
3641 141 1
141 309 1
309 151 1
151 3389 1
3389 197 1
197 263 1
263 3567 1
3567 3511 1
3511 3567 1
3567 3511 1
3511 3595 1
3595 3417 1
3417 141 1
141 141 1
141 197 1
197 197 1
197 11 1
11 3417 1
3417 1 1
1 1 1
1 141 1
141 141 1
141 197 1
197 67 1
