3445 67 1
67 3427 1
3427 3585 1
3585 263 1
263 3511 1
3511 3427 1
3427 3511 1
3511 3445 1
3445 263 1
263 3511 1
3511 3501 1
3501 263 1
263 3389 1
3389 57 1
57 67 1
67 3585 1
3585 123 1
123 3641 1
3641 263 1
263 3389 1
3389 57 1
57 67 1
67 3585 1
3585 57 1
57 67 1
67 3445 1
3445 263 1
263 3511 1
3511 3427 1
3427 3585 1
3585 263 1
263 3511 1
3511 3501 1
3501 67 1
67 3445 1
3445 67 1
67 3427 1
3427 3389 1
3389 57 1
57 141 1
141 263 1
263 3585 1
3585 57 1
57 67 1
67 3585 1
3585 57 1
57 141 1
141 263 1
263 3585 1
3585 57 1
57 67 1
67 3567 1
3567 3389 1
3389 57 1
57 67 1
67 3585 1
3585 123 1
123 3641 1
3641 263 1
263 3389 1
3389 57 1
57 67 1
67 3585 1
3585 57 1
57 141 1
141 123 1
123 3389 1
3389 57 1
57 67 1
67 3585 1
3585 123 1
123 3641 1
3641 263 1
263 3389 1
3389 57 1
57 67 1
67 3585 1
3585 57 1
57 67 1
67 3585 1
3585 57 1
57 141 1
