1 141 1
141 1 1
1 197 1
197 1 1
1 141 1
141 197 1
197 1 1
1 141 1
141 123 1
123 3445 1
3445 141 1
141 123 1
123 3445 1
3445 141 1
141 197 1
197 1 1
1 141 1
141 197 1
197 1 1
1 141 1
141 123 1
123 3445 1
3445 141 1
141 123 1
123 3445 1
3445 141 1
141 197 1
197 1 1
1 141 1
141 197 1
197 1 1
1 141 1
141 197 1
197 1 1
1 141 1
141 197 1
197 1 1
1 141 1
141 123 1
123 3445 1
3445 141 1
141 123 1
123 3445 1
3445 141 1
141 197 1
197 1 1
1 141 1
141 197 1
197 1 1
1 141 1
141 197 1
197 1 1
1 141 1
141 197 1
197 1 1
1 141 1
141 253 1
253 113 1
113 169 1
169 1 1
1 141 1
141 197 1
197 1 1
1 141 1
141 197 1
197 1 1
1 141 1
141 197 1
197 1 1
1 141 1
141 197 1
197 1 1
1 141 1
