57 85 1
85 197 1
197 1 1
1 57 1
57 85 1
85 197 1
197 1 1
1 57 1
57 85 1
85 197 1
197 1 1
1 57 1
57 85 1
85 197 1
197 57 1
57 85 1
85 197 1
197 1 1
1 57 1
57 85 1
85 197 1
197 1 1
1 57 1
57 85 1
85 197 1
197 1 1
1 57 1
57 85 1
85 197 1
197 57 1
57 85 1
85 197 1
197 1 1
1 57 1
57 85 1
85 197 1
197 1 1
1 57 1
57 85 1
85 197 1
197 1 1
1 57 1
57 85 1
85 197 1
197 57 1
57 85 1
85 197 1
197 57 1
57 85 1
85 197 1
197 1 1
1 57 1
57 85 1
85 197 1
197 1 1
1 57 1
57 85 1
85 197 1
197 57 1
57 85 1
85 197 1
197 1 1
1 57 1
57 85 1
85 197 1
197 1 1
1 57 1
57 85 1
85 197 1
197 1 1
1 57 1
57 85 1
85 319 1
319 3511 1
3511 3511 1
3511 3501 1
