1 141 1
141 1 1
1 123 1
123 3585 1
3585 57 1
57 141 1
141 197 1
197 141 1
141 1 1
1 141 1
141 1 1
1 123 1
123 3585 1
3585 57 1
57 141 1
141 197 1
197 141 1
141 1 1
1 113 1
113 1 1
1 29 1
29 57 1
57 141 1
141 113 1
113 29 1
29 57 1
57 141 1
141 113 1
113 29 1
29 57 1
57 141 1
141 1 1
1 1 1
1 1 1
1 141 1
141 1 1
1 123 1
123 3585 1
3585 57 1
57 141 1
141 197 1
197 141 1
141 1 1
1 113 1
113 1 1
1 29 1
29 57 1
57 141 1
141 113 1
113 29 1
29 57 1
57 141 1
141 113 1
113 29 1
29 57 1
57 141 1
141 1 1
1 197 1
197 141 1
141 197 1
197 141 1
141 197 1
197 141 1
141 197 1
197 141 1
141 1 1
1 253 1
253 141 1
141 1 1
1 1 1
1 281 1
281 57 1
57 141 1
141 141 1
141 57 1
57 141 1
141 141 1
141 57 1
57 141 1
141 141 1
141 57 1
57 141 1
141 1 1
1 141 1
141 197 1
197 141 1
141 197 1
197 141 1
141 197 1
197 141 1
141 1 1
1 253 1
253 141 1
141 1 1
1 1 1
1 281 1
281 57 1
57 141 1
141 141 1
141 57 1
57 141 1
141 141 1
141 57 1
57 141 1
141 141 1
141 57 1
57 141 1
141 1 1
1 141 1
141 197 1
197 141 1
141 197 1
197 141 1
141 197 1
197 141 1
141 1 1
1 253 1
253 141 1
141 1 1
1 1 1
1 281 1
281 57 1
57 141 1
141 141 1
141 57 1
57 141 1
141 141 1
141 57 1
57 141 1
141 141 1
141 57 1
57 141 1
141 141 1
141 1 1
1 1 1
1 141 1
141 197 1
197 1 1
1 1 1
1 1 1
1 1 1
1 1 1
1 141 1
141 1 1
1 1 1
1 197 1
197 1 1
1 1 1
1 141 1
141 197 1
197 1 1
1 1 1
1 141 1
141 197 1
197 1 1
1 1 1
1 141 1
141 197 1
197 1 1
1 1 1
1 141 1
141 197 1
197 67 1
67 3501 1
3501 141 1
141 197 1
197 281 1
281 57 1
57 141 1
141 113 1
113 29 1
29 57 1
57 141 1
141 113 1
113 29 1
29 57 1
57 141 1
141 113 1
113 29 1
29 57 1
57 141 1
141 1 1
1 1 1
