141 141 1
141 141 1
141 113 1
113 141 1
141 281 1
281 1 1
1 1 1
1 141 1
141 57 1
57 1 1
1 281 1
281 309 1
309 11 1
11 3511 1
3511 3371 1
3371 3371 1
3371 3613 1
3613 309 1
309 263 1
263 3445 1
3445 197 1
197 141 1
141 57 1
57 263 1
263 3511 1
3511 3371 1
3371 3371 1
3371 3613 1
3613 309 1
309 197 1
197 197 1
197 253 1
253 151 1
151 3445 1
3445 67 1
67 3445 1
3445 57 1
57 1 1
1 1 1
1 141 1
141 141 1
141 57 1
57 263 1
263 3511 1
3511 3371 1
3371 3371 1
3371 3613 1
3613 309 1
309 197 1
197 197 1
197 253 1
253 151 1
151 3445 1
3445 67 1
67 3445 1
3445 197 1
197 1 1
1 1 1
1 197 1
197 67 1
67 3511 1
3511 3445 1
3445 57 1
57 67 1
67 3511 1
3511 3445 1
3445 123 1
123 3371 1
3371 3371 1
3371 3613 1
3613 309 1
309 197 1
197 141 1
141 1 1
1 57 1
57 1 1
1 1 1
1 141 1
141 141 1
141 57 1
57 281 1
281 197 1
197 141 1
141 57 1
57 263 1
263 3511 1
3511 3371 1
3371 3371 1
3371 3613 1
3613 309 1
309 197 1
197 197 1
197 253 1
253 151 1
151 3445 1
3445 67 1
67 3445 1
3445 57 1
57 1 1
1 1 1
1 141 1
141 141 1
141 57 1
57 263 1
263 3511 1
3511 3371 1
3371 3371 1
3371 3613 1
3613 309 1
309 197 1
197 197 1
197 253 1
253 151 1
151 3445 1
3445 67 1
67 3445 1
3445 197 1
197 1 1
1 1 1
1 197 1
197 67 1
67 3511 1
3511 3445 1
3445 57 1
57 67 1
67 3511 1
3511 3445 1
3445 123 1
123 3371 1
3371 3371 1
3371 3613 1
3613 309 1
309 197 1
197 141 1
141 1 1
1 57 1
57 1 1
1 1 1
1 67 1
67 3371 1
3371 3371 1
3371 3613 1
3613 309 1
309 197 1
197 141 1
141 1 1
