3585 57 1
57 67 1
67 3641 1
3641 67 1
67 3585 1
3585 57 1
57 67 1
67 3641 1
3641 67 1
67 3585 1
3585 57 1
57 67 1
67 3641 1
3641 67 1
67 3585 1
3585 57 1
57 141 1
141 197 1
197 67 1
67 3585 1
3585 57 1
57 141 1
141 197 1
197 67 1
67 3585 1
3585 57 1
57 67 1
67 3641 1
3641 67 1
67 3585 1
3585 57 1
57 67 1
67 3641 1
3641 67 1
67 3585 1
3585 57 1
57 67 1
67 3641 1
3641 67 1
67 3585 1
3585 57 1
57 141 1
141 197 1
197 67 1
67 3585 1
3585 57 1
57 141 1
141 197 1
197 67 1
67 3585 1
3585 57 1
57 67 1
67 3641 1
3641 67 1
67 3585 1
3585 57 1
57 67 1
67 3445 1
3445 197 1
197 281 1
281 123 1
123 3445 1
3445 197 1
197 281 1
281 197 1
197 197 1
197 67 1
67 3585 1
3585 57 1
57 141 1
141 197 1
197 67 1
67 3585 1
3585 57 1
57 141 1
141 197 1
197 67 1
67 3585 1
3585 57 1
57 141 1
141 197 1
197 67 1
67 3585 1
3585 57 1
57 67 1
67 3399 1
3399 3585 1
3585 57 1
57 67 1
67 3641 1
3641 67 1
67 3585 1
3585 57 1
57 67 1
67 3641 1
3641 67 1
67 3585 1
3585 57 1
57 67 1
67 3641 1
3641 67 1
67 3585 1
3585 57 1
57 141 1
141 197 1
197 67 1
67 3585 1
3585 57 1
57 141 1
141 197 1
197 67 1
67 3585 1
3585 57 1
57 67 1
67 3641 1
3641 67 1
67 3585 1
3585 57 1
57 67 1
67 3641 1
3641 67 1
67 3585 1
3585 57 1
57 67 1
67 3641 1
3641 67 1
67 3585 1
3585 57 1
57 141 1
141 197 1
197 67 1
67 3585 1
3585 57 1
57 141 1
141 197 1
197 67 1
67 3585 1
3585 57 1
57 67 1
67 3641 1
3641 67 1
67 3585 1
3585 57 1
57 67 1
67 3445 1
3445 197 1
197 281 1
281 123 1
123 3445 1
3445 197 1
197 281 1
281 197 1
197 197 1
197 67 1
67 3585 1
3585 57 1
57 141 1
141 197 1
197 67 1
67 3585 1
3585 57 1
57 141 1
141 197 1
197 67 1
67 3585 1
3585 57 1
57 141 1
141 197 1
197 67 1
67 3585 1
3585 57 1
57 67 1
