197 85 1
85 197 1
197 11 1
11 3557 1
3557 57 1
57 85 1
85 197 1
197 1 1
1 197 1
197 85 1
85 197 1
197 11 1
11 3557 1
3557 57 1
57 85 1
85 197 1
197 1 1
1 197 1
197 85 1
85 197 1
197 11 1
11 3557 1
3557 57 1
57 85 1
85 197 1
197 141 1
141 197 1
197 225 1
225 253 1
253 197 1
197 141 1
141 197 1
197 57 1
57 141 1
141 141 1
141 197 1
197 85 1
85 197 1
197 11 1
11 3557 1
3557 57 1
57 85 1
85 197 1
197 1 1
1 197 1
197 85 1
85 197 1
197 11 1
11 3557 1
3557 57 1
57 85 1
85 197 1
197 141 1
141 197 1
197 225 1
225 253 1
253 197 1
197 141 1
141 197 1
197 57 1
57 141 1
141 141 1
141 197 1
197 85 1
85 197 1
197 11 1
11 3557 1
3557 57 1
57 85 1
85 197 1
197 57 1
57 85 1
85 197 1
