11 3361 1
3361 225 1
225 197 1
197 197 1
197 197 1
197 197 1
197 11 1
11 3361 1
3361 1 1
1 225 1
225 197 1
197 197 1
197 197 1
197 197 1
197 1 1
1 225 1
225 197 1
197 197 1
197 197 1
197 197 1
197 1 1
1 225 1
225 197 1
197 197 1
197 197 1
197 197 1
197 1 1
1 225 1
225 197 1
197 197 1
197 197 1
197 197 1
197 1 1
1 225 1
225 197 1
197 197 1
197 197 1
197 197 1
197 1 1
1 225 1
225 197 1
197 197 1
197 197 1
197 197 1
197 1 1
1 225 1
225 197 1
197 197 1
197 197 1
197 197 1
197 1 1
1 225 1
225 197 1
197 197 1
197 197 1
197 197 1
197 1 1
1 225 1
225 197 1
197 197 1
197 197 1
197 197 1
197 225 1
225 197 1
197 197 1
197 197 1
197 197 1
197 225 1
225 197 1
197 197 1
197 197 1
197 197 1
197 1 1
1 225 1
225 197 1
197 197 1
197 197 1
197 197 1
197 1 1
1 225 1
225 197 1
197 197 1
197 197 1
197 197 1
197 1 1
1 225 1
225 197 1
197 197 1
197 197 1
197 197 1
197 1 1
1 225 1
225 197 1
197 197 1
197 197 1
197 197 1
197 1 1
1 225 1
225 197 1
197 197 1
197 197 1
197 197 1
197 1 1
1 225 1
225 197 1
197 197 1
197 197 1
197 197 1
197 1 1
