197 141 1
141 197 1
197 141 1
141 197 1
197 141 1
141 197 1
197 67 1
67 3641 1
3641 281 1
281 197 1
197 197 1
197 141 1
141 197 1
197 67 1
67 3641 1
3641 281 1
281 57 1
57 1 1
1 141 1
141 263 1
263 3585 1
3585 197 1
197 263 1
263 3585 1
3585 197 1
197 113 1
113 151 1
151 3641 1
3641 281 1
281 57 1
57 1 1
1 141 1
141 197 1
197 141 1
141 197 1
197 141 1
141 197 1
197 141 1
141 197 1
197 67 1
67 3641 1
3641 281 1
281 197 1
197 197 1
197 141 1
141 197 1
197 67 1
67 3641 1
3641 281 1
281 57 1
57 1 1
1 141 1
141 263 1
263 3585 1
3585 197 1
197 263 1
263 3585 1
3585 197 1
197 113 1
113 151 1
151 3641 1
3641 281 1
281 57 1
57 1 1
1 141 1
141 197 1
197 141 1
141 197 1
197 253 1
253 29 1
29 197 1
197 197 1
197 253 1
253 29 1
29 197 1
197 197 1
197 197 1
197 85 1
85 57 1
57 281 1
281 1 1
1 57 1
57 141 1
141 1 1
1 197 1
197 141 1
141 197 1
197 67 1
67 3641 1
3641 281 1
281 197 1
197 197 1
197 141 1
141 197 1
197 67 1
67 3641 1
3641 281 1
281 123 1
123 3641 1
3641 1 1
1 141 1
141 263 1
263 3585 1
3585 197 1
197 263 1
263 3585 1
3585 197 1
197 113 1
113 151 1
151 3641 1
3641 281 1
281 57 1
57 1 1
1 141 1
141 197 1
197 67 1
67 3641 1
3641 281 1
281 57 1
57 1 1
1 141 1
141 197 1
197 1 1
1 1 1
1 141 1
141 197 1
197 141 1
