3371 3511 1
3511 3417 1
3417 151 1
151 3371 1
3371 3511 1
3511 3417 1
3417 151 1
151 3371 1
3371 3371 1
3371 3511 1
3511 3417 1
3417 151 1
151 3585 1
3585 197 1
197 113 1
113 151 1
151 3641 1
3641 281 1
281 197 1
197 113 1
113 29 1
29 123 1
123 3641 1
3641 281 1
281 263 1
263 3567 1
3567 3557 1
3557 151 1
151 3371 1
3371 3511 1
3511 3417 1
3417 151 1
151 3371 1
3371 3511 1
3511 3417 1
3417 151 1
151 3371 1
3371 3585 1
3585 197 1
197 113 1
113 151 1
151 3641 1
3641 281 1
281 197 1
197 113 1
113 29 1
29 123 1
123 3641 1
3641 281 1
281 263 1
263 3567 1
3567 3557 1
3557 151 1
151 3445 1
3445 113 1
113 151 1
151 3445 1
3445 113 1
113 151 1
151 3445 1
3445 113 1
113 29 1
29 197 1
197 113 1
113 151 1
151 3641 1
3641 281 1
281 197 1
197 113 1
113 29 1
29 123 1
123 3641 1
3641 281 1
281 263 1
263 3567 1
3567 3557 1
3557 29 1
29 123 1
123 3641 1
3641 281 1
281 197 1
197 113 1
113 151 1
151 3371 1
3371 3511 1
3511 3417 1
3417 151 1
