1 263 1
263 3641 1
3641 281 1
281 1 1
1 309 1
309 291 1
291 3501 1
3501 141 1
141 1 1
1 263 1
263 3641 1
3641 281 1
281 1 1
1 309 1
309 291 1
291 3501 1
3501 141 1
141 1 1
1 263 1
263 3641 1
3641 281 1
281 1 1
1 309 1
309 291 1
291 3501 1
3501 141 1
141 1 1
1 263 1
263 3641 1
3641 281 1
281 1 1
1 309 1
309 291 1
291 3501 1
3501 281 1
281 57 1
57 1 1
1 281 1
281 57 1
57 1 1
1 281 1
281 57 1
57 1 1
1 281 1
281 57 1
57 1 1
1 207 1
207 3501 1
3501 207 1
207 3501 1
3501 207 1
207 3501 1
3501 207 1
207 3501 1
3501 281 1
281 57 1
57 281 1
281 57 1
57 281 1
281 57 1
57 281 1
281 57 1
57 281 1
281 57 1
57 281 1
281 57 1
