3557 151 1
151 3557 1
3557 225 1
225 197 1
197 253 1
253 151 1
151 3641 1
3641 1 1
1 141 1
141 225 1
225 309 1
309 1 1
1 141 1
141 225 1
225 39 1
39 3557 1
3557 151 1
151 3557 1
3557 225 1
225 197 1
197 253 1
253 151 1
151 3641 1
3641 1 1
1 141 1
141 225 1
225 309 1
309 1 1
1 141 1
141 225 1
225 309 1
309 141 1
141 225 1
225 309 1
309 1 1
1 141 1
141 225 1
225 113 1
113 1 1
1 263 1
263 3371 1
3371 3557 1
3557 1 1
1 151 1
151 3371 1
3371 3445 1
3445 1 1
1 263 1
263 3371 1
3371 3557 1
3557 1 1
1 151 1
151 3371 1
3371 3445 1
3445 1 1
1 263 1
263 3371 1
3371 3557 1
3557 1 1
1 151 1
151 3371 1
3371 3445 1
