1 1 1
1 263 1
263 3511 1
3511 3445 1
3445 11 1
11 3669 1
3669 85 1
85 57 1
57 141 1
141 1 1
1 1 1
1 263 1
263 3371 1
3371 3641 1
3641 253 1
253 281 1
281 95 1
95 3501 1
3501 263 1
263 3501 1
3501 11 1
11 3641 1
3641 263 1
263 3501 1
3501 11 1
11 3641 1
3641 263 1
263 3501 1
3501 85 1
85 57 1
57 141 1
141 1 1
1 1 1
1 263 1
263 3501 1
3501 85 1
85 57 1
57 141 1
141 1 1
1 1 1
1 263 1
263 3501 1
3501 85 1
85 57 1
57 141 1
141 1 1
1 1 1
1 263 1
263 3501 1
3501 85 1
85 57 1
57 141 1
141 1 1
1 1 1
1 263 1
263 3501 1
3501 85 1
85 57 1
57 141 1
141 141 1
141 57 1
57 141 1
141 263 1
263 3585 1
3585 57 1
57 141 1
141 1 1
1 141 1
141 309 1
309 151 1
151 3445 1
3445 57 1
57 95 1
95 3557 1
3557 263 1
263 3501 1
3501 85 1
85 57 1
57 141 1
141 1 1
1 1 1
1 263 1
263 3501 1
3501 85 1
85 57 1
57 141 1
141 1 1
1 1 1
1 263 1
263 3501 1
3501 85 1
85 57 1
57 141 1
141 1 1
1 1 1
1 263 1
263 3501 1
3501 85 1
85 57 1
57 141 1
141 1 1
1 1 1
1 263 1
263 3501 1
3501 85 1
85 57 1
57 141 1
141 1 1
1 263 1
263 3501 1
3501 85 1
85 57 1
57 141 1
141 1 1
1 263 1
263 3501 1
3501 85 1
85 57 1
57 141 1
141 197 1
197 57 1
57 141 1
141 263 1
263 3585 1
3585 57 1
57 141 1
141 1 1
1 141 1
141 309 1
309 151 1
151 3445 1
3445 57 1
57 95 1
95 3483 1
3483 3371 1
3371 3641 1
3641 197 1
197 95 1
95 3557 1
3557 263 1
263 3501 1
3501 85 1
85 57 1
57 141 1
141 1 1
1 1 1
1 263 1
263 3501 1
3501 85 1
85 57 1
57 141 1
141 1 1
1 1 1
1 263 1
263 3501 1
3501 85 1
85 57 1
57 141 1
