197 67 1
67 3511 1
3511 3445 1
3445 123 1
123 3641 1
3641 141 1
141 197 1
197 67 1
67 3511 1
3511 3445 1
3445 123 1
123 3585 1
3585 57 1
57 67 1
67 3511 1
3511 3567 1
3567 3511 1
3511 3445 1
3445 197 1
197 67 1
67 3445 1
3445 57 1
57 141 1
141 197 1
197 67 1
67 3511 1
3511 3501 1
3501 141 1
141 197 1
197 67 1
67 3585 1
3585 57 1
57 141 1
141 141 1
141 197 1
197 1 1
1 141 1
141 197 1
197 197 1
197 141 1
141 141 1
141 197 1
197 197 1
197 141 1
141 141 1
141 197 1
197 197 1
197 67 1
67 3501 1
3501 207 1
207 3641 1
3641 141 1
141 67 1
67 3445 1
3445 263 1
263 3567 1
3567 3641 1
3641 141 1
141 197 1
197 67 1
67 3511 1
3511 3445 1
3445 123 1
123 3501 1
3501 141 1
141 67 1
67 3641 1
3641 67 1
67 3641 1
3641 281 1
281 197 1
197 57 1
57 85 1
85 57 1
57 141 1
141 197 1
197 67 1
67 3511 1
3511 3445 1
3445 197 1
197 197 1
197 67 1
67 3585 1
3585 57 1
57 141 1
141 141 1
141 197 1
197 1 1
1 141 1
141 197 1
197 197 1
197 141 1
141 141 1
141 197 1
197 197 1
197 141 1
141 141 1
141 197 1
197 197 1
197 67 1
67 3501 1
3501 207 1
207 3641 1
3641 141 1
141 67 1
67 3445 1
3445 263 1
263 3567 1
3567 3641 1
3641 141 1
141 197 1
197 67 1
67 3511 1
3511 3445 1
3445 123 1
123 3501 1
3501 141 1
141 67 1
67 3641 1
3641 67 1
67 3641 1
3641 281 1
281 197 1
197 57 1
57 85 1
85 57 1
57 141 1
141 197 1
197 67 1
67 3511 1
3511 3445 1
3445 197 1
197 197 1
197 67 1
67 3585 1
3585 57 1
57 141 1
141 141 1
141 197 1
197 1 1
1 141 1
141 197 1
197 197 1
197 141 1
141 141 1
141 197 1
197 197 1
197 141 1
141 141 1
141 197 1
197 197 1
197 67 1
67 3501 1
3501 207 1
207 3641 1
3641 141 1
141 67 1
67 3445 1
3445 263 1
263 3567 1
3567 3641 1
3641 141 1
141 197 1
197 67 1
67 3511 1
3511 3445 1
3445 123 1
123 3501 1
3501 141 1
141 197 1
197 207 1
207 3641 1
3641 67 1
67 3641 1
3641 281 1
281 197 1
197 57 1
57 85 1
85 57 1
57 141 1
141 197 1
197 67 1
67 3511 1
3511 3445 1
3445 197 1
197 197 1
197 67 1
67 3585 1
3585 57 1
57 141 1
141 141 1
141 197 1
197 1 1
1 141 1
141 197 1
197 197 1
197 141 1
141 141 1
141 197 1
197 197 1
197 141 1
141 141 1
141 197 1
197 197 1
197 67 1
67 3501 1
3501 207 1
207 3641 1
3641 141 1
141 67 1
67 3445 1
3445 263 1
263 3567 1
3567 3641 1
3641 141 1
141 197 1
197 67 1
67 3511 1
3511 3445 1
3445 123 1
123 3501 1
3501 141 1
141 67 1
67 3641 1
3641 67 1
67 3641 1
3641 281 1
281 197 1
197 57 1
57 85 1
85 57 1
57 141 1
141 197 1
197 67 1
67 3511 1
3511 3445 1
3445 197 1
197 197 1
197 67 1
67 3585 1
3585 57 1
57 141 1
141 141 1
141 197 1
197 1 1
1 141 1
141 197 1
197 197 1
197 141 1
141 141 1
141 197 1
197 197 1
197 141 1
141 141 1
141 197 1
197 197 1
197 67 1
67 3501 1
3501 207 1
207 3641 1
3641 141 1
141 197 1
197 67 1
67 3511 1
3511 3445 1
3445 123 1
123 3641 1
3641 141 1
141 197 1
197 67 1
67 3511 1
3511 3445 1
3445 123 1
123 3585 1
3585 57 1
57 67 1
67 3511 1
3511 3567 1
3567 3511 1
3511 3445 1
3445 197 1
197 67 1
67 3445 1
3445 57 1
57 141 1
141 197 1
197 67 1
67 3511 1
3511 3445 1
3445 57 1
57 141 1
141 197 1
197 67 1
67 3511 1
3511 3501 1
3501 141 1
141 197 1
197 141 1
141 141 1
141 197 1
197 197 1
197 141 1
141 141 1
141 197 1
197 197 1
197 141 1
141 141 1
141 197 1
197 197 1
197 281 1
281 57 1
57 141 1
141 141 1
141 197 1
