253 225 1
225 113 1
113 11 1
11 3361 1
3361 281 1
281 57 1
57 141 1
141 197 1
197 197 1
197 1 1
1 1 1
1 1 1
1 1 1
1 141 1
141 1 1
1 1 1
1 1 1
1 1 1
1 11 1
11 3641 1
3641 281 1
281 123 1
123 3641 1
3641 281 1
281 123 1
123 3585 1
3585 197 1
197 57 1
57 207 1
207 3585 1
3585 197 1
197 57 1
57 207 1
207 3585 1
3585 197 1
197 57 1
57 141 1
141 67 1
67 3641 1
3641 281 1
281 123 1
123 3641 1
3641 281 1
281 123 1
123 3585 1
3585 197 1
197 57 1
57 207 1
207 3585 1
3585 197 1
197 57 1
57 207 1
207 3585 1
3585 197 1
197 57 1
57 281 1
281 1 1
1 1 1
1 1 1
1 1 1
1 1 1
1 1 1
1 263 1
263 3445 1
3445 263 1
263 3641 1
3641 281 1
281 123 1
123 3445 1
3445 141 1
141 123 1
123 3585 1
3585 197 1
197 57 1
57 207 1
207 3585 1
3585 197 1
197 57 1
57 207 1
207 3585 1
3585 197 1
197 57 1
