3557 85 1
85 281 1
281 1 1
1 197 1
197 1 1
1 309 1
309 291 1
291 3557 1
3557 85 1
85 1 1
1 281 1
281 1 1
1 197 1
197 263 1
263 3557 1
3557 85 1
85 1 1
1 281 1
281 1 1
1 197 1
197 197 1
197 67 1
67 3445 1
3445 141 1
141 57 1
57 67 1
67 3371 1
3371 3557 1
3557 85 1
85 281 1
281 1 1
1 1 1
1 197 1
197 263 1
263 3371 1
3371 3557 1
3557 85 1
85 281 1
281 1 1
1 1 1
1 57 1
57 141 1
141 263 1
263 3371 1
3371 3557 1
3557 85 1
85 281 1
281 1 1
1 1 1
1 57 1
57 141 1
141 1 1
1 197 1
197 207 1
207 3361 1
3361 207 1
207 3371 1
3371 3585 1
3585 197 1
197 197 1
197 67 1
67 3557 1
3557 85 1
85 281 1
281 1 1
1 1 1
1 1 1
1 197 1
197 1 1
1 197 1
197 207 1
207 3567 1
3567 3445 1
3445 141 1
141 57 1
57 67 1
67 3361 1
3361 197 1
197 85 1
85 281 1
281 1 1
1 1 1
1 197 1
197 263 1
263 3557 1
3557 85 1
85 281 1
281 1 1
1 57 1
57 141 1
141 197 1
197 207 1
207 3567 1
3567 3445 1
3445 141 1
141 57 1
57 207 1
207 3417 1
3417 151 1
151 3371 1
3371 3371 1
3371 3511 1
3511 3417 1
3417 151 1
151 3371 1
3371 3371 1
3371 3371 1
3371 3511 1
3511 3371 1
3371 3371 1
3371 3567 1
3567 3641 1
3641 141 1
141 141 1
141 57 1
57 67 1
67 3371 1
3371 3371 1
3371 3557 1
3557 1 1
1 85 1
85 281 1
281 1 1
1 1 1
1 1 1
1 197 1
197 263 1
263 3641 1
3641 253 1
253 85 1
85 281 1
281 1 1
1 1 1
1 1 1
1 1 1
1 57 1
57 141 1
