263 3371 1
3371 3585 1
3585 197 1
197 67 1
67 3371 1
3371 3501 1
3501 141 1
141 263 1
263 3371 1
3371 3585 1
3585 197 1
197 67 1
67 3641 1
3641 263 1
263 3585 1
3585 197 1
197 67 1
67 3641 1
3641 263 1
263 3371 1
3371 3585 1
3585 197 1
197 67 1
67 3641 1
3641 263 1
263 3585 1
3585 263 1
263 3501 1
3501 1 1
1 141 1
141 141 1
141 57 1
57 141 1
141 141 1
141 57 1
57 67 1
67 3585 1
3585 57 1
57 141 1
141 141 1
141 57 1
57 141 1
141 141 1
141 57 1
57 1 1
1 141 1
141 263 1
263 3371 1
3371 3585 1
3585 197 1
197 67 1
67 3641 1
3641 263 1
263 3585 1
3585 197 1
197 197 1
197 141 1
141 263 1
263 3371 1
3371 3585 1
3585 197 1
197 67 1
67 3641 1
3641 263 1
263 3585 1
3585 263 1
263 3501 1
3501 1 1
1 141 1
141 141 1
141 57 1
57 141 1
141 141 1
141 57 1
57 67 1
67 3585 1
3585 57 1
57 141 1
141 141 1
141 57 1
57 141 1
141 141 1
141 57 1
57 141 1
141 141 1
141 57 1
57 67 1
67 3585 1
3585 57 1
57 1 1
1 141 1
141 263 1
263 3371 1
3371 3585 1
3585 197 1
197 67 1
67 3641 1
3641 263 1
263 3585 1
3585 197 1
197 197 1
197 141 1
141 263 1
263 3371 1
3371 3585 1
3585 197 1
197 67 1
67 3641 1
3641 263 1
263 3585 1
3585 263 1
263 3501 1
3501 1 1
1 141 1
141 141 1
141 57 1
57 141 1
141 141 1
141 57 1
57 67 1
67 3585 1
3585 57 1
57 141 1
141 141 1
141 57 1
57 67 1
67 3585 1
3585 57 1
57 67 1
67 3585 1
3585 57 1
57 141 1
141 141 1
141 57 1
57 141 1
141 141 1
141 123 1
123 3511 1
