141 263 1
263 3445 1
3445 1 1
1 57 1
57 141 1
141 1 1
1 141 1
141 263 1
263 3445 1
3445 57 1
57 141 1
141 1 1
1 141 1
141 263 1
263 3445 1
3445 57 1
57 67 1
67 3567 1
3567 3651 1
3651 3501 1
3501 141 1
141 197 1
197 67 1
67 3567 1
3567 3651 1
3651 3501 1
3501 141 1
141 1 1
1 141 1
141 1 1
1 11 1
11 3557 1
3557 263 1
263 3511 1
3511 3501 1
3501 141 1
141 1 1
1 197 1
197 67 1
67 3567 1
3567 3389 1
3389 1 1
1 197 1
197 67 1
67 3501 1
3501 141 1
141 1 1
1 197 1
197 67 1
67 3567 1
3567 3389 1
3389 1 1
1 197 1
197 67 1
67 3501 1
3501 141 1
