197 281 1
281 197 1
197 197 1
197 281 1
281 197 1
197 197 1
197 281 1
281 197 1
197 123 1
123 3389 1
3389 197 1
197 197 1
197 281 1
281 197 1
197 123 1
123 3389 1
3389 197 1
197 197 1
197 281 1
281 197 1
197 197 1
197 281 1
281 263 1
263 3427 1
3427 3389 1
3389 57 1
57 141 1
141 197 1
197 281 1
281 197 1
197 197 1
197 281 1
281 197 1
197 197 1
197 281 1
281 197 1
197 123 1
123 3389 1
3389 197 1
197 197 1
197 281 1
281 197 1
197 197 1
197 281 1
281 197 1
197 197 1
197 281 1
281 197 1
197 197 1
197 281 1
281 197 1
197 197 1
197 281 1
281 197 1
197 123 1
123 3389 1
3389 263 1
263 3427 1
3427 3389 1
3389 57 1
57 141 1
141 197 1
197 281 1
281 197 1
197 197 1
197 281 1
281 197 1
197 197 1
197 281 1
281 197 1
197 123 1
123 3389 1
3389 263 1
263 3501 1
3501 141 1
141 197 1
197 281 1
281 319 1
319 3585 1
3585 67 1
67 3501 1
3501 141 1
141 197 1
197 281 1
281 319 1
319 3585 1
3585 263 1
263 3445 1
3445 197 1
197 281 1
281 197 1
197 197 1
197 281 1
281 197 1
197 197 1
197 281 1
281 197 1
197 123 1
123 3389 1
3389 197 1
197 197 1
197 281 1
281 197 1
197 197 1
197 281 1
281 197 1
