3371 3641 1
3641 141 1
141 1 1
1 1 1
1 1 1
1 141 1
141 1 1
1 197 1
197 1 1
1 1 1
1 1 1
1 141 1
141 1 1
1 123 1
123 3371 1
3371 3641 1
3641 141 1
141 1 1
1 1 1
1 1 1
1 141 1
141 1 1
1 197 1
197 1 1
1 1 1
1 1 1
1 141 1
141 1 1
1 123 1
123 3371 1
3371 3641 1
3641 67 1
67 3371 1
3371 3641 1
3641 141 1
141 1 1
1 1 1
1 1 1
1 141 1
141 1 1
1 197 1
197 1 1
1 1 1
1 1 1
1 141 1
141 1 1
1 57 1
57 67 1
67 3445 1
3445 141 1
141 57 1
57 67 1
67 3445 1
3445 141 1
141 57 1
57 67 1
67 3445 1
3445 141 1
141 57 1
57 67 1
67 3445 1
3445 141 1
141 57 1
57 67 1
67 3445 1
3445 141 1
141 57 1
57 67 1
67 3371 1
3371 3641 1
3641 141 1
141 1 1
1 1 1
1 1 1
1 141 1
141 1 1
1 197 1
197 1 1
1 1 1
1 1 1
1 141 1
141 1 1
1 123 1
123 3371 1
3371 3641 1
3641 141 1
141 1 1
1 1 1
1 1 1
1 141 1
141 1 1
1 197 1
197 1 1
1 1 1
1 1 1
1 141 1
141 1 1
1 123 1
123 3371 1
3371 3641 1
3641 1 1
1 67 1
67 3445 1
3445 141 1
141 57 1
57 67 1
67 3445 1
3445 141 1
141 57 1
57 67 1
67 3445 1
3445 141 1
141 57 1
57 67 1
67 3445 1
3445 141 1
141 57 1
57 67 1
67 3445 1
3445 141 1
141 57 1
57 1 1
1 67 1
67 3445 1
3445 141 1
141 57 1
57 67 1
67 3445 1
3445 141 1
141 57 1
57 67 1
67 3445 1
3445 141 1
141 57 1
57 67 1
67 3445 1
3445 141 1
141 57 1
57 67 1
67 3445 1
3445 141 1
141 57 1
57 1 1
1 67 1
67 3445 1
3445 141 1
141 57 1
57 67 1
67 3445 1
3445 141 1
141 57 1
57 67 1
67 3445 1
3445 141 1
141 57 1
57 67 1
67 3445 1
3445 141 1
141 57 1
57 67 1
67 3445 1
3445 141 1
141 57 1
57 67 1
