67 3445 1
3445 57 1
57 141 1
141 67 1
67 3445 1
3445 57 1
57 141 1
141 67 1
67 3445 1
3445 57 1
57 141 1
141 67 1
67 3445 1
3445 57 1
57 141 1
141 67 1
67 3445 1
3445 57 1
57 141 1
141 67 1
67 3445 1
3445 57 1
57 141 1
141 67 1
67 3445 1
3445 57 1
57 141 1
141 67 1
67 3445 1
3445 57 1
57 141 1
141 67 1
67 3445 1
3445 57 1
57 141 1
141 67 1
67 3445 1
3445 57 1
57 207 1
207 3501 1
3501 207 1
207 3641 1
3641 141 1
141 197 1
197 67 1
67 3445 1
3445 57 1
57 141 1
141 67 1
67 3445 1
3445 57 1
57 141 1
141 67 1
67 3445 1
3445 57 1
57 141 1
141 67 1
67 3445 1
3445 57 1
57 141 1
141 67 1
67 3445 1
3445 57 1
57 141 1
141 67 1
67 3445 1
3445 57 1
57 141 1
141 67 1
67 3445 1
3445 57 1
57 141 1
141 67 1
67 3445 1
3445 57 1
57 207 1
207 3501 1
3501 207 1
207 3641 1
3641 141 1
141 197 1
197 67 1
67 3445 1
3445 57 1
57 141 1
141 67 1
67 3445 1
3445 57 1
57 207 1
207 3445 1
3445 197 1
197 197 1
197 207 1
207 3445 1
3445 197 1
197 67 1
67 3445 1
3445 57 1
57 141 1
141 67 1
67 3445 1
3445 57 1
57 141 1
141 67 1
67 3445 1
3445 57 1
57 207 1
207 3501 1
3501 207 1
207 3641 1
3641 141 1
141 197 1
197 67 1
67 3445 1
3445 57 1
57 141 1
141 67 1
67 3445 1
3445 57 1
57 141 1
141 67 1
67 3445 1
3445 57 1
57 141 1
141 67 1
67 3445 1
3445 57 1
57 141 1
141 67 1
67 3445 1
