123 3585 1
3585 141 1
141 1 1
1 197 1
197 1 1
1 141 1
141 11 1
11 3557 1
3557 1 1
1 1 1
1 67 1
67 3501 1
3501 141 1
141 141 1
141 57 1
57 141 1
141 123 1
123 3585 1
3585 141 1
141 1 1
1 197 1
197 1 1
1 141 1
141 11 1
11 3557 1
3557 1 1
1 67 1
67 3501 1
3501 141 1
141 1 1
1 1 1
1 1 1
1 1 1
1 309 1
309 225 1
225 123 1
123 3455 1
3455 3501 1
3501 141 1
141 123 1
123 3585 1
3585 141 1
141 1 1
1 197 1
197 1 1
1 141 1
141 11 1
11 3557 1
3557 1 1
1 1 1
1 67 1
67 3501 1
3501 141 1
141 1 1
1 1 1
1 67 1
67 3445 1
3445 197 1
197 309 1
309 11 1
11 3389 1
3389 1 1
1 1 1
1 1 1
1 67 1
67 3371 1
3371 3427 1
3427 3389 1
3389 11 1
11 3361 1
3361 1 1
1 169 1
169 225 1
225 1 1
1 1 1
