11 3511 1
3511 3641 1
3641 113 1
113 291 1
291 3641 1
3641 263 1
263 3511 1
3511 3641 1
3641 113 1
113 291 1
291 3641 1
3641 263 1
263 3371 1
3371 3511 1
3511 3641 1
3641 113 1
113 291 1
291 3641 1
3641 263 1
263 3371 1
3371 3511 1
3511 3641 1
3641 113 1
113 291 1
291 3641 1
3641 263 1
263 3371 1
3371 3511 1
3511 3641 1
3641 113 1
113 291 1
291 3641 1
3641 263 1
263 3511 1
3511 3641 1
3641 113 1
113 291 1
291 3641 1
3641 263 1
263 3371 1
3371 3511 1
3511 3641 1
3641 113 1
113 291 1
291 3641 1
3641 263 1
263 3371 1
3371 3511 1
3511 3641 1
3641 113 1
113 291 1
291 3641 1
3641 263 1
263 3371 1
3371 3511 1
3511 3641 1
3641 113 1
113 291 1
291 3641 1
