3371 3567 1
3567 3445 1
3445 67 1
67 3371 1
3371 3371 1
3371 3567 1
3567 3445 1
3445 67 1
67 3567 1
3567 3651 1
3651 3567 1
3567 3567 1
3567 3445 1
3445 67 1
67 3371 1
3371 3371 1
3371 3567 1
3567 3445 1
3445 67 1
67 3371 1
3371 3371 1
3371 3567 1
3567 3445 1
3445 67 1
67 3567 1
3567 3651 1
3651 3567 1
3567 3567 1
3567 3445 1
3445 67 1
67 3371 1
3371 3567 1
3567 3445 1
3445 67 1
67 3371 1
3371 3371 1
3371 3567 1
3567 3445 1
3445 67 1
67 3567 1
3567 3651 1
3651 3567 1
3567 3567 1
3567 3445 1
3445 67 1
67 3371 1
3371 3567 1
3567 3445 1
3445 67 1
67 3371 1
3371 3567 1
3567 3445 1
3445 67 1
67 3371 1
3371 3567 1
3567 3445 1
3445 67 1
67 3371 1
3371 3567 1
3567 3445 1
3445 67 1
