141 57 1
57 113 1
113 29 1
29 263 1
263 3641 1
3641 197 1
197 141 1
141 281 1
281 57 1
57 207 1
207 3427 1
3427 3585 1
3585 141 1
141 57 1
57 113 1
113 29 1
29 263 1
263 3641 1
3641 281 1
281 197 1
197 141 1
141 57 1
57 113 1
113 29 1
29 263 1
263 3641 1
3641 281 1
281 197 1
197 141 1
141 57 1
57 113 1
113 29 1
29 263 1
263 3641 1
3641 281 1
281 197 1
197 57 1
57 85 1
85 123 1
123 3445 1
3445 263 1
263 3641 1
3641 141 1
141 57 1
57 85 1
85 123 1
123 3445 1
3445 263 1
263 3641 1
3641 281 1
281 197 1
197 141 1
141 57 1
57 113 1
113 29 1
29 263 1
263 3641 1
3641 281 1
281 197 1
197 141 1
141 57 1
57 113 1
113 29 1
29 263 1
263 3641 1
3641 281 1
281 197 1
197 57 1
57 85 1
85 123 1
123 3445 1
3445 263 1
263 3641 1
3641 141 1
141 57 1
57 85 1
85 123 1
123 3445 1
3445 263 1
263 3641 1
3641 141 1
141 123 1
123 3389 1
3389 197 1
197 197 1
197 67 1
67 3511 1
3511 3501 1
3501 263 1
263 3399 1
3399 3557 1
3557 57 1
57 85 1
85 123 1
123 3445 1
3445 263 1
263 3641 1
3641 141 1
141 57 1
57 85 1
85 123 1
123 3445 1
3445 263 1
263 3641 1
3641 141 1
141 57 1
57 85 1
85 123 1
123 3445 1
3445 263 1
263 3641 1
3641 141 1
141 57 1
57 85 1
85 123 1
123 3445 1
3445 263 1
263 3641 1
3641 141 1
141 141 1
141 57 1
57 113 1
113 29 1
29 263 1
263 3641 1
3641 281 1
281 197 1
197 141 1
141 57 1
57 113 1
113 29 1
29 263 1
263 3641 1
3641 281 1
