197 67 1
67 3567 1
3567 3417 1
3417 169 1
169 197 1
197 141 1
141 197 1
197 67 1
67 3567 1
3567 3417 1
3417 169 1
169 197 1
197 141 1
141 197 1
197 67 1
67 3567 1
3567 3417 1
3417 169 1
169 197 1
197 141 1
141 197 1
197 67 1
67 3641 1
3641 309 1
309 169 1
169 197 1
197 141 1
141 197 1
197 67 1
67 3641 1
3641 309 1
309 169 1
169 197 1
197 309 1
309 29 1
29 67 1
67 3641 1
3641 309 1
309 169 1
169 1 1
1 197 1
197 67 1
67 3567 1
3567 3417 1
3417 169 1
169 197 1
197 141 1
141 197 1
197 67 1
67 3567 1
3567 3417 1
3417 169 1
169 197 1
197 141 1
141 197 1
197 67 1
67 3641 1
3641 309 1
309 169 1
169 197 1
197 141 1
141 197 1
197 67 1
67 3641 1
3641 309 1
309 169 1
169 197 1
197 309 1
309 29 1
29 67 1
67 3641 1
3641 309 1
309 169 1
169 263 1
263 3613 1
3613 169 1
169 263 1
263 3613 1
3613 169 1
169 263 1
263 3613 1
3613 169 1
169 263 1
263 3613 1
3613 169 1
169 67 1
67 3501 1
3501 141 1
141 197 1
197 67 1
67 3567 1
3567 3417 1
3417 169 1
169 197 1
197 141 1
141 197 1
197 67 1
67 3641 1
3641 309 1
309 169 1
169 197 1
197 141 1
141 197 1
197 67 1
67 3641 1
3641 309 1
309 169 1
169 197 1
197 309 1
309 29 1
29 67 1
67 3641 1
3641 309 1
309 169 1
