197 207 1
207 3445 1
3445 197 1
197 197 1
197 207 1
207 3445 1
3445 197 1
197 197 1
197 207 1
207 3445 1
3445 309 1
309 225 1
225 197 1
197 207 1
207 3445 1
3445 197 1
197 197 1
197 207 1
207 3445 1
3445 197 1
197 197 1
197 207 1
207 3445 1
3445 197 1
197 197 1
197 207 1
207 3445 1
3445 197 1
197 197 1
197 207 1
207 3445 1
3445 197 1
197 197 1
197 207 1
207 3445 1
3445 309 1
309 225 1
225 197 1
197 1 1
1 207 1
207 3371 1
3371 3445 1
3445 197 1
197 197 1
197 207 1
207 3445 1
3445 197 1
197 197 1
197 207 1
207 3445 1
