3585 197 1
197 113 1
113 151 1
151 3585 1
3585 197 1
197 113 1
113 151 1
151 3585 1
3585 197 1
197 113 1
113 151 1
151 3585 1
3585 197 1
197 113 1
113 151 1
151 3585 1
3585 197 1
197 113 1
113 151 1
151 3585 1
3585 197 1
197 113 1
113 151 1
151 3585 1
3585 197 1
197 113 1
113 151 1
151 3585 1
3585 197 1
197 113 1
113 151 1
151 3585 1
3585 197 1
197 113 1
113 151 1
151 3585 1
3585 197 1
197 113 1
113 29 1
29 309 1
309 85 1
85 67 1
67 3585 1
3585 309 1
309 85 1
85 67 1
67 3585 1
3585 309 1
309 151 1
151 3585 1
3585 197 1
197 113 1
113 151 1
151 3585 1
3585 197 1
197 113 1
113 151 1
151 3585 1
3585 197 1
197 113 1
113 141 1
141 141 1
