1 1 1
1 1 1
1 263 1
263 3585 1
3585 197 1
197 1 1
1 263 1
263 3585 1
3585 197 1
197 1 1
1 263 1
263 3585 1
3585 197 1
197 1 1
1 263 1
263 3585 1
3585 197 1
197 1 1
1 263 1
263 3585 1
3585 197 1
197 1 1
1 263 1
263 3585 1
3585 197 1
197 1 1
1 263 1
263 3585 1
3585 197 1
197 1 1
1 263 1
263 3585 1
3585 197 1
197 1 1
1 263 1
263 3585 1
3585 197 1
197 263 1
263 3445 1
3445 263 1
263 3371 1
3371 3371 1
3371 3445 1
3445 1 1
1 263 1
263 3585 1
3585 197 1
197 1 1
1 263 1
263 3585 1
3585 197 1
197 1 1
1 263 1
263 3585 1
3585 197 1
197 1 1
1 263 1
263 3585 1
