197 281 1
281 141 1
141 281 1
281 309 1
309 141 1
141 197 1
197 281 1
281 141 1
141 57 1
57 197 1
197 141 1
141 207 1
207 3641 1
3641 141 1
141 57 1
57 197 1
197 225 1
225 197 1
197 67 1
67 3585 1
3585 85 1
85 113 1
113 197 1
197 67 1
67 3585 1
3585 85 1
85 39 1
39 3361 1
3361 197 1
197 281 1
281 141 1
141 57 1
57 197 1
197 225 1
225 197 1
197 67 1
67 3613 1
3613 113 1
113 197 1
197 85 1
85 113 1
113 197 1
197 67 1
67 3585 1
3585 85 1
85 39 1
39 3669 1
3669 319 1
319 3557 1
3557 85 1
85 281 1
281 169 1
169 11 1
11 3669 1
3669 309 1
309 319 1
319 3669 1
3669 85 1
85 39 1
39 3557 1
3557 235 1
235 3417 1
3417 85 1
85 319 1
319 3501 1
3501 11 1
11 3361 1
3361 85 1
85 197 1
197 67 1
67 3585 1
3585 85 1
85 113 1
113 197 1
197 67 1
67 3361 1
3361 225 1
225 85 1
85 113 1
113 197 1
197 67 1
67 3585 1
3585 85 1
85 253 1
253 85 1
85 253 1
253 85 1
85 113 1
