141 123 1
123 3641 1
3641 1 1
1 1 1
1 85 1
85 253 1
253 1 1
1 141 1
141 141 1
141 123 1
123 3585 1
3585 197 1
197 141 1
141 123 1
123 3585 1
3585 197 1
197 141 1
141 123 1
123 3585 1
3585 123 1
123 3585 1
3585 197 1
197 263 1
263 3585 1
3585 57 1
57 141 1
141 263 1
263 3585 1
3585 57 1
57 67 1
67 3641 1
3641 281 1
281 197 1
197 1 1
1 1 1
1 141 1
141 123 1
123 3585 1
3585 197 1
197 141 1
141 123 1
123 3585 1
3585 123 1
123 3585 1
3585 57 1
57 141 1
141 263 1
263 3585 1
3585 57 1
57 141 1
141 263 1
263 3585 1
3585 57 1
57 67 1
67 3641 1
3641 281 1
281 197 1
197 263 1
263 3585 1
3585 57 1
57 67 1
67 3641 1
3641 281 1
281 197 1
197 197 1
197 281 1
281 197 1
197 197 1
197 281 1
281 141 1
141 57 1
57 263 1
263 3585 1
3585 57 1
57 141 1
141 263 1
263 3585 1
3585 57 1
57 67 1
67 3641 1
3641 281 1
281 123 1
123 3641 1
3641 281 1
281 197 1
197 141 1
141 123 1
123 3585 1
3585 197 1
197 141 1
141 123 1
123 3585 1
3585 197 1
