197 281 1
281 263 1
263 3641 1
3641 263 1
263 3511 1
3511 3501 1
3501 141 1
141 197 1
197 281 1
281 263 1
263 3641 1
3641 263 1
263 3511 1
3511 3445 1
3445 57 1
57 141 1
141 123 1
123 3389 1
3389 263 1
263 3641 1
3641 263 1
263 3511 1
3511 3445 1
3445 57 1
57 141 1
141 123 1
123 3389 1
3389 263 1
263 3641 1
3641 263 1
263 3641 1
3641 141 1
141 1 1
1 141 1
141 197 1
197 141 1
141 197 1
197 123 1
123 3389 1
3389 263 1
263 3641 1
3641 263 1
263 3511 1
3511 3445 1
3445 57 1
57 141 1
141 123 1
123 3389 1
3389 263 1
263 3641 1
3641 263 1
263 3641 1
3641 141 1
141 197 1
197 281 1
281 197 1
197 1 1
1 141 1
141 197 1
197 141 1
