57 11 1
11 3427 1
3427 3389 1
3389 57 1
57 141 1
141 67 1
67 3445 1
3445 197 1
197 1 1
1 67 1
67 3445 1
3445 197 1
197 1 1
1 67 1
67 3445 1
3445 197 1
197 1 1
1 67 1
67 3445 1
3445 197 1
197 1 1
1 67 1
67 3445 1
3445 197 1
197 1 1
1 67 1
67 3445 1
3445 197 1
197 1 1
1 67 1
67 3445 1
3445 197 1
197 1 1
1 67 1
67 3445 1
3445 197 1
197 1 1
1 67 1
67 3445 1
3445 197 1
197 1 1
1 67 1
67 3445 1
3445 197 1
197 1 1
1 67 1
67 3445 1
3445 197 1
197 1 1
1 67 1
67 3445 1
3445 197 1
197 1 1
1 67 1
67 3445 1
3445 197 1
197 1 1
1 67 1
67 3445 1
3445 197 1
