3557 29 1
29 197 1
197 263 1
263 3557 1
3557 29 1
29 197 1
197 263 1
263 3557 1
3557 29 1
29 197 1
197 263 1
263 3557 1
3557 29 1
29 197 1
197 263 1
263 3557 1
3557 29 1
29 197 1
197 263 1
263 3557 1
3557 29 1
29 197 1
197 263 1
263 3557 1
3557 29 1
29 197 1
197 263 1
263 3557 1
3557 29 1
29 197 1
197 263 1
263 3557 1
3557 29 1
29 197 1
197 263 1
263 3557 1
3557 29 1
29 197 1
197 263 1
263 3557 1
3557 29 1
29 197 1
197 263 1
263 3557 1
3557 29 1
29 197 1
197 263 1
263 3557 1
3557 29 1
29 197 1
197 263 1
263 3557 1
3557 29 1
29 197 1
197 263 1
263 3557 1
3557 29 1
29 197 1
197 263 1
263 3557 1
3557 29 1
29 197 1
197 263 1
263 3557 1
3557 29 1
29 197 1
197 263 1
263 3557 1
3557 29 1
29 197 1
197 263 1
263 3557 1
3557 29 1
29 197 1
197 263 1
263 3557 1
3557 29 1
29 197 1
197 263 1
263 3557 1
3557 29 1
29 197 1
197 263 1
263 3557 1
3557 29 1
29 197 1
197 263 1
263 3557 1
3557 29 1
29 197 1
197 263 1
263 3557 1
3557 29 1
29 197 1
197 197 1
197 1 1
1 141 1
141 281 1
281 253 1
253 1 1
1 141 1
141 281 1
281 253 1
253 1 1
1 141 1
141 281 1
281 253 1
253 1 1
1 141 1
141 281 1
281 319 1
319 3557 1
3557 29 1
29 197 1
197 263 1
263 3557 1
3557 29 1
29 197 1
197 263 1
263 3557 1
3557 29 1
29 197 1
197 263 1
263 3557 1
3557 29 1
29 197 1
197 263 1
263 3557 1
3557 29 1
29 197 1
197 263 1
263 3557 1
3557 29 1
29 197 1
