3445 197 1
197 67 1
67 3371 1
3371 3445 1
3445 263 1
263 3445 1
3445 263 1
263 3445 1
3445 197 1
197 67 1
67 3371 1
3371 3445 1
3445 263 1
263 3445 1
3445 263 1
263 3445 1
3445 197 1
197 67 1
67 3445 1
3445 197 1
197 281 1
281 197 1
197 197 1
197 281 1
281 197 1
197 197 1
197 281 1
281 197 1
197 197 1
197 281 1
281 123 1
123 3445 1
3445 263 1
263 3445 1
3445 263 1
263 3445 1
3445 197 1
197 67 1
67 3445 1
3445 197 1
197 281 1
281 197 1
197 197 1
197 281 1
281 197 1
197 197 1
197 281 1
281 197 1
197 197 1
197 281 1
281 197 1
197 197 1
197 281 1
281 197 1
197 197 1
197 281 1
