1 263 1
263 3445 1
3445 309 1
309 29 1
29 141 1
141 11 1
11 3557 1
3557 1 1
1 263 1
263 3641 1
3641 141 1
141 1 1
1 263 1
263 3641 1
3641 141 1
141 1 1
1 1 1
1 263 1
263 3641 1
3641 141 1
141 1 1
1 263 1
263 3641 1
3641 141 1
141 1 1
1 263 1
263 3641 1
3641 141 1
141 1 1
1 309 1
309 291 1
291 3641 1
3641 281 1
281 11 1
11 3557 1
3557 1 1
1 309 1
309 291 1
291 3641 1
3641 281 1
281 11 1
11 3557 1
3557 1 1
1 263 1
263 3641 1
3641 141 1
141 1 1
1 263 1
263 3641 1
3641 141 1
141 1 1
1 263 1
263 3641 1
3641 141 1
141 1 1
1 263 1
263 3641 1
3641 141 1
141 1 1
1 309 1
309 291 1
291 3641 1
3641 281 1
281 11 1
11 3557 1
3557 1 1
1 309 1
309 291 1
291 3641 1
3641 281 1
281 11 1
