141 141 1
141 57 1
57 141 1
141 141 1
141 57 1
57 141 1
141 141 1
141 57 1
57 141 1
141 141 1
141 1 1
1 197 1
197 197 1
197 281 1
281 197 1
197 123 1
123 3389 1
3389 1 1
1 197 1
197 141 1
141 57 1
57 67 1
67 3585 1
3585 197 1
197 57 1
57 85 1
85 123 1
123 3641 1
3641 281 1
281 197 1
197 123 1
123 3389 1
3389 1 1
1 197 1
197 141 1
141 57 1
57 67 1
67 3585 1
3585 197 1
197 197 1
197 281 1
281 1 1
1 123 1
123 3641 1
3641 281 1
281 197 1
197 123 1
123 3389 1
3389 1 1
1 197 1
197 141 1
141 57 1
57 67 1
67 3585 1
3585 197 1
197 57 1
57 85 1
85 1 1
1 123 1
123 3641 1
3641 281 1
281 197 1
197 123 1
123 3389 1
3389 1 1
1 197 1
197 141 1
141 57 1
57 67 1
67 3585 1
3585 197 1
197 197 1
197 281 1
281 1 1
1 123 1
123 3641 1
3641 281 1
281 197 1
197 123 1
123 3389 1
3389 1 1
1 197 1
197 141 1
141 57 1
57 67 1
67 3585 1
3585 197 1
197 197 1
