225 169 1
169 225 1
225 141 1
141 197 1
197 67 1
67 3585 1
3585 169 1
169 225 1
225 141 1
141 197 1
197 67 1
67 3585 1
3585 169 1
169 225 1
225 141 1
141 197 1
197 67 1
67 3585 1
3585 169 1
169 225 1
225 141 1
141 197 1
197 281 1
281 197 1
197 309 1
309 225 1
225 281 1
281 197 1
197 309 1
309 225 1
225 281 1
281 123 1
123 3417 1
3417 225 1
225 281 1
281 197 1
197 309 1
309 225 1
225 281 1
281 123 1
123 3585 1
3585 169 1
169 225 1
225 141 1
141 197 1
197 67 1
67 3585 1
3585 169 1
169 225 1
225 141 1
141 197 1
197 67 1
67 3585 1
3585 169 1
169 225 1
225 141 1
141 197 1
197 281 1
281 197 1
197 309 1
309 225 1
225 281 1
281 197 1
197 309 1
309 225 1
225 281 1
281 123 1
123 3417 1
3417 225 1
225 281 1
281 197 1
197 309 1
309 225 1
225 281 1
281 123 1
123 3585 1
3585 169 1
169 225 1
225 141 1
141 197 1
197 67 1
67 3585 1
3585 169 1
169 225 1
225 141 1
141 309 1
309 225 1
225 281 1
281 197 1
197 309 1
309 225 1
225 281 1
281 197 1
197 309 1
309 225 1
225 281 1
281 123 1
123 3417 1
3417 225 1
225 281 1
281 197 1
197 309 1
309 225 1
225 281 1
281 1 1
1 123 1
123 3445 1
3445 141 1
141 1 1
1 123 1
123 3445 1
3445 141 1
141 1 1
1 123 1
123 3445 1
3445 141 1
141 1 1
1 123 1
123 3445 1
3445 141 1
141 1 1
1 123 1
123 3445 1
3445 141 1
141 1 1
1 123 1
