1 1 1
1 1 1
1 197 1
197 141 1
141 1 1
1 1 1
1 1 1
1 197 1
197 141 1
141 1 1
1 1 1
1 1 1
1 197 1
197 141 1
141 1 1
1 1 1
1 1 1
1 197 1
197 141 1
141 1 1
1 1 1
1 1 1
1 197 1
197 141 1
141 1 1
1 1 1
1 1 1
1 197 1
197 141 1
141 1 1
1 1 1
1 1 1
1 197 1
197 141 1
141 1 1
1 1 1
1 1 1
1 197 1
197 141 1
141 1 1
1 1 1
1 1 1
1 197 1
197 141 1
141 1 1
1 1 1
1 1 1
1 197 1
197 141 1
141 1 1
1 1 1
1 1 1
1 197 1
197 141 1
141 1 1
1 1 1
1 1 1
1 197 1
197 141 1
141 1 1
1 1 1
1 1 1
1 197 1
197 197 1
197 141 1
141 1 1
1 197 1
197 197 1
