3585 57 1
57 1 1
1 67 1
67 3585 1
3585 57 1
57 67 1
67 3585 1
3585 57 1
57 67 1
67 3585 1
3585 57 1
57 67 1
67 3585 1
3585 57 1
57 67 1
67 3585 1
3585 57 1
57 67 1
67 3585 1
3585 57 1
57 67 1
67 3585 1
3585 57 1
57 67 1
67 3585 1
3585 57 1
57 141 1
141 197 1
197 1 1
1 67 1
67 3585 1
3585 197 1
197 197 1
197 1 1
1 67 1
67 3585 1
3585 57 1
57 1 1
1 67 1
67 3585 1
3585 57 1
57 67 1
67 3585 1
3585 57 1
57 67 1
67 3585 1
3585 57 1
57 67 1
67 3585 1
3585 57 1
57 141 1
141 197 1
197 1 1
1 67 1
67 3585 1
3585 197 1
197 197 1
197 1 1
1 67 1
67 3585 1
3585 197 1
197 197 1
197 1 1
1 67 1
67 3585 1
3585 197 1
197 197 1
197 1 1
1 67 1
67 3585 1
3585 57 1
57 141 1
141 197 1
197 1 1
1 67 1
67 3585 1
3585 197 1
197 197 1
197 1 1
1 67 1
67 3585 1
3585 57 1
57 141 1
