197 225 1
225 197 1
197 197 1
197 197 1
197 29 1
29 263 1
263 3445 1
3445 263 1
263 3567 1
3567 3641 1
3641 141 1
141 1 1
1 67 1
67 3641 1
3641 67 1
67 3567 1
3567 3641 1
3641 141 1
141 1 1
1 67 1
67 3641 1
3641 67 1
67 3567 1
3567 3641 1
3641 141 1
141 1 1
1 67 1
67 3641 1
3641 67 1
67 3567 1
3567 3641 1
3641 141 1
141 1 1
1 67 1
67 3641 1
3641 67 1
67 3567 1
3567 3641 1
3641 141 1
141 1 1
1 197 1
197 207 1
207 3501 1
3501 141 1
141 197 1
197 207 1
207 3501 1
3501 67 1
67 3585 1
3585 57 1
57 141 1
141 67 1
67 3641 1
3641 67 1
67 3567 1
3567 3641 1
3641 141 1
141 1 1
1 67 1
67 3641 1
3641 67 1
67 3567 1
3567 3641 1
3641 141 1
141 1 1
1 197 1
197 207 1
207 3501 1
3501 141 1
141 197 1
197 207 1
207 3501 1
3501 67 1
67 3585 1
3585 57 1
57 141 1
141 197 1
197 207 1
207 3501 1
3501 141 1
141 197 1
197 207 1
207 3501 1
3501 67 1
67 3585 1
3585 57 1
57 67 1
67 3641 1
3641 67 1
67 3641 1
3641 67 1
67 3445 1
3445 123 1
123 3361 1
3361 225 1
225 197 1
197 207 1
207 3501 1
3501 141 1
141 197 1
197 207 1
207 3501 1
3501 67 1
67 3585 1
3585 57 1
57 141 1
141 197 1
197 207 1
207 3501 1
3501 141 1
141 197 1
197 207 1
207 3501 1
3501 67 1
67 3585 1
3585 57 1
57 207 1
207 3567 1
3567 3641 1
3641 207 1
207 3567 1
3567 3641 1
