141 57 1
57 141 1
141 141 1
141 57 1
57 141 1
141 141 1
141 57 1
57 67 1
67 3641 1
3641 281 1
281 197 1
197 263 1
263 3641 1
3641 281 1
281 197 1
197 263 1
263 3445 1
3445 263 1
263 3445 1
3445 263 1
263 3641 1
3641 141 1
141 1 1
1 141 1
141 57 1
57 141 1
141 141 1
141 57 1
57 141 1
141 141 1
141 57 1
57 141 1
141 141 1
141 57 1
57 67 1
67 3641 1
3641 281 1
281 197 1
197 263 1
263 3641 1
3641 281 1
281 197 1
197 263 1
263 3445 1
3445 263 1
263 3445 1
3445 263 1
263 3641 1
3641 141 1
141 1 1
1 141 1
141 57 1
57 141 1
141 141 1
141 57 1
57 141 1
141 141 1
141 57 1
57 141 1
141 141 1
141 57 1
57 67 1
67 3641 1
3641 281 1
281 197 1
197 263 1
263 3641 1
3641 281 1
281 1 1
1 123 1
123 3445 1
3445 263 1
263 3445 1
3445 263 1
263 3641 1
3641 141 1
141 1 1
1 141 1
141 57 1
57 141 1
141 141 1
141 57 1
57 67 1
67 3445 1
3445 263 1
263 3445 1
3445 263 1
263 3641 1
3641 141 1
141 1 1
1 141 1
141 57 1
57 141 1
141 141 1
141 57 1
