281 57 1
57 281 1
281 263 1
263 3371 1
3371 3585 1
3585 197 1
197 1 1
1 141 1
141 123 1
123 3641 1
3641 281 1
281 197 1
197 1 1
1 141 1
141 123 1
123 3641 1
3641 281 1
281 197 1
197 1 1
1 141 1
141 123 1
123 3641 1
3641 281 1
281 197 1
197 1 1
1 141 1
141 123 1
123 3641 1
3641 281 1
281 123 1
123 3641 1
3641 281 1
281 123 1
123 3641 1
3641 281 1
281 123 1
123 3641 1
3641 281 1
281 123 1
123 3641 1
3641 281 1
281 123 1
123 3371 1
3371 3585 1
3585 197 1
197 1 1
1 141 1
141 123 1
123 3641 1
3641 281 1
281 197 1
197 1 1
1 141 1
141 123 1
123 3641 1
3641 281 1
281 123 1
123 3641 1
3641 281 1
281 123 1
123 3641 1
3641 281 1
281 123 1
123 3641 1
3641 281 1
281 123 1
123 3641 1
3641 281 1
281 123 1
123 3641 1
3641 281 1
281 123 1
123 3641 1
3641 281 1
281 123 1
123 3641 1
3641 281 1
281 123 1
123 3641 1
3641 281 1
