207 3585 1
3585 123 1
123 3585 1
3585 123 1
123 3445 1
3445 141 1
141 123 1
123 3585 1
3585 123 1
123 3585 1
3585 123 1
123 3445 1
3445 141 1
141 123 1
123 3585 1
3585 123 1
123 3585 1
3585 123 1
123 3445 1
3445 141 1
141 123 1
123 3585 1
3585 123 1
123 3585 1
3585 123 1
123 3445 1
3445 141 1
141 263 1
263 3427 1
3427 3389 1
3389 57 1
57 141 1
141 141 1
141 281 1
281 319 1
319 3567 1
3567 3585 1
3585 123 1
123 3585 1
3585 123 1
123 3445 1
3445 141 1
141 123 1
123 3585 1
3585 123 1
123 3585 1
3585 123 1
123 3445 1
3445 141 1
141 1 1
1 57 1
57 57 1
57 281 1
281 281 1
281 309 1
309 141 1
141 281 1
281 57 1
57 57 1
57 281 1
281 281 1
281 67 1
67 3585 1
3585 123 1
123 3585 1
3585 123 1
123 3445 1
3445 141 1
141 123 1
123 3585 1
3585 123 1
123 3585 1
3585 123 1
123 3445 1
3445 141 1
141 1 1
1 57 1
57 57 1
57 281 1
281 281 1
281 309 1
309 141 1
141 281 1
281 57 1
57 57 1
57 281 1
281 281 1
281 141 1
141 141 1
141 281 1
281 319 1
319 3641 1
3641 141 1
141 281 1
281 319 1
319 3371 1
3371 3641 1
3641 141 1
141 281 1
281 319 1
319 3641 1
3641 141 1
141 281 1
281 319 1
319 3445 1
3445 57 1
57 57 1
57 281 1
281 281 1
281 309 1
309 141 1
141 281 1
281 57 1
57 57 1
57 281 1
281 281 1
281 57 1
57 57 1
57 169 1
169 57 1
57 57 1
57 281 1
281 281 1
281 309 1
309 141 1
141 281 1
281 57 1
57 57 1
57 281 1
281 281 1
281 57 1
57 57 1
57 169 1
169 57 1
57 57 1
57 281 1
281 281 1
281 309 1
309 141 1
141 291 1
291 3641 1
3641 113 1
113 29 1
29 1 1
1 57 1
57 253 1
253 29 1
29 1 1
1 113 1
113 29 1
29 309 1
309 29 1
29 309 1
309 29 1
29 309 1
309 29 1
29 309 1
309 1 1
1 29 1
29 309 1
309 1 1
1 29 1
29 309 1
309 29 1
29 309 1
309 29 1
29 309 1
309 29 1
29 309 1
309 29 1
29 57 1
57 253 1
253 29 1
29 57 1
57 1 1
1 169 1
169 113 1
113 57 1
57 169 1
169 113 1
113 57 1
57 281 1
281 57 1
57 281 1
281 309 1
309 29 1
29 309 1
309 1 1
1 29 1
29 309 1
309 29 1
29 309 1
309 29 1
29 309 1
309 29 1
29 57 1
57 253 1
253 29 1
29 57 1
57 253 1
253 29 1
29 309 1
