3567 3651 1
3651 3501 1
3501 263 1
263 3651 1
3651 3501 1
3501 67 1
67 3567 1
3567 3651 1
3651 3501 1
3501 263 1
263 3511 1
3511 3511 1
3511 3501 1
3501 67 1
67 3567 1
3567 3651 1
3651 3501 1
3501 141 1
141 197 1
197 57 1
57 151 1
151 3585 1
3585 57 1
57 253 1
253 291 1
291 3417 1
3417 151 1
151 3511 1
3511 3417 1
3417 151 1
151 3585 1
3585 57 1
57 253 1
253 291 1
291 3417 1
3417 151 1
151 3511 1
3511 3417 1
3417 11 1
11 3567 1
3567 3651 1
3651 3501 1
3501 263 1
263 3651 1
3651 3501 1
3501 67 1
67 3567 1
3567 3651 1
3651 3501 1
3501 141 1
141 197 1
197 57 1
57 151 1
151 3585 1
3585 57 1
57 253 1
253 291 1
291 3417 1
3417 151 1
151 3511 1
3511 3417 1
3417 151 1
151 3585 1
3585 57 1
57 253 1
253 291 1
291 3417 1
3417 141 1
141 281 1
281 253 1
253 225 1
225 141 1
141 123 1
123 3529 1
3529 197 1
197 85 1
85 113 1
113 57 1
57 281 1
281 57 1
57 141 1
141 123 1
123 3567 1
3567 3651 1
3651 3501 1
3501 67 1
67 3567 1
3567 3651 1
3651 3567 1
3567 3567 1
3567 3651 1
3651 3501 1
3501 207 1
207 3501 1
3501 207 1
207 3585 1
3585 57 1
57 253 1
253 291 1
291 3417 1
3417 151 1
151 3511 1
3511 3417 1
3417 151 1
151 3585 1
3585 57 1
57 253 1
253 291 1
291 3417 1
3417 151 1
151 3511 1
3511 3417 1
3417 151 1
151 3585 1
3585 57 1
57 253 1
253 291 1
291 3417 1
3417 151 1
151 3511 1
3511 3417 1
3417 151 1
151 3585 1
3585 57 1
57 253 1
253 291 1
291 3417 1
3417 151 1
151 3585 1
3585 309 1
