281 197 1
197 141 1
141 197 1
197 281 1
281 253 1
253 1 1
1 281 1
281 197 1
197 141 1
141 197 1
197 281 1
281 253 1
253 281 1
281 197 1
197 281 1
281 253 1
253 281 1
281 197 1
197 281 1
281 253 1
253 281 1
281 197 1
197 281 1
281 253 1
253 1 1
1 281 1
281 197 1
197 141 1
141 197 1
197 281 1
281 253 1
253 1 1
1 281 1
281 197 1
197 141 1
141 197 1
197 281 1
281 253 1
253 281 1
281 197 1
197 281 1
281 253 1
253 281 1
281 197 1
197 281 1
281 253 1
253 281 1
281 197 1
197 281 1
281 253 1
253 281 1
281 197 1
197 281 1
281 253 1
253 281 1
281 141 1
141 253 1
253 1 1
1 281 1
281 197 1
197 141 1
141 197 1
197 281 1
281 253 1
253 1 1
1 281 1
281 197 1
197 141 1
141 197 1
197 281 1
281 253 1
253 281 1
281 197 1
197 281 1
281 253 1
253 281 1
281 197 1
197 281 1
281 253 1
253 281 1
281 197 1
197 281 1
281 253 1
253 281 1
281 197 1
197 281 1
281 253 1
253 281 1
281 197 1
197 141 1
141 197 1
197 141 1
141 197 1
197 281 1
281 253 1
253 281 1
281 197 1
197 141 1
141 197 1
197 141 1
141 197 1
197 141 1
141 197 1
197 141 1
141 197 1
