3585 123 1
123 3585 1
3585 57 1
57 281 1
281 123 1
123 3641 1
3641 281 1
281 123 1
123 3641 1
3641 281 1
281 123 1
123 3641 1
3641 281 1
281 123 1
123 3585 1
3585 123 1
123 3585 1
3585 57 1
57 281 1
281 123 1
123 3585 1
3585 123 1
123 3585 1
3585 57 1
57 281 1
281 123 1
123 3641 1
3641 281 1
281 263 1
263 3567 1
3567 3641 1
3641 281 1
281 263 1
263 3567 1
3567 3641 1
3641 281 1
281 263 1
263 3567 1
3567 3641 1
3641 281 1
281 263 1
263 3567 1
3567 3585 1
3585 123 1
123 3585 1
3585 57 1
57 281 1
281 57 1
57 281 1
281 123 1
123 3641 1
3641 281 1
281 263 1
263 3567 1
3567 3641 1
3641 281 1
281 263 1
263 3567 1
3567 3641 1
3641 281 1
281 263 1
263 3567 1
3567 3641 1
3641 281 1
281 263 1
263 3567 1
3567 3585 1
3585 123 1
123 3585 1
3585 57 1
57 281 1
281 57 1
57 281 1
281 123 1
123 3641 1
3641 281 1
281 263 1
263 3567 1
3567 3641 1
3641 281 1
281 263 1
263 3567 1
3567 3641 1
3641 281 1
281 263 1
263 3567 1
