3445 197 1
197 281 1
281 1 1
1 123 1
123 3641 1
3641 67 1
67 3585 1
3585 123 1
123 3641 1
3641 67 1
67 3585 1
3585 123 1
123 3641 1
3641 67 1
67 3585 1
3585 123 1
123 3641 1
3641 67 1
67 3585 1
3585 123 1
123 3641 1
3641 67 1
67 3585 1
3585 123 1
123 3641 1
3641 1 1
1 1 1
1 1 1
1 1 1
1 281 1
281 197 1
197 197 1
197 67 1
67 3641 1
3641 281 1
281 197 1
197 197 1
197 67 1
67 3641 1
3641 281 1
281 57 1
57 281 1
281 57 1
57 67 1
67 3641 1
3641 67 1
67 3585 1
3585 1 1
1 1 1
1 1 1
1 123 1
123 3641 1
3641 67 1
67 3585 1
3585 123 1
123 3641 1
3641 67 1
67 3585 1
3585 123 1
123 3641 1
3641 67 1
67 3585 1
3585 123 1
123 3641 1
3641 67 1
67 3585 1
3585 123 1
123 3641 1
3641 1 1
1 1 1
1 1 1
1 1 1
1 281 1
281 197 1
197 197 1
197 67 1
67 3641 1
3641 281 1
281 197 1
197 197 1
197 67 1
67 3641 1
3641 281 1
281 57 1
57 281 1
281 57 1
57 281 1
281 197 1
197 197 1
197 67 1
67 3641 1
3641 281 1
281 57 1
57 67 1
67 3641 1
3641 281 1
281 197 1
197 197 1
197 67 1
67 3641 1
3641 281 1
281 197 1
197 197 1
197 281 1
281 1 1
1 197 1
197 197 1
197 67 1
67 3641 1
3641 281 1
281 197 1
197 197 1
197 67 1
67 3641 1
3641 281 1
281 197 1
197 197 1
197 67 1
67 3641 1
3641 281 1
281 57 1
57 281 1
281 57 1
57 67 1
67 3641 1
3641 67 1
67 3585 1
3585 123 1
123 3641 1
3641 281 1
281 1 1
1 1 1
1 1 1
