113 151 1
151 3641 1
3641 141 1
141 113 1
113 151 1
151 3641 1
3641 141 1
141 113 1
113 151 1
151 3641 1
3641 281 1
281 57 1
57 141 1
141 263 1
263 3585 1
3585 57 1
57 141 1
141 263 1
263 3585 1
3585 57 1
57 141 1
141 263 1
263 3585 1
3585 57 1
57 141 1
141 113 1
113 151 1
151 3641 1
3641 141 1
141 113 1
113 151 1
151 3641 1
3641 281 1
281 57 1
57 141 1
141 263 1
263 3585 1
3585 57 1
57 141 1
141 263 1
263 3585 1
3585 57 1
57 141 1
141 263 1
263 3585 1
3585 57 1
57 281 1
281 57 1
57 141 1
141 263 1
263 3585 1
3585 57 1
57 141 1
141 263 1
263 3585 1
3585 57 1
57 141 1
141 263 1
263 3585 1
3585 57 1
57 141 1
141 113 1
113 151 1
151 3641 1
3641 141 1
141 113 1
113 151 1
151 3641 1
3641 281 1
281 57 1
57 141 1
141 263 1
263 3585 1
3585 57 1
57 141 1
141 263 1
263 3585 1
3585 57 1
57 141 1
141 263 1
263 3585 1
3585 57 1
