319 3389 1
3389 319 1
319 3501 1
3501 151 1
151 3585 1
3585 57 1
57 141 1
141 197 1
197 197 1
197 85 1
85 197 1
197 1 1
1 319 1
319 3501 1
3501 151 1
151 3585 1
3585 57 1
57 141 1
141 197 1
197 197 1
197 85 1
85 197 1
197 319 1
319 3501 1
3501 151 1
151 3585 1
3585 57 1
57 141 1
141 319 1
319 3501 1
3501 151 1
151 3585 1
3585 57 1
57 141 1
141 1 1
1 319 1
319 3501 1
3501 151 1
151 3585 1
3585 57 1
57 141 1
141 197 1
197 197 1
197 85 1
85 197 1
197 57 1
57 85 1
85 197 1
197 1 1
1 319 1
319 3501 1
3501 151 1
151 3585 1
3585 57 1
57 1 1
1 197 1
