319 3501 1
3501 151 1
151 3371 1
3371 3585 1
3585 57 1
57 1 1
1 141 1
141 197 1
197 67 1
67 3501 1
3501 85 1
85 197 1
197 1 1
1 319 1
319 3501 1
3501 151 1
151 3371 1
3371 3585 1
3585 57 1
57 1 1
1 141 1
141 197 1
197 67 1
67 3501 1
3501 85 1
85 197 1
197 113 1
113 1 1
1 151 1
151 3641 1
3641 281 1
281 123 1
123 3641 1
3641 1 1
1 141 1
141 113 1
113 1 1
1 151 1
151 3641 1
3641 281 1
281 123 1
123 3641 1
3641 1 1
1 141 1
141 1 1
1 319 1
319 3501 1
3501 151 1
151 3371 1
3371 3585 1
3585 57 1
57 1 1
1 141 1
141 197 1
197 67 1
67 3501 1
3501 85 1
85 197 1
197 113 1
113 1 1
1 151 1
151 3641 1
3641 281 1
281 123 1
123 3641 1
3641 1 1
1 141 1
141 113 1
113 1 1
1 151 1
151 3641 1
3641 281 1
281 123 1
123 3641 1
3641 1 1
1 141 1
141 1 1
1 319 1
319 3501 1
3501 151 1
151 3371 1
3371 3585 1
3585 57 1
57 1 1
1 141 1
141 197 1
197 67 1
67 3501 1
3501 85 1
85 197 1
197 263 1
263 3501 1
3501 85 1
85 197 1
