3445 57 1
57 11 1
11 3501 1
3501 57 1
57 123 1
123 3511 1
3511 3511 1
3511 3501 1
3501 225 1
225 263 1
263 3445 1
3445 57 1
57 11 1
11 3567 1
3567 3641 1
3641 197 1
197 57 1
57 151 1
151 3445 1
3445 57 1
57 11 1
11 3567 1
3567 3641 1
3641 141 1
141 113 1
113 141 1
141 123 1
123 3511 1
3511 3567 1
3567 3651 1
3651 3501 1
3501 141 1
141 123 1
123 3511 1
3511 3567 1
3567 3651 1
3651 3501 1
3501 1 1
1 151 1
151 3445 1
3445 57 1
57 11 1
11 3567 1
3567 3641 1
3641 197 1
197 57 1
57 151 1
151 3445 1
3445 57 1
57 11 1
11 3567 1
3567 3641 1
3641 141 1
141 113 1
113 141 1
141 123 1
123 3511 1
3511 3567 1
3567 3651 1
3651 3501 1
3501 141 1
141 123 1
123 3511 1
3511 3567 1
3567 3651 1
3651 3501 1
3501 1 1
1 151 1
151 3445 1
3445 57 1
57 11 1
11 3567 1
3567 3641 1
3641 197 1
197 57 1
57 151 1
151 3445 1
3445 57 1
57 11 1
11 3567 1
3567 3641 1
3641 141 1
141 113 1
