309 151 1
151 3501 1
3501 151 1
151 3557 1
3557 85 1
85 123 1
123 3501 1
3501 1 1
1 151 1
151 3557 1
3557 85 1
85 123 1
123 3557 1
3557 151 1
151 3371 1
3371 3511 1
3511 3417 1
3417 151 1
151 3511 1
3511 3417 1
3417 151 1
151 3511 1
3511 3417 1
3417 151 1
151 3501 1
3501 151 1
151 3557 1
3557 85 1
85 123 1
123 3501 1
3501 1 1
1 151 1
151 3557 1
3557 85 1
85 123 1
123 3557 1
3557 151 1
151 3371 1
3371 3511 1
3511 3417 1
3417 151 1
151 3511 1
3511 3417 1
3417 151 1
151 3557 1
3557 85 1
85 123 1
123 3501 1
3501 1 1
1 151 1
151 3557 1
3557 85 1
85 123 1
123 3557 1
3557 151 1
151 3371 1
3371 3511 1
3511 3417 1
3417 151 1
151 3371 1
3371 3511 1
3511 3417 1
3417 151 1
151 3445 1
3445 151 1
151 3557 1
3557 85 1
85 123 1
123 3501 1
3501 1 1
1 151 1
151 3557 1
3557 85 1
85 123 1
123 3557 1
3557 151 1
151 3371 1
3371 3511 1
3511 3417 1
3417 151 1
151 3511 1
3511 3417 1
3417 151 1
151 3511 1
3511 3417 1
3417 151 1
151 3557 1
3557 85 1
85 123 1
123 3501 1
3501 1 1
1 151 1
151 3557 1
3557 85 1
85 123 1
123 3557 1
3557 151 1
151 3371 1
3371 3511 1
3511 3417 1
3417 151 1
151 3511 1
3511 3417 1
3417 151 1
151 3511 1
3511 3417 1
3417 151 1
151 3371 1
3371 3511 1
3511 3417 1
3417 151 1
