123 3361 1
3361 169 1
169 169 1
169 291 1
291 3641 1
3641 281 1
281 197 1
197 1 1
1 207 1
207 3417 1
3417 225 1
225 113 1
113 225 1
225 197 1
197 197 1
197 1 1
1 1 1
1 29 1
29 39 1
39 3641 1
3641 281 1
281 1 1
1 57 1
57 141 1
141 197 1
197 67 1
67 3641 1
3641 281 1
281 57 1
57 281 1
281 197 1
197 1 1
1 207 1
207 3371 1
3371 3613 1
3613 29 1
29 57 1
57 57 1
57 225 1
225 197 1
197 197 1
197 123 1
123 3585 1
3585 281 1
281 1 1
1 123 1
123 3371 1
3371 3585 1
3585 1 1
1 57 1
57 281 1
281 57 1
57 141 1
141 141 1
141 1 1
1 1 1
1 57 1
57 281 1
281 197 1
197 1 1
1 207 1
207 3371 1
3371 3613 1
3613 29 1
29 57 1
57 57 1
57 225 1
225 197 1
197 197 1
197 123 1
123 3361 1
3361 169 1
169 1 1
1 123 1
123 3371 1
3371 3585 1
3585 113 1
113 281 1
281 281 1
281 57 1
57 141 1
141 253 1
253 281 1
281 281 1
281 57 1
57 281 1
281 197 1
197 1 1
1 207 1
207 3371 1
3371 3417 1
3417 225 1
225 57 1
57 57 1
57 225 1
225 197 1
197 263 1
263 3585 1
3585 197 1
197 141 1
141 57 1
57 281 1
281 197 1
197 1 1
1 1 1
1 1 1
1 1 1
1 1 1
