3371 3501 1
3501 85 1
85 57 1
57 197 1
197 57 1
57 225 1
225 39 1
39 3511 1
3511 3511 1
3511 3501 1
3501 1 1
1 151 1
151 3371 1
3371 3501 1
3501 85 1
85 123 1
123 3641 1
3641 197 1
197 57 1
57 151 1
151 3371 1
3371 3501 1
3501 85 1
85 197 1
197 197 1
197 141 1
141 113 1
113 141 1
141 123 1
123 3511 1
3511 3567 1
3567 3651 1
3651 3501 1
3501 1 1
1 1 1
1 141 1
141 123 1
123 3511 1
3511 3567 1
3567 3651 1
3651 3501 1
3501 1 1
1 1 1
1 151 1
151 3371 1
3371 3501 1
3501 85 1
85 123 1
123 3641 1
3641 197 1
197 57 1
57 151 1
151 3371 1
3371 3501 1
3501 85 1
85 123 1
123 3641 1
3641 141 1
141 113 1
113 141 1
141 123 1
123 3511 1
3511 3567 1
3567 3651 1
3651 3501 1
3501 1 1
1 1 1
1 141 1
141 123 1
123 3511 1
3511 3567 1
3567 3651 1
3651 3501 1
3501 1 1
1 1 1
1 151 1
151 3371 1
3371 3501 1
3501 85 1
85 123 1
123 3641 1
3641 197 1
197 57 1
57 151 1
151 3371 1
3371 3501 1
3501 85 1
85 123 1
123 3641 1
3641 141 1
141 113 1
