197 1 1
1 57 1
57 85 1
85 197 1
197 1 1
1 57 1
57 85 1
85 197 1
197 1 1
1 141 1
141 11 1
11 3557 1
3557 1 1
1 57 1
57 85 1
85 197 1
197 141 1
141 197 1
197 1 1
1 57 1
57 85 1
85 197 1
197 1 1
1 57 1
57 85 1
85 197 1
197 1 1
1 141 1
141 11 1
11 3557 1
3557 1 1
1 57 1
57 85 1
85 197 1
197 141 1
141 197 1
197 67 1
67 3361 1
3361 85 1
85 197 1
197 57 1
57 141 1
141 1 1
1 141 1
141 57 1
57 85 1
85 197 1
197 1 1
1 57 1
57 85 1
85 197 1
197 1 1
1 141 1
141 11 1
11 3557 1
3557 1 1
1 57 1
57 85 1
85 197 1
197 141 1
141 197 1
197 67 1
67 3361 1
3361 85 1
85 197 1
197 57 1
57 141 1
141 1 1
1 141 1
141 57 1
57 85 1
85 197 1
197 1 1
1 57 1
57 85 1
85 197 1
197 1 1
1 141 1
141 11 1
11 3557 1
3557 1 1
1 57 1
57 85 1
85 197 1
197 141 1
141 197 1
197 1 1
1 57 1
57 85 1
85 197 1
