1 319 1
319 3501 1
3501 151 1
151 3371 1
3371 3585 1
3585 57 1
57 141 1
141 1 1
1 263 1
263 3501 1
3501 85 1
85 197 1
197 1 1
1 113 1
113 1 1
1 151 1
151 3567 1
3567 3389 1
3389 57 1
57 281 1
281 197 1
197 263 1
263 3501 1
3501 85 1
85 197 1
197 319 1
319 3501 1
3501 151 1
151 3371 1
3371 3585 1
3585 1 1
1 263 1
263 3501 1
3501 141 1
141 319 1
319 3501 1
3501 151 1
151 3371 1
3371 3585 1
3585 1 1
1 263 1
263 3501 1
3501 141 1
141 1 1
1 113 1
113 1 1
1 151 1
151 3567 1
3567 3389 1
3389 57 1
57 281 1
281 197 1
197 263 1
263 3501 1
3501 85 1
85 197 1
197 319 1
319 3501 1
3501 151 1
151 3371 1
3371 3585 1
3585 1 1
1 263 1
263 3501 1
3501 141 1
141 1 1
1 319 1
319 3501 1
3501 151 1
151 3371 1
3371 3585 1
3585 1 1
1 263 1
263 3501 1
3501 141 1
141 1 1
1 319 1
319 3501 1
3501 151 1
151 3371 1
3371 3585 1
3585 57 1
57 281 1
281 197 1
197 1 1
1 263 1
263 3501 1
3501 85 1
85 197 1
197 1 1
1 57 1
57 85 1
85 197 1
