207 3427 1
3427 3585 1
3585 113 1
113 225 1
225 197 1
197 197 1
197 123 1
123 3585 1
3585 207 1
207 3417 1
3417 151 1
151 3371 1
3371 3585 1
3585 1 1
1 57 1
57 141 1
141 263 1
263 3585 1
3585 57 1
57 281 1
281 197 1
197 85 1
85 123 1
123 3613 1
3613 29 1
29 113 1
113 225 1
225 197 1
197 197 1
197 123 1
123 3585 1
3585 207 1
207 3427 1
3427 3511 1
3511 3371 1
3371 3585 1
3585 1 1
1 57 1
57 141 1
141 263 1
263 3641 1
3641 281 1
281 57 1
57 281 1
281 197 1
197 197 1
197 123 1
123 3585 1
3585 207 1
207 3427 1
3427 3511 1
3511 3371 1
3371 3585 1
3585 1 1
1 57 1
57 141 1
141 263 1
263 3641 1
3641 281 1
281 57 1
57 281 1
281 197 1
197 263 1
263 3585 1
3585 197 1
197 141 1
141 57 1
57 67 1
67 3641 1
3641 123 1
123 3585 1
