1 1 1
1 1 1
1 225 1
225 113 1
113 1 1
1 1 1
1 1 1
1 1 1
1 1 1
1 1 1
1 225 1
225 113 1
113 1 1
1 1 1
1 1 1
1 1 1
1 1 1
1 1 1
1 151 1
151 3445 1
3445 141 1
141 57 1
57 141 1
141 141 1
141 57 1
57 197 1
197 197 1
197 141 1
141 141 1
141 57 1
57 141 1
141 141 1
141 57 1
57 141 1
141 141 1
141 57 1
57 197 1
197 1 1
1 1 1
1 1 1
1 1 1
1 1 1
1 1 1
1 225 1
225 113 1
113 1 1
1 1 1
1 1 1
1 1 1
1 225 1
225 141 1
141 57 1
57 141 1
141 141 1
141 57 1
57 197 1
197 197 1
197 141 1
141 141 1
141 57 1
57 141 1
141 141 1
141 57 1
57 141 1
141 141 1
141 57 1
57 1 1
1 197 1
197 281 1
281 141 1
141 57 1
57 141 1
141 141 1
141 57 1
57 141 1
141 141 1
141 57 1
57 1 1
1 197 1
