197 207 1
207 3501 1
3501 141 1
141 197 1
197 207 1
207 3501 1
3501 141 1
141 281 1
281 197 1
197 197 1
197 281 1
281 197 1
197 197 1
197 141 1
141 197 1
197 1 1
1 263 1
263 3501 1
3501 281 1
281 281 1
281 197 1
197 123 1
123 3501 1
3501 281 1
281 281 1
281 197 1
197 309 1
309 197 1
197 207 1
207 3501 1
3501 141 1
141 197 1
197 207 1
207 3501 1
3501 141 1
141 281 1
281 197 1
197 197 1
197 281 1
281 197 1
197 197 1
197 141 1
141 197 1
197 197 1
197 141 1
141 197 1
197 207 1
207 3501 1
3501 141 1
141 197 1
197 207 1
207 3501 1
3501 141 1
141 1 1
1 263 1
263 3511 1
3511 3641 1
3641 281 1
281 197 1
197 123 1
123 3511 1
3511 3641 1
3641 281 1
281 197 1
197 1 1
1 141 1
141 197 1
197 197 1
197 281 1
281 197 1
197 197 1
197 281 1
281 197 1
197 197 1
197 281 1
281 197 1
197 85 1
85 263 1
263 3557 1
