309 151 1
151 3501 1
3501 151 1
151 3371 1
3371 3669 1
3669 235 1
235 3567 1
3567 3501 1
3501 151 1
151 3371 1
3371 3669 1
3669 235 1
235 3567 1
3567 3557 1
3557 151 1
151 3371 1
3371 3585 1
3585 309 1
309 151 1
151 3585 1
3585 309 1
309 151 1
151 3511 1
3511 3417 1
3417 151 1
151 3501 1
3501 151 1
151 3371 1
3371 3669 1
3669 235 1
235 3567 1
3567 3501 1
3501 151 1
151 3371 1
3371 3669 1
3669 235 1
235 3567 1
3567 3557 1
3557 151 1
151 3371 1
3371 3585 1
3585 309 1
309 151 1
151 3585 1
3585 309 1
309 151 1
151 3445 1
3445 197 1
197 253 1
253 151 1
151 3445 1
3445 197 1
197 309 1
309 151 1
151 3445 1
3445 151 1
151 3371 1
3371 3669 1
3669 235 1
235 3567 1
3567 3501 1
3501 151 1
151 3371 1
3371 3669 1
3669 235 1
235 3567 1
3567 3557 1
3557 151 1
151 3371 1
3371 3585 1
3585 309 1
309 151 1
151 3585 1
3585 309 1
309 151 1
151 3371 1
3371 3557 1
3557 85 1
85 123 1
123 3501 1
3501 151 1
151 3557 1
3557 85 1
85 123 1
123 3557 1
3557 151 1
151 3371 1
3371 3585 1
3585 309 1
309 151 1
151 3585 1
3585 309 1
309 151 1
151 3371 1
3371 3585 1
3585 309 1
309 151 1
151 3371 1
3371 3585 1
3585 309 1
309 151 1
