67 3585 1
3585 57 1
57 263 1
263 3501 1
3501 225 1
225 319 1
319 3669 1
3669 113 1
113 169 1
169 309 1
309 197 1
197 263 1
263 3669 1
3669 113 1
113 169 1
169 309 1
309 197 1
197 67 1
67 3585 1
3585 57 1
57 263 1
263 3501 1
3501 225 1
225 57 1
57 263 1
263 3669 1
3669 113 1
113 169 1
169 309 1
309 197 1
197 263 1
263 3669 1
3669 113 1
113 169 1
169 309 1
309 197 1
197 67 1
67 3585 1
3585 57 1
57 263 1
263 3501 1
3501 225 1
225 57 1
57 263 1
263 3669 1
3669 113 1
113 169 1
169 309 1
309 197 1
197 263 1
263 3669 1
3669 113 1
113 169 1
169 309 1
309 197 1
197 67 1
67 3585 1
3585 57 1
57 263 1
263 3501 1
3501 225 1
225 57 1
57 263 1
263 3669 1
3669 113 1
113 169 1
169 309 1
309 197 1
197 263 1
263 3669 1
3669 113 1
113 169 1
169 309 1
309 197 1
197 67 1
67 3585 1
3585 57 1
57 263 1
263 3501 1
3501 225 1
225 57 1
57 67 1
67 3585 1
3585 57 1
57 263 1
263 3501 1
3501 225 1
225 57 1
57 67 1
67 3585 1
3585 57 1
57 263 1
263 3501 1
3501 225 1
225 319 1
319 3399 1
