29 39 1
39 3501 1
3501 141 1
141 29 1
29 39 1
39 3501 1
3501 141 1
141 29 1
29 39 1
39 3455 1
3455 3557 1
3557 123 1
123 3679 1
3679 3679 1
3679 3501 1
3501 141 1
141 67 1
67 3501 1
3501 141 1
141 29 1
29 39 1
39 3455 1
3455 3557 1
3557 123 1
123 3679 1
3679 3679 1
3679 3501 1
3501 141 1
141 1 1
1 141 1
141 11 1
11 3557 1
3557 253 1
253 151 1
151 3371 1
3371 3361 1
3361 141 1
141 1 1
1 141 1
141 29 1
29 39 1
39 3455 1
3455 3557 1
3557 123 1
123 3679 1
3679 3679 1
3679 3501 1
3501 141 1
141 67 1
67 3501 1
3501 141 1
141 29 1
29 39 1
39 3455 1
3455 3557 1
3557 123 1
123 3679 1
3679 3679 1
3679 3669 1
3669 309 1
309 1 1
1 141 1
141 11 1
11 3557 1
3557 253 1
253 151 1
151 3371 1
3371 3361 1
3361 141 1
141 1 1
1 141 1
141 29 1
29 39 1
39 3455 1
3455 3557 1
3557 123 1
123 3679 1
3679 3679 1
3679 3501 1
3501 141 1
141 1 1
1 197 1
197 309 1
309 29 1
29 141 1
141 225 1
225 113 1
113 1 1
1 1 1
