197 141 1
141 197 1
197 141 1
141 197 1
197 141 1
141 197 1
197 141 1
141 197 1
197 141 1
141 197 1
197 141 1
141 197 1
197 141 1
141 197 1
197 141 1
141 1 1
1 263 1
263 3585 1
3585 57 1
57 141 1
141 197 1
197 141 1
141 197 1
197 141 1
141 197 1
197 141 1
141 197 1
197 141 1
141 197 1
197 141 1
141 197 1
197 141 1
141 197 1
197 67 1
67 3585 1
3585 309 1
309 151 1
151 3585 1
3585 197 1
197 113 1
113 151 1
151 3585 1
3585 197 1
197 1 1
1 141 1
141 57 1
57 141 1
141 263 1
263 3585 1
3585 57 1
57 141 1
141 197 1
197 141 1
141 197 1
197 141 1
141 197 1
197 141 1
141 197 1
197 141 1
141 197 1
197 141 1
141 197 1
197 141 1
141 197 1
197 67 1
67 3585 1
3585 57 1
57 141 1
141 197 1
197 141 1
141 197 1
197 141 1
141 197 1
197 141 1
141 197 1
197 141 1
141 197 1
197 141 1
141 197 1
197 141 1
141 197 1
197 67 1
67 3585 1
3585 57 1
57 141 1
141 197 1
197 141 1
141 197 1
197 141 1
141 197 1
197 141 1
141 197 1
197 141 1
141 197 1
197 141 1
141 197 1
197 141 1
141 197 1
197 67 1
67 3585 1
3585 309 1
309 151 1
151 3585 1
3585 197 1
197 113 1
113 151 1
151 3585 1
3585 197 1
197 1 1
1 141 1
141 57 1
57 141 1
141 263 1
263 3585 1
3585 57 1
57 141 1
141 197 1
197 141 1
141 197 1
197 141 1
141 197 1
197 141 1
141 197 1
197 141 1
