3641 141 1
141 1 1
1 263 1
263 3445 1
3445 1 1
1 1 1
1 263 1
263 3445 1
3445 141 1
141 1 1
1 263 1
263 3445 1
3445 1 1
1 1 1
1 263 1
263 3445 1
3445 197 1
197 1 1
1 263 1
263 3445 1
3445 1 1
1 1 1
1 263 1
263 3445 1
3445 141 1
141 1 1
1 263 1
263 3445 1
3445 1 1
1 1 1
1 263 1
263 3445 1
3445 1 1
1 1 1
1 263 1
263 3445 1
3445 1 1
1 1 1
1 263 1
263 3445 1
3445 57 1
57 1 1
1 263 1
263 3445 1
3445 1 1
1 1 1
1 263 1
263 3445 1
3445 141 1
141 1 1
1 263 1
263 3445 1
3445 1 1
1 1 1
1 263 1
263 3445 1
3445 253 1
253 85 1
85 141 1
141 1 1
1 57 1
57 141 1
141 263 1
263 3445 1
3445 1 1
1 263 1
263 3445 1
3445 1 1
1 1 1
1 263 1
263 3445 1
3445 141 1
141 1 1
1 263 1
263 3445 1
3445 1 1
1 1 1
1 263 1
263 3445 1
3445 197 1
197 1 1
1 263 1
263 3445 1
3445 1 1
1 1 1
1 263 1
263 3445 1
3445 141 1
141 1 1
1 263 1
263 3445 1
3445 1 1
1 1 1
1 263 1
263 3445 1
3445 1 1
1 1 1
1 263 1
263 3445 1
3445 1 1
1 1 1
1 263 1
263 3445 1
3445 57 1
57 1 1
1 263 1
263 3445 1
3445 1 1
1 1 1
1 263 1
263 3445 1
3445 141 1
141 1 1
1 263 1
263 3445 1
3445 1 1
1 1 1
1 263 1
263 3445 1
3445 1 1
1 141 1
141 1 1
1 57 1
57 141 1
141 253 1
253 85 1
85 1 1
1 263 1
263 3445 1
3445 1 1
1 1 1
1 263 1
263 3445 1
3445 253 1
253 281 1
281 67 1
67 3445 1
3445 263 1
263 3641 1
3641 57 1
57 1 1
1 85 1
85 1 1
1 263 1
263 3445 1
3445 1 1
1 1 1
1 263 1
263 3445 1
3445 263 1
263 3445 1
