1 85 1
85 113 1
113 141 1
141 67 1
67 3445 1
3445 197 1
197 67 1
67 3371 1
3371 3445 1
3445 197 1
197 123 1
123 3371 1
3371 3445 1
3445 141 1
141 141 1
141 57 1
57 207 1
207 3371 1
3371 3445 1
3445 197 1
197 67 1
67 3371 1
3371 3445 1
3445 197 1
197 123 1
123 3371 1
3371 3445 1
3445 141 1
141 141 1
141 57 1
57 67 1
67 3501 1
3501 67 1
67 3641 1
3641 197 1
197 141 1
141 1 1
1 141 1
141 207 1
207 3445 1
3445 197 1
197 67 1
67 3371 1
3371 3445 1
3445 197 1
197 123 1
123 3445 1
3445 141 1
141 141 1
141 57 1
57 141 1
141 141 1
141 197 1
197 197 1
197 1 1
1 141 1
141 141 1
141 57 1
57 67 1
67 3501 1
3501 67 1
67 3641 1
3641 197 1
197 141 1
141 1 1
1 141 1
141 207 1
207 3445 1
3445 197 1
197 67 1
67 3445 1
3445 197 1
197 123 1
123 3445 1
3445 141 1
141 141 1
141 57 1
57 141 1
141 141 1
141 57 1
57 141 1
141 85 1
85 113 1
113 141 1
