3585 1 1
1 197 1
197 1 1
1 141 1
141 1 1
1 319 1
319 3511 1
3511 3511 1
3511 3501 1
3501 141 1
141 141 1
141 319 1
319 3511 1
3511 3511 1
3511 3501 1
3501 141 1
141 263 1
263 3585 1
3585 1 1
1 197 1
197 1 1
1 141 1
141 1 1
1 319 1
319 3511 1
3511 3511 1
3511 3501 1
3501 141 1
141 141 1
141 319 1
319 3511 1
3511 3511 1
3511 3501 1
3501 141 1
141 1 1
1 141 1
141 197 1
197 67 1
67 3501 1
3501 141 1
141 141 1
141 197 1
197 67 1
67 3501 1
3501 67 1
67 3585 1
3585 1 1
1 197 1
197 1 1
1 141 1
141 1 1
1 319 1
319 3511 1
3511 3511 1
3511 3501 1
3501 141 1
141 141 1
141 319 1
319 3511 1
3511 3511 1
3511 3501 1
3501 141 1
141 1 1
1 141 1
141 197 1
197 67 1
67 3501 1
3501 141 1
141 141 1
141 197 1
197 67 1
67 3501 1
3501 67 1
67 3585 1
3585 1 1
1 197 1
197 1 1
1 141 1
141 1 1
1 319 1
319 3511 1
3511 3511 1
3511 3501 1
3501 141 1
141 141 1
141 319 1
319 3511 1
3511 3511 1
3511 3501 1
3501 141 1
141 141 1
141 1 1
1 197 1
