85 11 1
11 3641 1
3641 281 1
281 309 1
309 141 1
141 11 1
11 3641 1
3641 281 1
281 309 1
309 141 1
141 263 1
263 3511 1
3511 3501 1
3501 281 1
281 57 1
57 281 1
281 57 1
57 151 1
151 3641 1
3641 281 1
281 309 1
309 141 1
141 11 1
11 3641 1
3641 281 1
281 309 1
309 141 1
141 1 1
1 67 1
67 3427 1
3427 3511 1
3511 3501 1
3501 85 1
85 57 1
57 281 1
281 57 1
57 281 1
281 57 1
57 151 1
151 3641 1
3641 281 1
281 309 1
309 141 1
141 1 1
1 11 1
11 3641 1
3641 281 1
281 309 1
309 141 1
141 1 1
1 263 1
263 3511 1
3511 3501 1
3501 281 1
281 57 1
57 281 1
281 57 1
57 151 1
151 3641 1
3641 281 1
281 309 1
309 141 1
141 11 1
11 3361 1
