141 85 1
85 1 1
1 113 1
113 141 1
141 67 1
67 3445 1
3445 197 1
197 67 1
67 3445 1
3445 197 1
197 123 1
123 3445 1
3445 141 1
141 141 1
141 57 1
57 207 1
207 3445 1
3445 197 1
197 67 1
67 3445 1
3445 197 1
197 123 1
123 3445 1
3445 141 1
141 141 1
141 57 1
57 141 1
141 1 1
1 263 1
263 3501 1
3501 67 1
67 3641 1
3641 207 1
207 3501 1
3501 1 1
1 141 1
141 207 1
207 3445 1
3445 197 1
197 67 1
67 3445 1
3445 197 1
197 123 1
123 3445 1
3445 141 1
141 141 1
141 57 1
57 141 1
141 141 1
141 57 1
57 141 1
141 1 1
1 263 1
263 3501 1
3501 67 1
67 3641 1
3641 207 1
207 3501 1
3501 1 1
1 141 1
141 207 1
207 3445 1
3445 197 1
197 67 1
67 3445 1
3445 197 1
197 123 1
123 3445 1
3445 141 1
141 141 1
141 57 1
57 141 1
141 141 1
141 57 1
57 1 1
1 141 1
141 85 1
85 1 1
1 113 1
113 141 1
141 253 1
