11 3361 1
3361 197 1
197 281 1
281 197 1
197 197 1
197 197 1
197 281 1
281 197 1
197 141 1
141 11 1
11 3361 1
3361 197 1
197 123 1
123 3389 1
3389 309 1
309 29 1
29 319 1
319 3389 1
3389 57 1
57 141 1
141 197 1
197 281 1
281 197 1
197 141 1
141 11 1
11 3361 1
3361 197 1
197 281 1
281 197 1
197 197 1
197 197 1
197 281 1
281 197 1
197 141 1
141 11 1
11 3361 1
3361 197 1
197 123 1
123 3389 1
3389 319 1
319 3389 1
3389 319 1
319 3389 1
3389 57 1
57 141 1
141 197 1
197 281 1
281 197 1
197 141 1
141 11 1
11 3361 1
3361 197 1
197 141 1
141 11 1
11 3361 1
3361 197 1
