1 1 1
1 57 1
57 1 1
1 1 1
1 85 1
85 1 1
1 1 1
1 197 1
197 1 1
1 1 1
1 1 1
1 57 1
57 85 1
85 197 1
197 1 1
1 57 1
57 85 1
85 197 1
197 263 1
263 3585 1
3585 123 1
123 3501 1
3501 281 1
281 57 1
57 85 1
85 197 1
197 1 1
1 57 1
57 85 1
85 197 1
197 1 1
1 57 1
57 85 1
85 197 1
197 263 1
263 3585 1
3585 123 1
123 3501 1
3501 281 1
281 57 1
57 85 1
85 197 1
197 197 1
197 67 1
67 3501 1
3501 85 1
85 57 1
57 141 1
141 57 1
57 85 1
85 197 1
197 1 1
1 57 1
57 85 1
85 197 1
197 263 1
263 3585 1
3585 123 1
123 3501 1
3501 281 1
281 57 1
57 85 1
85 197 1
197 197 1
197 67 1
67 3501 1
3501 85 1
85 57 1
57 141 1
141 57 1
57 85 1
85 197 1
197 1 1
1 57 1
57 85 1
85 197 1
197 263 1
263 3585 1
3585 123 1
123 3501 1
3501 281 1
281 57 1
57 85 1
85 197 1
197 141 1
141 197 1
197 141 1
141 197 1
197 1 1
1 1 1
1 1 1
1 57 1
57 1 1
1 1 1
1 85 1
85 1 1
1 1 1
1 197 1
