1 1 1
1 141 1
141 197 1
197 67 1
67 3567 1
3567 3641 1
3641 67 1
67 3501 1
3501 141 1
141 141 1
141 1 1
1 1 1
1 141 1
141 197 1
197 141 1
141 197 1
197 67 1
67 3567 1
3567 3641 1
3641 141 1
141 141 1
141 197 1
197 67 1
67 3567 1
3567 3641 1
3641 67 1
67 3501 1
3501 11 1
11 3641 1
3641 141 1
141 57 1
57 141 1
141 141 1
141 197 1
197 67 1
67 3445 1
3445 197 1
197 141 1
141 197 1
197 141 1
141 197 1
197 141 1
141 197 1
197 67 1
67 3567 1
3567 3641 1
3641 141 1
141 141 1
141 197 1
197 67 1
67 3567 1
3567 3641 1
3641 67 1
67 3501 1
3501 11 1
11 3641 1
3641 141 1
141 57 1
57 141 1
141 141 1
141 197 1
197 67 1
67 3445 1
3445 197 1
197 141 1
141 197 1
197 141 1
141 197 1
197 141 1
141 197 1
197 141 1
141 57 1
57 1 1
1 141 1
141 141 1
141 197 1
197 67 1
67 3567 1
3567 3641 1
3641 141 1
141 141 1
141 197 1
197 67 1
67 3567 1
3567 3641 1
3641 67 1
67 3501 1
3501 11 1
11 3641 1
3641 141 1
141 57 1
57 141 1
141 141 1
141 197 1
197 67 1
67 3445 1
3445 197 1
197 141 1
141 197 1
197 141 1
141 197 1
197 141 1
141 197 1
197 141 1
141 57 1
57 1 1
1 141 1
141 141 1
141 197 1
197 67 1
67 3567 1
3567 3641 1
3641 141 1
141 141 1
141 197 1
197 67 1
67 3567 1
3567 3641 1
3641 67 1
67 3501 1
3501 11 1
11 3641 1
3641 141 1
141 57 1
57 141 1
141 141 1
141 197 1
197 67 1
67 3445 1
3445 197 1
197 141 1
141 197 1
197 141 1
141 197 1
197 141 1
141 197 1
197 141 1
141 197 1
197 141 1
141 197 1
197 141 1
141 197 1
197 141 1
141 197 1
197 141 1
141 197 1
