123 3669 1
3669 309 1
309 11 1
11 3501 1
3501 141 1
141 67 1
67 3641 1
3641 141 1
141 197 1
197 67 1
67 3641 1
3641 141 1
141 179 1
179 3501 1
3501 207 1
207 3501 1
3501 151 1
151 3511 1
3511 3371 1
3371 3501 1
3501 141 1
141 67 1
67 3641 1
3641 141 1
141 197 1
197 67 1
67 3641 1
3641 141 1
141 179 1
179 3501 1
3501 207 1
207 3501 1
3501 151 1
151 3511 1
3511 3371 1
3371 3501 1
3501 85 1
85 141 1
141 263 1
263 3511 1
3511 3417 1
3417 151 1
151 3511 1
3511 3417 1
3417 141 1
141 67 1
67 3641 1
3641 141 1
141 197 1
197 67 1
67 3641 1
3641 141 1
141 179 1
179 3501 1
3501 207 1
207 3501 1
3501 151 1
151 3511 1
3511 3371 1
3371 3501 1
3501 85 1
85 141 1
141 263 1
263 3511 1
3511 3417 1
3417 151 1
151 3511 1
3511 3417 1
3417 141 1
141 67 1
67 3641 1
3641 141 1
141 197 1
197 67 1
67 3641 1
3641 141 1
141 179 1
179 3501 1
3501 207 1
207 3501 1
3501 151 1
151 3511 1
3511 3371 1
3371 3501 1
3501 1 1
1 141 1
141 67 1
67 3641 1
3641 141 1
141 197 1
197 67 1
67 3641 1
3641 141 1
141 197 1
