141 57 1
57 1 1
1 141 1
141 141 1
141 57 1
57 1 1
1 141 1
141 141 1
141 57 1
57 1 1
1 141 1
141 141 1
141 57 1
57 1 1
1 141 1
141 141 1
141 57 1
57 1 1
1 141 1
141 141 1
141 57 1
57 1 1
1 141 1
141 141 1
141 57 1
57 1 1
1 141 1
141 141 1
141 57 1
57 1 1
1 141 1
141 141 1
141 57 1
57 1 1
1 1 1
1 141 1
141 141 1
141 57 1
57 1 1
1 141 1
141 141 1
141 57 1
57 1 1
1 141 1
141 141 1
141 57 1
57 1 1
1 141 1
141 141 1
141 57 1
57 1 1
1 1 1
1 141 1
141 141 1
141 57 1
57 1 1
1 141 1
141 141 1
141 57 1
57 1 1
1 141 1
141 141 1
141 57 1
57 1 1
1 141 1
141 141 1
141 57 1
57 1 1
1 1 1
1 141 1
141 141 1
141 57 1
57 1 1
1 141 1
141 141 1
141 57 1
57 1 1
1 141 1
141 141 1
141 57 1
57 1 1
1 141 1
141 141 1
141 57 1
57 1 1
1 1 1
1 141 1
141 141 1
141 57 1
57 1 1
1 141 1
141 141 1
141 57 1
57 1 1
1 141 1
141 141 1
141 57 1
57 1 1
1 141 1
141 141 1
141 57 1
57 1 1
1 141 1
141 141 1
141 57 1
57 1 1
1 141 1
