3501 207 1
207 3501 1
3501 207 1
207 3585 1
3585 253 1
253 141 1
141 197 1
197 85 1
85 57 1
57 1 1
1 197 1
197 85 1
85 57 1
57 1 1
1 197 1
197 85 1
85 57 1
57 1 1
1 197 1
197 85 1
85 57 1
57 67 1
67 3501 1
3501 207 1
207 3501 1
3501 141 1
141 263 1
263 3511 1
3511 3585 1
3585 253 1
253 141 1
141 197 1
197 85 1
85 57 1
57 1 1
1 197 1
197 85 1
85 57 1
57 1 1
1 197 1
197 85 1
85 57 1
57 1 1
1 197 1
197 85 1
85 57 1
57 1 1
1 197 1
197 85 1
85 57 1
57 67 1
67 3501 1
3501 207 1
207 3501 1
3501 141 1
141 263 1
263 3511 1
3511 3585 1
3585 253 1
253 141 1
141 197 1
197 85 1
85 57 1
57 1 1
1 197 1
197 85 1
85 57 1
57 1 1
1 197 1
197 85 1
85 57 1
57 1 1
1 197 1
197 85 1
85 57 1
