3585 263 1
263 3501 1
3501 1 1
1 123 1
123 3511 1
3511 3585 1
3585 197 1
197 1 1
1 123 1
123 3511 1
3511 3585 1
3585 197 1
197 67 1
67 3371 1
3371 3585 1
3585 1 1
1 263 1
263 3371 1
3371 3501 1
3501 1 1
1 1 1
1 123 1
123 3511 1
3511 3585 1
3585 197 1
197 1 1
1 123 1
123 3511 1
3511 3585 1
3585 197 1
197 67 1
67 3371 1
3371 3585 1
3585 1 1
1 263 1
263 3371 1
3371 3501 1
3501 1 1
1 1 1
1 123 1
123 3511 1
3511 3585 1
3585 197 1
197 1 1
1 123 1
123 3511 1
3511 3585 1
3585 197 1
197 67 1
67 3371 1
3371 3585 1
3585 1 1
1 263 1
263 3371 1
3371 3501 1
3501 1 1
1 1 1
1 1 1
