141 253 1
253 11 1
11 3501 1
3501 225 1
225 197 1
197 57 1
57 141 1
141 253 1
253 281 1
281 1 1
1 67 1
67 3641 1
3641 197 1
197 141 1
141 141 1
141 57 1
57 141 1
141 141 1
141 57 1
57 141 1
141 141 1
141 253 1
253 281 1
281 1 1
1 67 1
67 3641 1
3641 197 1
197 141 1
141 197 1
197 141 1
141 141 1
141 57 1
57 141 1
141 141 1
141 57 1
57 141 1
141 141 1
141 253 1
253 281 1
281 1 1
1 67 1
67 3641 1
3641 197 1
197 141 1
141 197 1
197 225 1
225 197 1
197 197 1
197 197 1
197 197 1
197 225 1
225 197 1
197 197 1
197 197 1
197 197 1
197 225 1
225 197 1
197 197 1
197 197 1
197 197 1
197 225 1
225 197 1
197 197 1
197 197 1
197 197 1
197 225 1
225 197 1
197 197 1
197 197 1
197 197 1
197 225 1
225 197 1
197 197 1
197 197 1
197 197 1
197 141 1
141 197 1
197 141 1
141 141 1
141 57 1
57 141 1
141 141 1
141 57 1
57 141 1
141 141 1
141 253 1
253 281 1
281 1 1
1 67 1
67 3641 1
3641 197 1
197 141 1
141 141 1
141 253 1
253 281 1
281 1 1
1 67 1
67 3641 1
3641 197 1
197 141 1
141 141 1
141 197 1
197 67 1
67 3641 1
3641 197 1
197 141 1
141 141 1
141 253 1
253 281 1
281 141 1
141 263 1
263 3641 1
3641 197 1
197 225 1
225 197 1
197 197 1
197 197 1
