225 253 1
253 1 1
1 197 1
197 141 1
141 197 1
197 141 1
141 85 1
85 113 1
113 141 1
141 141 1
141 57 1
57 1 1
1 225 1
225 253 1
253 1 1
1 197 1
197 141 1
141 197 1
197 141 1
141 85 1
85 113 1
113 141 1
141 141 1
141 57 1
57 1 1
1 225 1
225 253 1
253 1 1
1 197 1
197 141 1
141 197 1
197 141 1
141 85 1
85 113 1
113 141 1
141 141 1
141 57 1
57 1 1
1 225 1
225 253 1
253 1 1
1 197 1
197 141 1
141 197 1
197 141 1
141 85 1
85 113 1
113 141 1
141 141 1
141 57 1
57 1 1
1 225 1
225 253 1
253 1 1
1 197 1
197 141 1
141 197 1
197 141 1
