3511 3501 1
3501 141 1
141 263 1
263 3585 1
3585 263 1
263 3585 1
3585 253 1
253 207 1
207 3501 1
3501 141 1
141 263 1
263 3585 1
3585 57 1
57 141 1
141 67 1
67 3501 1
3501 141 1
141 263 1
263 3585 1
3585 263 1
263 3585 1
3585 253 1
253 207 1
207 3501 1
3501 141 1
141 263 1
263 3585 1
3585 57 1
57 141 1
141 263 1
263 3669 1
3669 113 1
113 263 1
263 3669 1
3669 113 1
113 141 1
141 197 1
197 67 1
67 3501 1
3501 141 1
141 67 1
67 3501 1
3501 141 1
141 263 1
263 3371 1
3371 3371 1
3371 3585 1
3585 263 1
263 3585 1
3585 253 1
253 207 1
207 3501 1
3501 141 1
141 263 1
263 3585 1
3585 57 1
57 141 1
141 263 1
263 3669 1
3669 113 1
113 263 1
263 3669 1
3669 113 1
113 263 1
263 3445 1
3445 263 1
263 3445 1
