3567 3511 1
3511 3567 1
3567 3511 1
3511 3567 1
3567 3511 1
3511 3371 1
3371 3567 1
3567 3511 1
3511 3567 1
3567 3511 1
3511 3567 1
3567 3511 1
3511 3445 1
3445 123 1
123 3389 1
3389 141 1
141 319 1
319 3567 1
3567 3511 1
3511 3567 1
3567 3511 1
3511 3567 1
3567 3511 1
3511 3371 1
3371 3567 1
3567 3511 1
3511 3567 1
3567 3511 1
3511 3567 1
3567 3511 1
3511 3371 1
3371 3567 1
3567 3511 1
3511 3567 1
3567 3511 1
3511 3567 1
3567 3511 1
3511 3445 1
3445 123 1
123 3389 1
3389 141 1
141 319 1
319 3567 1
3567 3511 1
3511 3567 1
3567 3511 1
3511 3567 1
3567 3511 1
3511 3361 1
3361 141 1
141 253 1
253 141 1
141 141 1
141 141 1
141 253 1
253 309 1
309 319 1
319 3567 1
3567 3511 1
3511 3567 1
3567 3511 1
3511 3567 1
3567 3511 1
3511 3371 1
3371 3567 1
3567 3511 1
3511 3567 1
3567 3511 1
3511 3567 1
3567 3511 1
3511 3445 1
3445 123 1
123 3389 1
3389 141 1
141 319 1
319 3567 1
3567 3511 1
3511 3567 1
3567 3511 1
3511 3567 1
3567 3511 1
