263 3557 1
3557 291 1
291 3501 1
3501 1 1
1 141 1
141 263 1
263 3557 1
3557 85 1
85 1 1
1 141 1
141 197 1
197 281 1
281 57 1
57 281 1
281 197 1
197 1 1
1 263 1
263 3557 1
3557 291 1
291 3501 1
3501 1 1
1 141 1
141 263 1
263 3557 1
3557 291 1
291 3501 1
3501 1 1
1 141 1
141 197 1
197 281 1
281 57 1
57 281 1
281 197 1
197 1 1
1 263 1
263 3557 1
3557 291 1
291 3501 1
3501 1 1
1 141 1
141 263 1
263 3557 1
3557 291 1
291 3501 1
3501 1 1
1 141 1
141 197 1
197 281 1
281 57 1
57 281 1
281 197 1
197 1 1
1 197 1
