141 141 1
141 57 1
57 1 1
1 141 1
141 141 1
141 57 1
57 1 1
1 141 1
141 141 1
141 57 1
57 1 1
1 141 1
141 141 1
141 57 1
57 1 1
1 141 1
141 141 1
141 57 1
57 1 1
1 141 1
141 141 1
141 57 1
57 1 1
1 141 1
141 141 1
141 57 1
57 1 1
1 141 1
141 141 1
141 57 1
57 1 1
1 1 1
1 141 1
141 141 1
141 57 1
57 1 1
1 141 1
141 141 1
141 57 1
57 1 1
1 141 1
141 141 1
141 57 1
57 1 1
1 141 1
141 141 1
141 57 1
57 1 1
1 1 1
1 141 1
141 141 1
141 57 1
57 1 1
1 141 1
141 141 1
141 57 1
57 1 1
1 141 1
141 141 1
141 57 1
57 1 1
1 141 1
141 141 1
141 57 1
57 1 1
1 1 1
1 1 1
1 141 1
141 141 1
141 57 1
57 1 1
1 141 1
141 141 1
141 57 1
57 1 1
1 141 1
141 141 1
141 57 1
57 1 1
1 141 1
141 141 1
141 57 1
57 1 1
1 1 1
1 141 1
141 141 1
141 57 1
57 1 1
1 141 1
141 141 1
141 57 1
57 1 1
1 141 1
141 141 1
141 57 1
57 1 1
1 141 1
141 141 1
141 57 1
57 1 1
1 1 1
1 141 1
141 141 1
141 57 1
57 1 1
1 281 1
281 1 1
1 1 1
1 1 1
1 1 1
1 197 1
197 1 1
