197 141 1
141 1 1
1 197 1
197 281 1
281 57 1
57 141 1
141 141 1
141 197 1
197 197 1
197 141 1
141 1 1
1 1 1
1 1 1
1 141 1
141 1 1
1 197 1
197 197 1
197 141 1
141 1 1
1 197 1
197 281 1
281 57 1
57 141 1
141 141 1
141 197 1
197 1 1
1 1 1
1 1 1
1 1 1
1 141 1
141 1 1
1 197 1
197 197 1
197 141 1
141 263 1
263 3501 1
3501 85 1
85 57 1
57 141 1
141 197 1
197 281 1
281 57 1
57 141 1
141 141 1
141 197 1
197 1 1
1 197 1
197 281 1
281 57 1
57 141 1
141 141 1
141 197 1
197 263 1
263 3501 1
3501 85 1
85 57 1
57 141 1
141 197 1
197 281 1
281 57 1
57 141 1
141 141 1
141 197 1
197 1 1
1 1 1
1 1 1
1 1 1
1 141 1
141 1 1
1 197 1
197 197 1
197 141 1
141 1 1
1 197 1
197 281 1
281 57 1
57 141 1
141 141 1
141 197 1
197 1 1
