197 281 1
281 197 1
197 141 1
141 11 1
11 3557 1
3557 197 1
197 141 1
141 197 1
197 281 1
281 197 1
197 67 1
67 3455 1
3455 3557 1
3557 123 1
123 3389 1
3389 319 1
319 3389 1
3389 319 1
319 3389 1
3389 57 1
57 1 1
1 1 1
1 141 1
141 197 1
197 281 1
281 197 1
197 141 1
141 11 1
11 3557 1
3557 197 1
197 141 1
141 197 1
197 281 1
281 197 1
197 67 1
67 3455 1
3455 3557 1
3557 123 1
123 3389 1
3389 319 1
319 3389 1
3389 319 1
319 3389 1
3389 57 1
57 1 1
1 1 1
1 141 1
141 197 1
197 281 1
281 197 1
197 67 1
67 3455 1
3455 3557 1
