197 141 1
141 1 1
1 281 1
281 29 1
29 29 1
29 263 1
263 3585 1
3585 57 1
57 141 1
141 1 1
1 263 1
263 3371 1
3371 3585 1
3585 57 1
57 141 1
141 1 1
1 263 1
263 3371 1
3371 3585 1
3585 57 1
57 67 1
67 3371 1
3371 3585 1
3585 57 1
57 141 1
141 1 1
1 263 1
263 3371 1
3371 3585 1
3585 57 1
57 141 1
141 1 1
1 1 1
1 263 1
263 3371 1
3371 3585 1
3585 57 1
57 141 1
141 1 1
1 263 1
263 3371 1
3371 3585 1
3585 57 1
57 67 1
67 3371 1
3371 3585 1
3585 57 1
57 141 1
141 1 1
1 263 1
263 3371 1
3371 3585 1
3585 57 1
57 141 1
141 141 1
141 263 1
263 3585 1
3585 57 1
57 141 1
141 263 1
263 3585 1
3585 57 1
57 141 1
141 57 1
57 141 1
141 263 1
263 3371 1
3371 3585 1
3585 57 1
57 141 1
141 1 1
1 263 1
263 3371 1
3371 3585 1
3585 57 1
57 67 1
67 3371 1
3371 3585 1
3585 57 1
57 141 1
141 1 1
1 263 1
263 3371 1
3371 3585 1
3585 57 1
57 67 1
67 3371 1
3371 3585 1
3585 57 1
57 67 1
67 3371 1
3371 3585 1
3585 57 1
57 141 1
141 197 1
197 141 1
