1 141 1
141 141 1
141 281 1
281 57 1
57 197 1
197 141 1
141 281 1
281 57 1
57 197 1
197 85 1
85 57 1
57 197 1
197 141 1
141 29 1
29 29 1
29 141 1
141 141 1
141 281 1
281 57 1
57 197 1
197 141 1
141 281 1
281 57 1
57 197 1
197 85 1
85 57 1
57 197 1
197 1 1
1 1 1
1 1 1
1 141 1
141 197 1
197 1 1
1 1 1
1 1 1
1 141 1
141 197 1
197 85 1
85 309 1
309 141 1
141 281 1
281 197 1
197 141 1
141 29 1
29 29 1
29 141 1
141 141 1
141 281 1
281 57 1
57 197 1
197 141 1
141 281 1
281 57 1
57 197 1
197 85 1
85 57 1
57 1 1
1 197 1
197 1 1
1 1 1
1 1 1
1 1 1
1 141 1
141 197 1
197 1 1
1 1 1
1 1 1
1 141 1
141 197 1
197 85 1
85 309 1
309 141 1
141 281 1
281 197 1
197 141 1
141 29 1
29 29 1
29 141 1
141 141 1
141 281 1
281 57 1
57 197 1
197 141 1
141 281 1
281 57 1
57 197 1
197 85 1
85 57 1
57 1 1
1 197 1
197 141 1
141 29 1
29 29 1
29 141 1
