123 3511 1
3511 3585 1
3585 123 1
123 3585 1
3585 197 1
197 123 1
123 3511 1
3511 3585 1
3585 141 1
141 319 1
319 3371 1
3371 3585 1
3585 141 1
141 319 1
319 3585 1
3585 197 1
197 123 1
123 3511 1
3511 3585 1
3585 123 1
123 3585 1
3585 197 1
197 123 1
123 3511 1
3511 3585 1
3585 141 1
141 319 1
319 3371 1
3371 3585 1
3585 197 1
197 123 1
123 3511 1
3511 3585 1
3585 123 1
123 3585 1
3585 197 1
197 123 1
123 3511 1
3511 3585 1
3585 141 1
141 319 1
319 3371 1
3371 3585 1
3585 1 1
1 319 1
319 3585 1
3585 263 1
263 3361 1
3361 281 1
281 1 1
1 1 1
1 1 1
1 57 1
57 67 1
67 3641 1
3641 67 1
67 3501 1
3501 141 1
141 281 1
281 1 1
1 1 1
1 1 1
1 57 1
57 67 1
67 3501 1
3501 141 1
141 67 1
67 3455 1
3455 3445 1
3445 197 1
197 197 1
197 57 1
57 281 1
281 281 1
281 57 1
57 141 1
141 1 1
1 123 1
123 3511 1
3511 3585 1
3585 123 1
123 3585 1
3585 197 1
197 123 1
123 3511 1
3511 3585 1
3585 141 1
141 319 1
319 3371 1
3371 3585 1
3585 1 1
1 319 1
319 3585 1
3585 67 1
67 3557 1
