3501 141 1
141 263 1
263 3585 1
3585 263 1
263 3585 1
3585 253 1
253 207 1
207 3501 1
3501 141 1
141 263 1
263 3585 1
3585 57 1
57 141 1
141 67 1
67 3501 1
3501 141 1
141 263 1
263 3585 1
3585 263 1
263 3585 1
3585 253 1
253 207 1
207 3501 1
3501 141 1
141 263 1
263 3585 1
3585 57 1
57 141 1
141 263 1
263 3557 1
3557 225 1
225 263 1
263 3557 1
3557 225 1
225 67 1
67 3501 1
3501 141 1
141 263 1
263 3585 1
3585 263 1
263 3585 1
3585 253 1
253 207 1
207 3501 1
3501 141 1
141 263 1
263 3585 1
3585 57 1
57 141 1
141 263 1
263 3557 1
3557 225 1
225 263 1
263 3557 1
3557 225 1
