3371 3585 1
3585 1 1
1 253 1
253 141 1
141 1 1
1 123 1
123 3511 1
3511 3585 1
3585 141 1
141 57 1
57 123 1
123 3511 1
3511 3585 1
3585 141 1
141 57 1
57 67 1
67 3371 1
3371 3585 1
3585 1 1
1 253 1
253 141 1
141 123 1
123 3511 1
3511 3585 1
3585 141 1
141 57 1
57 123 1
123 3511 1
3511 3585 1
3585 141 1
141 57 1
57 67 1
67 3371 1
3371 3585 1
3585 1 1
1 253 1
253 141 1
141 1 1
1 123 1
123 3511 1
3511 3585 1
3585 141 1
141 57 1
57 123 1
123 3511 1
3511 3585 1
3585 141 1
141 57 1
57 67 1
67 3371 1
3371 3585 1
3585 1 1
1 253 1
253 141 1
141 263 1
263 3445 1
3445 1 1
1 1 1
1 207 1
207 3585 1
3585 253 1
253 281 1
281 1 1
1 123 1
123 3511 1
3511 3585 1
3585 141 1
141 57 1
57 123 1
123 3511 1
3511 3585 1
3585 141 1
141 57 1
57 67 1
67 3585 1
3585 253 1
253 141 1
141 123 1
123 3511 1
3511 3585 1
3585 141 1
141 57 1
57 123 1
123 3511 1
3511 3585 1
3585 141 1
141 57 1
57 67 1
67 3585 1
3585 253 1
253 141 1
141 1 1
1 123 1
123 3511 1
3511 3585 1
3585 141 1
141 57 1
57 123 1
123 3511 1
3511 3585 1
3585 141 1
141 57 1
57 67 1
67 3585 1
3585 253 1
253 141 1
141 263 1
263 3445 1
3445 263 1
