197 281 1
281 197 1
197 141 1
141 11 1
11 3557 1
3557 1 1
1 197 1
197 281 1
281 197 1
197 141 1
141 11 1
11 3557 1
3557 123 1
123 3389 1
3389 319 1
319 3389 1
3389 319 1
319 3389 1
3389 1 1
1 57 1
57 141 1
141 197 1
197 281 1
281 197 1
197 141 1
141 11 1
11 3557 1
3557 1 1
1 197 1
197 281 1
281 197 1
197 141 1
141 11 1
11 3557 1
3557 123 1
123 3389 1
3389 319 1
319 3389 1
3389 319 1
319 3389 1
3389 1 1
1 57 1
57 141 1
141 197 1
197 281 1
281 197 1
197 141 1
141 11 1
11 3557 1
3557 123 1
123 3389 1
3389 319 1
319 3389 1
3389 319 1
319 3389 1
3389 1 1
1 57 1
57 141 1
141 197 1
197 281 1
281 197 1
197 141 1
141 11 1
11 3557 1
3557 141 1
141 11 1
11 3557 1
3557 141 1
141 11 1
11 3557 1
