141 253 1
253 141 1
141 141 1
141 141 1
141 253 1
253 141 1
141 141 1
141 141 1
141 253 1
253 141 1
141 141 1
141 141 1
141 253 1
253 141 1
141 141 1
141 197 1
197 1 1
1 141 1
141 1 1
1 197 1
197 1 1
1 141 1
141 1 1
1 141 1
141 253 1
253 141 1
141 141 1
141 141 1
141 197 1
197 197 1
197 1 1
1 141 1
141 1 1
1 197 1
197 1 1
1 141 1
141 1 1
1 141 1
141 253 1
253 141 1
141 141 1
141 141 1
141 253 1
253 141 1
141 141 1
141 197 1
197 1 1
1 141 1
141 1 1
1 197 1
197 1 1
1 141 1
141 1 1
1 197 1
197 1 1
1 141 1
141 1 1
1 197 1
197 1 1
1 141 1
