3371 3427 1
3427 3501 1
3501 29 1
29 123 1
123 3585 1
3585 1 1
1 141 1
141 1 1
1 319 1
319 3371 1
3371 3427 1
3427 3501 1
3501 29 1
29 123 1
123 3585 1
3585 1 1
1 141 1
141 1 1
1 319 1
319 3371 1
3371 3427 1
3427 3501 1
3501 29 1
29 123 1
123 3585 1
3585 1 1
1 141 1
141 1 1
1 113 1
113 57 1
57 1 1
1 151 1
151 3371 1
3371 3427 1
3427 3501 1
3501 29 1
29 123 1
123 3585 1
3585 1 1
1 141 1
141 1 1
1 319 1
319 3371 1
3371 3427 1
3427 3501 1
3501 29 1
29 123 1
123 3585 1
3585 1 1
1 141 1
141 1 1
1 319 1
319 3427 1
3427 3501 1
3501 29 1
29 1 1
1 1 1
1 141 1
141 1 1
1 197 1
197 253 1
