1 1 1
1 141 1
141 253 1
253 141 1
141 67 1
67 3371 1
3371 3371 1
3371 3501 1
3501 85 1
85 141 1
141 29 1
29 29 1
29 1 1
1 1 1
1 1 1
1 141 1
141 253 1
253 141 1
141 67 1
67 3371 1
3371 3371 1
3371 3501 1
3501 85 1
85 141 1
141 29 1
29 281 1
281 1 1
1 1 1
1 1 1
1 141 1
141 141 1
141 57 1
57 1 1
1 1 1
1 1 1
1 141 1
141 141 1
141 141 1
141 1 1
1 1 1
1 1 1
1 141 1
141 253 1
253 141 1
141 67 1
67 3371 1
3371 3371 1
3371 3501 1
3501 85 1
85 141 1
141 29 1
29 29 1
29 225 1
225 1 1
1 1 1
1 141 1
141 253 1
253 1 1
1 141 1
141 67 1
67 3399 1
3399 3679 1
3679 3501 1
3501 85 1
85 281 1
281 113 1
113 57 1
57 1 1
1 263 1
263 3585 1
3585 141 1
141 57 1
57 1 1
1 1 1
1 263 1
263 3585 1
3585 141 1
141 141 1
