123 3371 1
3371 3371 1
3371 3585 1
3585 123 1
123 3585 1
3585 123 1
123 3371 1
3371 3585 1
3585 123 1
123 3585 1
3585 123 1
123 3371 1
3371 3371 1
3371 3585 1
3585 123 1
123 3371 1
3371 3371 1
3371 3585 1
3585 123 1
123 3371 1
3371 3585 1
3585 123 1
123 3585 1
3585 123 1
123 3371 1
3371 3371 1
3371 3585 1
3585 123 1
123 3371 1
3371 3371 1
3371 3585 1
3585 123 1
123 3585 1
3585 123 1
123 3585 1
3585 123 1
123 3371 1
3371 3585 1
3585 123 1
123 3585 1
3585 123 1
123 3371 1
3371 3371 1
3371 3585 1
3585 123 1
123 3371 1
3371 3371 1
3371 3585 1
3585 123 1
