253 151 1
151 3501 1
3501 141 1
141 197 1
197 141 1
141 253 1
253 151 1
151 3501 1
3501 141 1
141 197 1
197 197 1
197 141 1
141 141 1
141 57 1
57 141 1
141 207 1
207 3501 1
3501 141 1
141 1 1
1 253 1
253 151 1
151 3501 1
3501 141 1
141 197 1
197 197 1
197 1 1
1 281 1
281 57 1
57 11 1
11 3501 1
3501 141 1
141 197 1
197 197 1
197 141 1
141 141 1
141 57 1
57 141 1
141 207 1
207 3501 1
3501 141 1
141 1 1
1 253 1
253 151 1
151 3501 1
3501 141 1
141 197 1
197 141 1
141 253 1
253 151 1
151 3501 1
3501 141 1
141 197 1
197 197 1
197 141 1
141 141 1
141 57 1
57 141 1
141 207 1
207 3501 1
3501 141 1
