197 1 1
1 57 1
57 85 1
85 197 1
197 1 1
1 57 1
57 85 1
85 197 1
197 1 1
1 141 1
141 11 1
11 3557 1
3557 1 1
1 57 1
57 85 1
85 197 1
197 141 1
141 197 1
197 1 1
1 57 1
57 85 1
85 197 1
197 1 1
1 57 1
57 85 1
85 197 1
197 1 1
1 141 1
141 11 1
11 3557 1
3557 1 1
1 57 1
57 85 1
85 197 1
197 141 1
141 197 1
197 141 1
141 11 1
11 3557 1
3557 57 1
57 141 1
141 1 1
1 141 1
141 57 1
57 85 1
85 197 1
197 1 1
1 57 1
57 85 1
85 197 1
197 1 1
1 141 1
141 11 1
11 3557 1
3557 1 1
1 57 1
57 85 1
85 197 1
197 141 1
141 197 1
197 141 1
141 11 1
11 3557 1
3557 57 1
57 141 1
141 1 1
1 141 1
141 57 1
57 85 1
85 197 1
197 1 1
1 57 1
57 85 1
85 197 1
197 1 1
1 141 1
141 11 1
11 3557 1
3557 1 1
1 57 1
57 85 1
85 197 1
197 141 1
141 197 1
197 1 1
1 57 1
57 85 1
85 197 1
197 1 1
1 197 1
197 281 1
281 197 1
197 1 1
1 197 1
197 281 1
281 197 1
197 1 1
1 141 1
141 11 1
11 3557 1
3557 1 1
1 197 1
197 1 1
1 141 1
141 1 1
1 1 1
1 11 1
11 3361 1
3361 197 1
197 141 1
141 1 1
1 1 1
1 11 1
11 3361 1
3361 197 1
197 1 1
1 1 1
1 141 1
141 57 1
57 1 1
1 141 1
141 1 1
1 141 1
141 197 1
197 281 1
281 197 1
197 1 1
1 197 1
197 281 1
281 197 1
197 151 1
151 3557 1
3557 11 1
11 3361 1
3361 197 1
