123 3651 1
3651 3501 1
3501 141 1
141 123 1
123 3651 1
3651 3455 1
3455 3557 1
3557 197 1
197 281 1
281 197 1
197 197 1
197 281 1
281 197 1
197 1 1
1 123 1
123 3651 1
3651 3501 1
3501 141 1
141 123 1
123 3651 1
3651 3501 1
3501 141 1
141 197 1
197 281 1
281 197 1
197 197 1
197 281 1
281 197 1
197 1 1
1 123 1
123 3651 1
3651 3455 1
3455 3557 1
3557 123 1
123 3651 1
3651 3501 1
3501 141 1
141 197 1
197 281 1
281 197 1
197 197 1
197 281 1
281 197 1
197 1 1
1 1 1
1 123 1
123 3651 1
3651 3501 1
3501 291 1
