123 3501 1
3501 151 1
151 3371 1
3371 3371 1
3371 3371 1
3371 3371 1
3371 3371 1
3371 3501 1
3501 1 1
1 1 1
1 1 1
1 141 1
141 1 1
1 1 1
1 197 1
197 1 1
1 1 1
1 141 1
141 123 1
123 3501 1
3501 1 1
1 1 1
1 151 1
151 3371 1
3371 3371 1
3371 3371 1
3371 3371 1
3371 3371 1
3371 3501 1
3501 1 1
1 1 1
1 1 1
1 1 1
1 141 1
141 1 1
1 1 1
1 197 1
197 197 1
197 141 1
141 1 1
1 1 1
1 1 1
1 141 1
141 1 1
1 1 1
1 1 1
1 57 1
57 1 1
1 1 1
1 141 1
141 1 1
1 1 1
1 207 1
207 3501 1
3501 141 1
141 1 1
1 113 1
113 151 1
151 3445 1
3445 141 1
141 1 1
1 1 1
1 1 1
1 197 1
197 1 1
1 123 1
123 3501 1
3501 1 1
1 1 1
1 151 1
151 3371 1
3371 3371 1
3371 3371 1
3371 3371 1
3371 3371 1
3371 3501 1
3501 1 1
1 1 1
1 1 1
1 1 1
1 141 1
141 1 1
1 1 1
1 197 1
197 1 1
1 141 1
141 123 1
123 3501 1
3501 151 1
151 3371 1
3371 3371 1
3371 3371 1
3371 3371 1
3371 3371 1
3371 3501 1
3501 1 1
1 1 1
1 1 1
1 1 1
1 141 1
141 1 1
1 1 1
1 197 1
197 197 1
197 141 1
141 1 1
1 1 1
1 1 1
1 141 1
141 1 1
1 1 1
1 1 1
1 57 1
57 1 1
1 1 1
1 141 1
141 1 1
1 1 1
1 1 1
1 207 1
207 3371 1
3371 3501 1
3501 141 1
141 1 1
1 1 1
1 1 1
1 57 1
57 1 1
1 1 1
1 141 1
141 1 1
1 1 1
1 207 1
207 3501 1
3501 141 1
141 1 1
1 113 1
113 151 1
151 3445 1
3445 141 1
141 1 1
1 197 1
197 123 1
123 3501 1
3501 1 1
1 1 1
1 151 1
151 3371 1
3371 3371 1
3371 3371 1
3371 3371 1
3371 3371 1
3371 3501 1
3501 1 1
1 1 1
1 1 1
1 1 1
1 141 1
141 1 1
1 1 1
1 197 1
197 1 1
1 1 1
1 141 1
141 123 1
123 3501 1
3501 151 1
151 3371 1
3371 3371 1
3371 3371 1
3371 3371 1
3371 3371 1
3371 3501 1
3501 1 1
1 1 1
1 1 1
1 1 1
1 141 1
141 1 1
1 1 1
1 197 1
197 197 1
197 141 1
141 1 1
1 1 1
1 141 1
141 1 1
1 1 1
1 1 1
1 57 1
57 141 1
141 1 1
1 1 1
1 207 1
207 3371 1
3371 3501 1
3501 141 1
141 1 1
1 1 1
1 1 1
1 57 1
57 1 1
1 1 1
1 141 1
141 207 1
207 3501 1
3501 141 1
141 1 1
1 113 1
113 151 1
151 3445 1
3445 141 1
141 197 1
