123 3669 1
3669 319 1
319 3501 1
3501 141 1
141 67 1
67 3427 1
3427 3585 1
3585 67 1
67 3427 1
3427 3389 1
3389 179 1
179 3501 1
3501 207 1
207 3501 1
3501 151 1
151 3511 1
3511 3371 1
3371 3641 1
3641 67 1
67 3427 1
3427 3389 1
3389 197 1
197 67 1
67 3427 1
3427 3389 1
3389 179 1
179 3501 1
3501 207 1
207 3501 1
3501 151 1
151 3511 1
3511 3371 1
3371 3501 1
3501 85 1
85 141 1
141 263 1
263 3511 1
3511 3417 1
3417 151 1
151 3511 1
3511 3417 1
3417 141 1
141 67 1
67 3427 1
3427 3389 1
3389 197 1
197 67 1
67 3427 1
3427 3389 1
3389 179 1
179 3501 1
3501 207 1
207 3501 1
3501 151 1
151 3511 1
3511 3371 1
3371 3501 1
3501 85 1
85 141 1
141 263 1
263 3511 1
3511 3417 1
3417 151 1
151 3511 1
3511 3417 1
3417 141 1
141 67 1
67 3427 1
3427 3389 1
3389 197 1
197 67 1
67 3427 1
3427 3389 1
3389 179 1
179 3501 1
3501 207 1
207 3501 1
3501 151 1
151 3511 1
3511 3371 1
3371 3501 1
3501 141 1
141 67 1
67 3427 1
3427 3389 1
3389 197 1
197 67 1
67 3427 1
3427 3389 1
3389 197 1
197 67 1
67 3557 1
