1 1 1
1 141 1
141 263 1
263 3511 1
3511 3501 1
3501 141 1
141 113 1
113 291 1
291 3501 1
3501 141 1
141 113 1
113 291 1
291 3501 1
3501 141 1
141 263 1
263 3511 1
3511 3501 1
3501 141 1
141 113 1
113 291 1
291 3501 1
3501 141 1
141 113 1
113 291 1
291 3501 1
3501 141 1
141 263 1
263 3511 1
3511 3501 1
3501 207 1
207 3585 1
3585 141 1
141 141 1
141 197 1
197 1 1
1 141 1
141 141 1
141 309 1
309 113 1
113 291 1
291 3501 1
3501 141 1
141 113 1
113 291 1
291 3501 1
3501 141 1
141 263 1
263 3511 1
3511 3501 1
3501 207 1
207 3585 1
3585 141 1
141 141 1
141 197 1
197 1 1
1 141 1
141 141 1
141 309 1
309 113 1
113 291 1
291 3501 1
3501 141 1
141 113 1
113 291 1
291 3501 1
3501 141 1
141 263 1
263 3511 1
3511 3501 1
3501 207 1
207 3585 1
3585 197 1
197 197 1
