1 263 1
263 3595 1
3595 3557 1
3557 1 1
1 263 1
263 3669 1
3669 113 1
113 1 1
1 263 1
263 3669 1
3669 113 1
113 1 1
1 263 1
263 3669 1
3669 113 1
113 1 1
1 263 1
263 3595 1
3595 3371 1
3371 3585 1
3585 57 1
57 141 1
141 141 1
141 57 1
57 197 1
197 197 1
197 141 1
141 141 1
141 57 1
57 141 1
141 141 1
141 57 1
57 141 1
141 141 1
141 57 1
57 1 1
1 197 1
197 1 1
1 263 1
263 3669 1
3669 113 1
113 1 1
1 263 1
263 3669 1
3669 113 1
113 1 1
1 263 1
263 3669 1
3669 113 1
113 1 1
1 263 1
263 3595 1
3595 3371 1
3371 3585 1
3585 57 1
57 141 1
141 141 1
141 57 1
57 197 1
197 197 1
197 141 1
141 141 1
141 57 1
57 141 1
141 141 1
141 57 1
57 141 1
141 141 1
141 57 1
57 1 1
1 197 1
197 1 1
1 263 1
263 3669 1
3669 113 1
113 1 1
1 263 1
263 3669 1
3669 113 1
113 1 1
1 263 1
263 3669 1
3669 113 1
113 1 1
1 263 1
263 3585 1
3585 141 1
141 141 1
141 57 1
57 141 1
141 141 1
141 57 1
57 141 1
141 141 1
141 57 1
57 1 1
1 197 1
197 281 1
281 141 1
141 57 1
57 141 1
141 141 1
141 57 1
57 141 1
141 141 1
141 57 1
57 1 1
1 197 1
197 281 1
281 141 1
141 57 1
57 141 1
141 141 1
141 57 1
57 141 1
141 141 1
