123 3511 1
3511 3371 1
3371 3641 1
3641 253 1
253 151 1
151 3585 1
3585 1 1
1 1 1
1 1 1
1 1 1
1 309 1
309 29 1
29 123 1
123 3511 1
3511 3445 1
3445 1 1
1 1 1
1 197 1
197 123 1
123 3511 1
3511 3585 1
3585 141 1
141 319 1
319 3585 1
3585 141 1
141 319 1
319 3585 1
3585 123 1
123 3585 1
3585 1 1
1 319 1
319 3585 1
3585 67 1
67 3567 1
3567 3361 1
3361 141 1
141 197 1
197 1 1
1 141 1
141 197 1
197 225 1
225 197 1
197 197 1
197 281 1
281 113 1
113 225 1
225 197 1
197 197 1
197 281 1
281 113 1
113 281 1
281 281 1
281 57 1
57 141 1
