197 197 1
197 151 1
151 3641 1
3641 141 1
141 57 1
57 1 1
1 197 1
197 197 1
197 151 1
151 3641 1
3641 141 1
141 57 1
57 1 1
1 207 1
207 3641 1
3641 197 1
197 207 1
207 3641 1
3641 197 1
197 197 1
197 197 1
197 151 1
151 3641 1
3641 141 1
141 57 1
57 1 1
1 197 1
197 197 1
197 151 1
151 3641 1
3641 141 1
141 57 1
57 1 1
1 207 1
207 3641 1
3641 197 1
197 207 1
207 3641 1
3641 197 1
197 197 1
197 197 1
197 151 1
151 3641 1
3641 141 1
141 57 1
57 1 1
1 197 1
197 197 1
197 151 1
151 3641 1
3641 141 1
141 57 1
