281 113 1
113 141 1
141 123 1
123 3585 1
3585 141 1
141 197 1
197 57 1
57 141 1
141 1 1
1 1 1
1 67 1
67 3669 1
3669 113 1
113 57 1
57 85 1
85 281 1
281 113 1
113 141 1
141 123 1
123 3585 1
3585 141 1
141 197 1
197 57 1
57 141 1
141 1 1
1 1 1
1 67 1
67 3669 1
3669 113 1
113 57 1
57 85 1
85 281 1
281 113 1
113 57 1
57 1 1
1 123 1
123 3511 1
3511 3445 1
3445 141 1
141 141 1
141 57 1
57 1 1
1 1 1
1 1 1
1 1 1
1 1 1
1 1 1
1 123 1
123 3511 1
3511 3445 1
3445 141 1
141 141 1
141 141 1
141 1 1
1 1 1
1 1 1
1 1 1
1 1 1
1 1 1
1 123 1
123 3585 1
3585 141 1
141 197 1
197 57 1
57 141 1
141 1 1
1 1 1
1 67 1
67 3669 1
3669 113 1
113 57 1
57 85 1
85 281 1
281 113 1
113 141 1
141 123 1
123 3585 1
3585 141 1
141 197 1
197 57 1
57 141 1
141 1 1
1 1 1
1 67 1
67 3669 1
3669 113 1
113 57 1
57 85 1
85 281 1
281 113 1
113 57 1
57 225 1
225 281 1
281 113 1
113 141 1
