197 67 1
67 3445 1
3445 197 1
197 67 1
67 3641 1
3641 197 1
197 281 1
281 197 1
197 197 1
197 281 1
281 197 1
197 67 1
67 3445 1
3445 197 1
197 67 1
67 3641 1
3641 197 1
197 281 1
281 197 1
197 1 1
1 197 1
197 141 1
141 197 1
197 141 1
141 141 1
141 57 1
57 141 1
141 141 1
141 57 1
57 141 1
141 141 1
141 113 1
113 151 1
151 3445 1
3445 141 1
141 57 1
57 141 1
141 141 1
141 57 1
57 141 1
141 1 1
1 57 1
57 141 1
141 1 1
1 141 1
141 57 1
57 141 1
141 1 1
1 141 1
141 57 1
57 141 1
141 141 1
141 197 1
197 141 1
141 57 1
57 57 1
57 29 1
29 57 1
57 1 1
1 1 1
1 1 1
1 197 1
197 207 1
207 3445 1
3445 1 1
