263 3445 1
3445 263 1
263 3445 1
3445 123 1
123 3529 1
3529 197 1
197 57 1
57 1 1
1 1 1
1 1 1
1 1 1
1 141 1
141 123 1
123 3529 1
3529 197 1
197 57 1
57 1 1
1 1 1
1 1 1
1 1 1
1 281 1
281 57 1
57 141 1
141 263 1
263 3389 1
3389 253 1
253 141 1
141 263 1
263 3389 1
3389 253 1
253 281 1
281 57 1
57 141 1
141 123 1
123 3529 1
3529 197 1
197 57 1
57 1 1
1 1 1
1 1 1
1 1 1
1 141 1
141 123 1
123 3529 1
3529 197 1
197 57 1
57 1 1
1 1 1
1 1 1
1 1 1
1 281 1
281 57 1
57 141 1
141 263 1
263 3389 1
3389 253 1
253 141 1
141 263 1
263 3389 1
3389 253 1
253 281 1
281 57 1
57 281 1
281 57 1
57 141 1
141 263 1
263 3445 1
3445 263 1
263 3445 1
3445 263 1
263 3445 1
3445 1 1
1 263 1
263 3567 1
3567 3529 1
3529 197 1
197 57 1
57 1 1
1 1 1
1 1 1
