3641 67 1
67 3567 1
3567 3511 1
3511 3567 1
3567 3511 1
3511 3567 1
3567 3585 1
3585 57 1
57 141 1
141 67 1
67 3567 1
3567 3511 1
3511 3567 1
3567 3511 1
3511 3567 1
3567 3585 1
3585 57 1
57 141 1
141 263 1
263 3641 1
3641 67 1
67 3567 1
3567 3511 1
3511 3567 1
3567 3445 1
3445 207 1
207 3567 1
3567 3511 1
3511 3567 1
3567 3511 1
3511 3567 1
3567 3585 1
3585 57 1
57 141 1
141 95 1
95 3567 1
3567 3511 1
3511 3567 1
3567 3511 1
3511 3567 1
3567 3585 1
3585 57 1
57 141 1
141 67 1
67 3567 1
3567 3511 1
3511 3567 1
3567 3511 1
3511 3567 1
3567 3585 1
3585 57 1
57 141 1
141 67 1
67 3641 1
3641 67 1
67 3557 1
