197 85 1
85 57 1
57 141 1
141 141 1
141 197 1
197 197 1
197 197 1
197 85 1
85 57 1
57 141 1
141 141 1
141 197 1
197 57 1
57 141 1
141 197 1
197 85 1
85 57 1
57 141 1
141 141 1
141 197 1
197 197 1
197 197 1
197 85 1
85 57 1
57 141 1
141 141 1
141 197 1
197 57 1
57 141 1
141 141 1
141 57 1
57 1 1
1 1 1
1 1 1
1 141 1
141 197 1
197 85 1
85 57 1
57 141 1
141 141 1
141 197 1
197 197 1
197 197 1
197 85 1
85 57 1
57 141 1
141 141 1
141 197 1
197 57 1
57 141 1
141 197 1
197 85 1
85 57 1
57 141 1
141 141 1
141 197 1
197 197 1
197 197 1
197 85 1
85 57 1
57 141 1
141 141 1
141 197 1
197 57 1
57 141 1
141 141 1
141 57 1
57 1 1
1 1 1
1 1 1
1 141 1
141 197 1
197 85 1
85 57 1
57 141 1
141 141 1
141 197 1
197 197 1
197 197 1
197 85 1
85 57 1
57 141 1
141 141 1
141 197 1
197 57 1
57 141 1
141 197 1
197 85 1
85 57 1
57 141 1
141 141 1
141 57 1
57 197 1
197 85 1
85 57 1
57 141 1
141 141 1
141 197 1
197 57 1
57 1 1
1 281 1
281 57 1
57 1 1
1 141 1
141 141 1
141 57 1
57 1 1
1 1 1
1 57 1
57 281 1
281 141 1
141 141 1
141 57 1
57 1 1
1 1 1
1 57 1
57 281 1
281 141 1
141 197 1
197 85 1
85 57 1
57 141 1
141 141 1
141 197 1
197 197 1
197 197 1
197 85 1
85 57 1
57 141 1
141 141 1
141 197 1
197 57 1
57 141 1
141 197 1
197 85 1
85 57 1
57 141 1
141 141 1
141 197 1
197 197 1
197 197 1
197 85 1
85 57 1
57 141 1
141 141 1
141 197 1
197 57 1
57 1 1
1 281 1
281 57 1
57 1 1
