207 3417 1
3417 225 1
225 113 1
113 225 1
225 1 1
1 197 1
197 197 1
197 1 1
1 1 1
1 67 1
67 3371 1
3371 3585 1
3585 1 1
1 57 1
57 141 1
141 197 1
197 67 1
67 3371 1
3371 3585 1
3585 57 1
57 281 1
281 197 1
197 1 1
1 207 1
207 3417 1
3417 225 1
225 113 1
113 225 1
225 1 1
1 197 1
197 197 1
197 1 1
1 1 1
1 67 1
67 3371 1
3371 3585 1
3585 1 1
1 57 1
57 141 1
141 197 1
197 67 1
67 3371 1
3371 3585 1
3585 57 1
57 281 1
281 197 1
197 1 1
1 207 1
207 3417 1
3417 225 1
225 113 1
113 225 1
225 1 1
1 197 1
197 197 1
197 1 1
1 1 1
1 67 1
67 3371 1
3371 3585 1
3585 1 1
1 57 1
57 141 1
141 197 1
197 67 1
67 3371 1
3371 3585 1
3585 57 1
57 281 1
281 197 1
197 1 1
1 207 1
207 3417 1
3417 225 1
225 113 1
113 225 1
225 1 1
1 197 1
197 263 1
263 3585 1
3585 1 1
1 197 1
197 141 1
141 57 1
57 281 1
