197 141 1
141 141 1
141 253 1
253 141 1
141 141 1
141 141 1
141 253 1
253 141 1
141 141 1
141 1 1
1 141 1
141 11 1
11 3557 1
3557 151 1
151 3557 1
3557 197 1
197 141 1
141 141 1
141 253 1
253 141 1
141 141 1
141 141 1
141 253 1
253 141 1
141 141 1
141 1 1
1 141 1
141 11 1
11 3557 1
3557 151 1
151 3557 1
3557 85 1
85 1 1
1 253 1
253 85 1
85 253 1
253 141 1
141 263 1
263 3361 1
3361 141 1
141 141 1
141 141 1
141 253 1
253 141 1
141 141 1
141 141 1
141 253 1
253 141 1
141 141 1
141 1 1
1 141 1
141 11 1
11 3557 1
3557 151 1
151 3557 1
3557 85 1
85 1 1
1 253 1
253 85 1
85 253 1
253 141 1
141 263 1
263 3361 1
3361 141 1
141 141 1
141 141 1
141 253 1
253 141 1
141 141 1
141 141 1
141 253 1
253 141 1
141 141 1
141 1 1
1 141 1
141 11 1
11 3557 1
3557 151 1
151 3557 1
3557 85 1
85 253 1
253 85 1
85 253 1
