123 3361 1
3361 141 1
141 225 1
225 1 1
1 197 1
197 141 1
141 141 1
141 197 1
197 197 1
197 141 1
141 1 1
1 197 1
197 67 1
67 3445 1
3445 197 1
197 141 1
141 1 1
1 197 1
197 67 1
67 3445 1
3445 197 1
197 141 1
141 1 1
1 197 1
197 141 1
141 141 1
141 197 1
197 197 1
197 141 1
141 1 1
1 197 1
197 67 1
67 3445 1
3445 197 1
197 141 1
141 1 1
1 197 1
197 67 1
67 3445 1
3445 197 1
197 141 1
141 141 1
141 197 1
197 1 1
1 1 1
1 1 1
1 141 1
141 197 1
197 197 1
197 141 1
141 197 1
197 141 1
141 141 1
141 197 1
197 197 1
197 141 1
141 1 1
1 197 1
197 67 1
67 3445 1
3445 197 1
197 141 1
141 1 1
1 197 1
197 67 1
67 3445 1
3445 197 1
197 141 1
141 141 1
141 197 1
197 1 1
1 1 1
1 1 1
1 141 1
141 197 1
197 197 1
197 141 1
141 197 1
197 141 1
141 141 1
141 197 1
197 197 1
197 141 1
141 1 1
1 197 1
197 67 1
67 3445 1
3445 197 1
197 141 1
141 1 1
1 197 1
197 67 1
67 3445 1
3445 197 1
197 67 1
67 3641 1
3641 1 1
1 1 1
1 1 1
1 141 1
