197 281 1
281 197 1
197 263 1
263 3511 1
3511 3371 1
3371 3501 1
3501 281 1
281 57 1
57 281 1
281 197 1
197 263 1
263 3511 1
3511 3371 1
3371 3501 1
3501 281 1
281 57 1
57 281 1
281 197 1
197 263 1
263 3511 1
3511 3371 1
3371 3501 1
3501 281 1
281 57 1
57 281 1
281 197 1
197 263 1
263 3511 1
3511 3371 1
3371 3501 1
3501 141 1
141 197 1
197 141 1
141 1 1
1 197 1
197 141 1
141 197 1
197 281 1
281 197 1
197 263 1
263 3511 1
3511 3371 1
3371 3501 1
3501 281 1
281 57 1
57 281 1
281 197 1
197 1 1
1 197 1
197 281 1
281 197 1
197 197 1
197 1 1
1 141 1
141 1 1
1 197 1
197 1 1
1 141 1
141 197 1
197 281 1
281 197 1
197 263 1
263 3511 1
3511 3371 1
3371 3501 1
3501 281 1
281 57 1
57 281 1
281 197 1
197 263 1
263 3511 1
3511 3371 1
3371 3501 1
3501 281 1
281 57 1
57 281 1
281 197 1
197 263 1
263 3511 1
3511 3371 1
3371 3501 1
3501 281 1
281 57 1
57 281 1
281 197 1
197 263 1
263 3511 1
3511 3371 1
3371 3501 1
3501 141 1
141 197 1
197 141 1
141 1 1
1 197 1
197 141 1
141 1 1
1 197 1
197 1 1
1 141 1
141 1 1
1 197 1
197 1 1
1 141 1
