3641 1 1
1 67 1
67 3641 1
3641 67 1
67 3501 1
3501 141 1
141 67 1
67 3427 1
3427 3651 1
3651 3501 1
3501 141 1
141 67 1
67 3427 1
3427 3651 1
3651 3501 1
3501 141 1
141 67 1
67 3501 1
3501 141 1
141 67 1
67 3427 1
3427 3651 1
3651 3501 1
3501 141 1
141 67 1
67 3427 1
3427 3651 1
3651 3501 1
3501 141 1
141 141 1
141 11 1
11 3557 1
3557 197 1
197 141 1
141 67 1
67 3427 1
3427 3651 1
3651 3501 1
3501 141 1
141 67 1
67 3427 1
3427 3651 1
3651 3501 1
3501 141 1
141 151 1
151 3557 1
3557 197 1
197 141 1
141 67 1
67 3427 1
3427 3651 1
3651 3501 1
3501 141 1
141 67 1
67 3427 1
3427 3651 1
3651 3501 1
3501 141 1
141 151 1
151 3501 1
3501 57 1
