197 141 1
141 197 1
197 141 1
141 197 1
197 67 1
67 3445 1
3445 141 1
141 11 1
11 3557 1
3557 1 1
1 197 1
197 67 1
67 3445 1
3445 141 1
141 11 1
11 3557 1
3557 263 1
263 3585 1
3585 141 1
141 57 1
57 263 1
263 3501 1
3501 95 1
95 3557 1
3557 1 1
1 197 1
197 141 1
141 197 1
197 67 1
67 3445 1
3445 141 1
141 11 1
11 3557 1
3557 1 1
1 197 1
197 67 1
67 3445 1
3445 141 1
141 11 1
11 3557 1
3557 263 1
263 3585 1
3585 141 1
141 57 1
57 263 1
263 3501 1
3501 95 1
95 3557 1
3557 1 1
1 197 1
197 67 1
67 3445 1
3445 141 1
141 11 1
11 3557 1
3557 1 1
1 197 1
197 67 1
67 3445 1
3445 141 1
141 11 1
11 3557 1
3557 263 1
263 3585 1
3585 141 1
141 57 1
57 263 1
263 3501 1
3501 95 1
95 3557 1
3557 1 1
1 197 1
197 291 1
291 3557 1
3557 197 1
197 141 1
