1 263 1
263 3641 1
3641 85 1
85 197 1
197 57 1
57 1 1
1 207 1
207 3371 1
3371 3641 1
3641 1 1
1 197 1
197 67 1
67 3557 1
3557 291 1
291 3501 1
3501 141 1
141 281 1
281 57 1
57 1 1
1 197 1
197 67 1
67 3557 1
3557 291 1
291 3501 1
3501 141 1
141 281 1
281 57 1
57 1 1
1 263 1
263 3501 1
3501 85 1
85 57 1
57 141 1
141 263 1
263 3501 1
3501 85 1
85 57 1
57 141 1
141 197 1
197 67 1
67 3557 1
3557 291 1
291 3501 1
3501 141 1
141 281 1
281 57 1
57 1 1
1 197 1
197 1 1
1 67 1
67 3557 1
3557 291 1
291 3501 1
3501 141 1
141 281 1
281 57 1
57 1 1
1 263 1
263 3501 1
3501 85 1
85 57 1
57 141 1
141 263 1
263 3501 1
3501 85 1
85 57 1
57 141 1
141 197 1
197 1 1
1 67 1
67 3557 1
3557 291 1
291 3501 1
3501 141 1
141 281 1
281 57 1
57 1 1
1 1 1
1 263 1
263 3641 1
3641 1 1
1 1 1
1 1 1
1 1 1
1 1 1
1 141 1
