3585 123 1
123 3585 1
3585 123 1
123 3651 1
3651 3501 1
3501 207 1
207 3501 1
3501 141 1
141 253 1
253 85 1
85 253 1
253 85 1
85 57 1
57 67 1
67 3585 1
3585 123 1
123 3585 1
3585 123 1
123 3651 1
3651 3501 1
3501 207 1
207 3501 1
3501 141 1
141 253 1
253 85 1
85 253 1
253 85 1
85 57 1
57 67 1
67 3585 1
3585 29 1
29 95 1
95 3585 1
3585 57 1
57 67 1
67 3585 1
3585 123 1
123 3585 1
3585 123 1
123 3651 1
3651 3501 1
3501 207 1
207 3501 1
3501 141 1
141 253 1
253 85 1
85 253 1
253 85 1
85 57 1
57 281 1
281 169 1
169 309 1
309 57 1
57 1 1
1 281 1
281 113 1
113 197 1
197 225 1
225 169 1
169 309 1
309 57 1
57 1 1
1 309 1
309 309 1
