151 3417 1
3417 85 1
85 319 1
319 3501 1
3501 281 1
281 197 1
197 281 1
281 11 1
11 3557 1
3557 197 1
197 141 1
141 197 1
197 141 1
141 263 1
263 3445 1
3445 141 1
141 11 1
11 3557 1
3557 1 1
1 263 1
263 3445 1
3445 141 1
141 11 1
11 3557 1
3557 263 1
263 3585 1
3585 141 1
141 57 1
57 263 1
263 3501 1
3501 95 1
95 3557 1
3557 1 1
1 197 1
197 141 1
141 263 1
263 3445 1
3445 141 1
141 11 1
11 3557 1
3557 1 1
1 263 1
263 3445 1
3445 141 1
141 11 1
11 3557 1
3557 263 1
263 3585 1
3585 141 1
141 57 1
57 263 1
263 3501 1
3501 95 1
95 3557 1
3557 1 1
1 197 1
197 67 1
67 3445 1
3445 141 1
141 11 1
11 3557 1
3557 197 1
197 141 1
141 197 1
197 67 1
67 3445 1
3445 141 1
141 11 1
11 3557 1
3557 197 1
197 141 1
141 1 1
1 197 1
197 291 1
291 3557 1
