123 3669 1
3669 113 1
113 141 1
141 67 1
67 3427 1
3427 3389 1
3389 197 1
197 67 1
67 3427 1
3427 3389 1
3389 179 1
179 3501 1
3501 207 1
207 3501 1
3501 151 1
151 3511 1
3511 3371 1
3371 3501 1
3501 85 1
85 141 1
141 169 1
169 95 1
95 3511 1
3511 3417 1
3417 151 1
151 3511 1
3511 3417 1
3417 141 1
141 67 1
67 3427 1
3427 3389 1
3389 197 1
197 67 1
67 3427 1
3427 3389 1
3389 179 1
179 3501 1
3501 207 1
207 3501 1
3501 151 1
151 3511 1
3511 3371 1
3371 3501 1
3501 141 1
141 67 1
67 3427 1
3427 3389 1
3389 197 1
197 67 1
67 3427 1
3427 3389 1
3389 197 1
