85 57 1
57 57 1
57 141 1
141 281 1
281 197 1
197 57 1
57 141 1
141 281 1
281 197 1
197 57 1
57 67 1
67 3595 1
3595 3483 1
3483 3595 1
3595 3557 1
3557 141 1
141 197 1
197 85 1
85 57 1
57 197 1
197 281 1
281 197 1
197 57 1
57 141 1
141 281 1
281 197 1
197 57 1
57 67 1
67 3595 1
3595 3483 1
3483 3595 1
3595 3557 1
3557 141 1
141 197 1
197 207 1
207 3501 1
3501 141 1
141 141 1
141 197 1
197 123 1
123 3501 1
3501 141 1
141 141 1
141 281 1
281 197 1
197 57 1
57 141 1
141 281 1
281 197 1
197 57 1
57 67 1
67 3595 1
3595 3483 1
3483 3595 1
3595 3557 1
3557 141 1
141 197 1
197 85 1
85 57 1
57 197 1
197 281 1
281 197 1
197 57 1
57 141 1
141 281 1
281 197 1
197 57 1
57 67 1
67 3595 1
3595 3483 1
3483 3595 1
3595 3557 1
3557 141 1
141 197 1
197 207 1
207 3501 1
3501 141 1
141 141 1
141 197 1
197 123 1
123 3501 1
3501 141 1
141 141 1
141 281 1
281 197 1
197 57 1
57 141 1
141 281 1
281 197 1
197 57 1
57 67 1
67 3595 1
3595 3483 1
3483 3595 1
3595 3557 1
3557 141 1
141 197 1
197 85 1
85 253 1
253 1 1
