3371 3371 1
3371 3585 1
3585 123 1
123 3641 1
3641 197 1
197 57 1
57 151 1
151 3371 1
3371 3371 1
3371 3585 1
3585 123 1
123 3641 1
3641 141 1
141 113 1
113 141 1
141 1 1
1 263 1
263 3445 1
3445 67 1
67 3501 1
3501 141 1
141 1 1
1 263 1
263 3445 1
3445 67 1
67 3501 1
3501 151 1
151 3371 1
3371 3371 1
3371 3585 1
3585 123 1
123 3641 1
3641 197 1
197 57 1
57 151 1
151 3371 1
3371 3371 1
3371 3585 1
3585 123 1
123 3641 1
3641 141 1
141 113 1
113 141 1
141 1 1
1 263 1
263 3445 1
3445 67 1
67 3501 1
3501 141 1
141 1 1
1 263 1
263 3445 1
3445 67 1
67 3501 1
3501 151 1
151 3371 1
3371 3371 1
3371 3585 1
3585 123 1
123 3641 1
3641 197 1
197 57 1
57 151 1
151 3371 1
3371 3371 1
3371 3585 1
3585 123 1
123 3641 1
3641 141 1
141 113 1
