141 197 1
197 197 1
197 281 1
281 197 1
197 57 1
57 281 1
281 123 1
123 3641 1
3641 141 1
141 141 1
141 141 1
141 197 1
197 197 1
197 281 1
281 197 1
197 57 1
57 281 1
281 123 1
123 3641 1
3641 141 1
141 141 1
141 1 1
1 67 1
67 3455 1
3455 3557 1
3557 1 1
1 67 1
67 3455 1
3455 3557 1
3557 67 1
67 3501 1
3501 281 1
281 197 1
197 57 1
57 281 1
281 123 1
123 3641 1
3641 141 1
141 141 1
141 141 1
141 197 1
197 197 1
197 281 1
281 197 1
197 57 1
57 281 1
281 123 1
123 3641 1
3641 141 1
141 141 1
141 1 1
1 67 1
67 3455 1
3455 3557 1
3557 1 1
1 67 1
67 3455 1
3455 3557 1
3557 67 1
67 3501 1
3501 281 1
281 197 1
197 57 1
57 281 1
281 123 1
123 3641 1
3641 141 1
141 141 1
141 141 1
141 197 1
