141 57 1
57 141 1
141 1 1
1 1 1
1 197 1
197 1 1
1 141 1
141 1 1
1 1 1
1 141 1
141 1 1
1 281 1
281 253 1
253 253 1
253 141 1
141 141 1
141 141 1
141 263 1
263 3641 1
3641 67 1
67 3371 1
3371 3557 1
3557 151 1
151 3511 1
3511 3445 1
3445 57 1
57 141 1
141 197 1
197 141 1
141 197 1
197 1 1
1 141 1
141 1 1
1 1 1
1 141 1
141 1 1
1 281 1
281 253 1
253 253 1
253 141 1
141 141 1
141 141 1
141 263 1
263 3641 1
3641 67 1
67 3371 1
3371 3557 1
3557 151 1
151 3511 1
3511 3445 1
3445 57 1
57 141 1
141 197 1
197 141 1
141 197 1
197 1 1
1 141 1
141 1 1
1 1 1
1 141 1
141 1 1
1 281 1
281 253 1
253 253 1
253 141 1
141 141 1
141 141 1
141 1 1
1 141 1
141 57 1
57 141 1
141 197 1
197 141 1
