3501 141 1
141 1 1
1 67 1
67 3501 1
3501 141 1
141 67 1
67 3501 1
3501 141 1
141 1 1
1 141 1
141 11 1
11 3557 1
3557 1 1
1 141 1
141 11 1
11 3613 1
3613 141 1
141 1 1
1 207 1
207 3501 1
3501 141 1
141 67 1
67 3501 1
3501 141 1
141 1 1
1 141 1
141 11 1
11 3557 1
3557 1 1
1 141 1
141 11 1
11 3613 1
3613 141 1
141 1 1
1 207 1
207 3501 1
3501 141 1
141 67 1
67 3501 1
3501 141 1
141 1 1
1 141 1
141 11 1
11 3557 1
3557 1 1
1 141 1
141 11 1
11 3613 1
3613 141 1
141 1 1
1 207 1
207 3501 1
3501 141 1
141 67 1
67 3501 1
3501 141 1
141 1 1
1 67 1
67 3501 1
3501 141 1
141 67 1
67 3501 1
3501 141 1
141 1 1
1 1 1
