3361 11 1
11 3641 1
3641 197 1
197 281 1
281 319 1
319 3651 1
3651 3501 1
3501 141 1
141 141 1
141 197 1
197 197 1
197 1 1
1 207 1
207 3371 1
3371 3641 1
3641 197 1
197 207 1
207 3371 1
3371 3641 1
3641 197 1
197 1 1
1 281 1
281 319 1
319 3651 1
3651 3641 1
3641 141 1
141 197 1
197 197 1
197 1 1
1 207 1
207 3371 1
3371 3641 1
3641 197 1
197 207 1
207 3371 1
3371 3641 1
3641 197 1
197 281 1
281 197 1
197 197 1
197 207 1
207 3445 1
3445 197 1
197 197 1
197 207 1
207 3445 1
3445 57 1
57 281 1
281 319 1
319 3651 1
3651 3641 1
3641 141 1
141 197 1
197 197 1
197 207 1
207 3371 1
3371 3641 1
3641 197 1
197 207 1
207 3371 1
3371 3641 1
3641 197 1
197 207 1
207 3371 1
3371 3641 1
3641 197 1
197 207 1
207 3371 1
3371 3641 1
3641 197 1
197 207 1
207 3371 1
3371 3641 1
3641 197 1
197 1 1
1 1 1
1 1 1
