1 281 1
281 1 1
1 281 1
281 281 1
281 1 1
1 309 1
309 1 1
1 281 1
281 1 1
1 197 1
197 1 1
1 85 1
85 57 1
57 197 1
197 1 1
1 85 1
85 57 1
57 197 1
197 1 1
1 1 1
1 141 1
141 113 1
113 309 1
309 57 1
57 57 1
57 1 1
1 225 1
225 169 1
169 29 1
29 57 1
57 57 1
57 141 1
141 1 1
1 85 1
85 57 1
57 197 1
197 1 1
1 281 1
281 141 1
141 57 1
57 197 1
197 141 1
141 197 1
197 197 1
197 281 1
281 1 1
1 197 1
197 1 1
1 141 1
141 113 1
113 309 1
309 57 1
57 57 1
57 1 1
1 225 1
225 169 1
169 29 1
29 57 1
57 57 1
57 197 1
197 281 1
281 281 1
281 281 1
281 309 1
309 197 1
197 281 1
281 281 1
281 281 1
281 309 1
309 29 1
29 169 1
169 29 1
29 57 1
57 57 1
57 281 1
281 197 1
197 1 1
1 85 1
85 57 1
57 197 1
197 1 1
1 85 1
85 57 1
57 197 1
197 1 1
1 1 1
1 141 1
141 113 1
113 309 1
309 57 1
57 57 1
57 1 1
1 225 1
225 169 1
169 29 1
29 57 1
57 57 1
57 281 1
281 281 1
281 309 1
309 1 1
1 281 1
281 1 1
1 1 1
1 1 1
1 281 1
281 281 1
281 309 1
309 281 1
281 281 1
281 309 1
