197 197 1
197 1 1
1 85 1
85 57 1
57 197 1
197 85 1
85 57 1
57 197 1
197 85 1
85 57 1
57 197 1
197 85 1
85 57 1
57 141 1
141 1 1
1 141 1
141 11 1
11 3557 1
3557 197 1
197 197 1
197 85 1
85 57 1
57 197 1
197 85 1
85 57 1
57 197 1
197 85 1
85 57 1
57 197 1
197 85 1
85 57 1
57 141 1
141 1 1
1 141 1
141 11 1
11 3557 1
3557 197 1
197 57 1
57 207 1
207 3501 1
3501 207 1
207 3417 1
3417 29 1
29 57 1
57 141 1
141 85 1
85 57 1
57 197 1
197 85 1
85 57 1
57 197 1
197 85 1
85 57 1
57 197 1
197 85 1
85 57 1
57 141 1
141 1 1
1 141 1
141 85 1
85 113 1
113 197 1
197 141 1
141 1 1
1 141 1
141 85 1
85 113 1
113 197 1
197 141 1
141 11 1
