141 281 1
281 57 1
57 57 1
57 207 1
207 3567 1
3567 3641 1
3641 29 1
29 113 1
113 1 1
1 141 1
141 197 1
197 85 1
85 57 1
57 57 1
57 141 1
141 141 1
141 197 1
197 141 1
141 263 1
263 3567 1
3567 3585 1
3585 197 1
197 141 1
141 57 1
57 141 1
141 1 1
1 141 1
141 197 1
197 85 1
85 57 1
57 57 1
57 141 1
141 141 1
141 197 1
197 141 1
141 263 1
263 3567 1
3567 3585 1
3585 197 1
197 141 1
141 57 1
57 141 1
141 141 1
141 57 1
57 141 1
141 141 1
141 57 1
57 141 1
141 141 1
141 57 1
57 141 1
141 1 1
1 141 1
141 197 1
197 85 1
85 57 1
57 57 1
57 141 1
141 141 1
141 197 1
197 141 1
141 263 1
263 3567 1
3567 3585 1
3585 197 1
197 141 1
141 57 1
57 141 1
141 141 1
141 57 1
57 141 1
141 141 1
141 57 1
57 141 1
141 85 1
85 141 1
141 309 1
309 141 1
