141 141 1
141 141 1
141 113 1
113 141 1
141 11 1
11 3557 1
3557 151 1
151 3371 1
3371 3511 1
3511 3445 1
3445 197 1
197 113 1
113 151 1
151 3557 1
3557 151 1
151 3371 1
3371 3511 1
3511 3445 1
3445 123 1
123 3445 1
3445 123 1
123 3651 1
3651 3501 1
3501 141 1
141 123 1
123 3651 1
3651 3501 1
3501 67 1
67 3557 1
3557 151 1
151 3371 1
3371 3511 1
3511 3445 1
3445 197 1
197 113 1
113 151 1
151 3557 1
3557 151 1
151 3371 1
3371 3511 1
3511 3445 1
3445 123 1
123 3445 1
3445 123 1
123 3651 1
3651 3501 1
3501 141 1
141 123 1
123 3651 1
3651 3501 1
3501 207 1
207 3557 1
3557 151 1
151 3557 1
3557 151 1
151 3557 1
3557 151 1
151 3445 1
3445 197 1
197 123 1
123 3651 1
3651 3501 1
3501 141 1
141 123 1
123 3651 1
3651 3501 1
3501 67 1
67 3557 1
3557 151 1
151 3371 1
3371 3511 1
3511 3641 1
3641 113 1
113 151 1
151 3557 1
3557 151 1
151 3371 1
3371 3511 1
3511 3567 1
3567 3445 1
3445 123 1
123 3651 1
3651 3501 1
3501 141 1
141 123 1
123 3651 1
3651 3501 1
3501 67 1
67 3557 1
3557 151 1
151 3511 1
3511 3641 1
3641 113 1
113 151 1
151 3557 1
3557 151 1
151 3511 1
3511 3567 1
3567 3445 1
3445 123 1
123 3651 1
3651 3501 1
