123 3511 1
3511 3371 1
3371 3585 1
3585 1 1
1 197 1
197 123 1
123 3511 1
3511 3371 1
3371 3585 1
3585 1 1
1 253 1
253 281 1
281 123 1
123 3511 1
3511 3371 1
3371 3585 1
3585 141 1
141 319 1
319 3371 1
3371 3585 1
3585 141 1
141 319 1
319 3585 1
3585 197 1
197 123 1
123 3511 1
3511 3371 1
3371 3585 1
3585 1 1
1 253 1
253 281 1
281 123 1
123 3511 1
3511 3371 1
3371 3585 1
3585 141 1
141 319 1
319 3371 1
3371 3585 1
3585 197 1
197 123 1
123 3511 1
3511 3371 1
3371 3585 1
3585 1 1
1 253 1
253 281 1
281 123 1
123 3511 1
3511 3371 1
3371 3585 1
3585 141 1
141 319 1
319 3371 1
3371 3585 1
3585 1 1
1 113 1
113 281 1
281 57 1
57 197 1
197 141 1
141 197 1
197 1 1
1 141 1
141 281 1
281 57 1
57 197 1
197 141 1
141 197 1
197 29 1
29 197 1
197 197 1
197 197 1
197 197 1
197 225 1
225 197 1
197 197 1
197 197 1
197 197 1
197 281 1
281 281 1
281 57 1
57 141 1
141 123 1
123 3511 1
3511 3371 1
3371 3585 1
3585 1 1
1 253 1
253 281 1
281 123 1
123 3511 1
3511 3371 1
3371 3585 1
3585 141 1
141 319 1
319 3371 1
3371 3585 1
3585 1 1
1 123 1
123 3585 1
3585 253 1
253 141 1
141 253 1
