123 3511 1
3511 3585 1
3585 197 1
197 123 1
123 3511 1
3511 3371 1
3371 3585 1
3585 123 1
123 3511 1
3511 3641 1
3641 123 1
123 3511 1
3511 3371 1
3371 3585 1
3585 141 1
141 319 1
319 3371 1
3371 3585 1
3585 141 1
141 319 1
319 3585 1
3585 57 1
57 141 1
141 123 1
123 3511 1
3511 3585 1
3585 123 1
123 3511 1
3511 3641 1
3641 123 1
123 3511 1
3511 3371 1
3371 3585 1
3585 141 1
141 319 1
319 3371 1
3371 3585 1
3585 197 1
197 123 1
123 3511 1
3511 3371 1
3371 3585 1
3585 123 1
123 3511 1
3511 3371 1
3371 3641 1
3641 123 1
123 3511 1
3511 3371 1
3371 3585 1
3585 141 1
141 319 1
319 3371 1
3371 3585 1
3585 169 1
169 291 1
291 3511 1
3511 3567 1
3567 3613 1
3613 95 1
95 3371 1
3371 3371 1
3371 3361 1
3361 281 1
281 57 1
57 197 1
197 141 1
141 197 1
197 141 1
141 281 1
281 57 1
57 197 1
197 141 1
141 197 1
197 29 1
29 197 1
197 197 1
197 197 1
197 197 1
197 225 1
225 197 1
197 197 1
197 197 1
197 197 1
197 281 1
281 281 1
281 57 1
57 141 1
141 123 1
123 3511 1
3511 3371 1
3371 3585 1
3585 123 1
123 3511 1
3511 3613 1
3613 29 1
29 123 1
123 3511 1
3511 3371 1
3371 3585 1
3585 141 1
141 319 1
319 3371 1
3371 3585 1
3585 1 1
1 169 1
169 291 1
291 3511 1
3511 3567 1
3567 3585 1
3585 123 1
123 3361 1
3361 1 1
1 1 1
