3511 3567 1
3567 3445 1
3445 281 1
281 169 1
169 141 1
141 123 1
123 3679 1
3679 3679 1
3679 3501 1
3501 141 1
141 123 1
123 3679 1
3679 3679 1
3679 3501 1
3501 141 1
141 123 1
123 3679 1
3679 3679 1
3679 3501 1
3501 169 1
169 309 1
309 123 1
123 3679 1
3679 3679 1
3679 3501 1
3501 141 1
141 123 1
123 3679 1
3679 3679 1
3679 3501 1
3501 281 1
281 57 1
57 67 1
67 3511 1
3511 3501 1
3501 141 1
141 123 1
123 3679 1
3679 3679 1
3679 3501 1
3501 141 1
141 123 1
123 3679 1
3679 3679 1
3679 3501 1
3501 141 1
141 123 1
123 3679 1
3679 3679 1
3679 3501 1
3501 169 1
169 309 1
309 123 1
123 3679 1
3679 3679 1
3679 3501 1
3501 141 1
141 123 1
123 3679 1
3679 3679 1
3679 3501 1
3501 281 1
281 57 1
57 67 1
67 3511 1
3511 3501 1
3501 281 1
281 263 1
263 3567 1
3567 3651 1
3651 3641 1
3641 263 1
263 3567 1
3567 3651 1
3651 3567 1
3567 3501 1
3501 141 1
141 123 1
123 3679 1
3679 3679 1
3679 3501 1
3501 141 1
141 123 1
123 3679 1
3679 3679 1
3679 3501 1
3501 141 1
141 123 1
123 3679 1
3679 3679 1
3679 3501 1
3501 169 1
169 309 1
309 123 1
123 3679 1
3679 3679 1
3679 3501 1
3501 141 1
141 123 1
123 3679 1
3679 3679 1
3679 3501 1
3501 281 1
281 57 1
57 67 1
67 3511 1
3511 3501 1
3501 67 1
67 3511 1
3511 3501 1
3501 67 1
67 3511 1
3511 3501 1
3501 67 1
67 3511 1
3511 3501 1
3501 67 1
