169 235 1
235 3501 1
3501 141 1
141 169 1
169 235 1
235 3455 1
3455 3557 1
3557 123 1
123 3679 1
3679 3679 1
3679 3501 1
3501 141 1
141 67 1
67 3501 1
3501 141 1
141 169 1
169 235 1
235 3455 1
3455 3557 1
3557 123 1
123 3679 1
3679 3679 1
3679 3501 1
3501 141 1
141 169 1
169 309 1
309 11 1
11 3557 1
3557 253 1
253 151 1
151 3371 1
3371 3361 1
3361 141 1
141 1 1
1 141 1
141 169 1
169 235 1
235 3455 1
3455 3557 1
3557 123 1
123 3679 1
3679 3679 1
3679 3501 1
3501 141 1
141 67 1
67 3501 1
3501 141 1
141 169 1
169 235 1
235 3455 1
3455 3557 1
3557 123 1
123 3679 1
3679 3679 1
3679 3501 1
3501 141 1
141 141 1
141 11 1
11 3557 1
3557 253 1
253 151 1
151 3371 1
3371 3361 1
3361 141 1
141 1 1
1 141 1
141 169 1
169 235 1
235 3455 1
3455 3557 1
3557 123 1
123 3679 1
3679 3679 1
3679 3501 1
3501 141 1
141 197 1
197 113 1
113 225 1
225 141 1
141 225 1
225 113 1
113 1 1
1 1 1
1 169 1
169 1 1
1 235 1
235 3501 1
3501 291 1
291 3679 1
3679 3679 1
3679 3417 1
3417 113 1
113 151 1
151 3361 1
3361 141 1
141 1 1
1 1 1
1 113 1
113 253 1
253 113 1
