1 141 1
141 141 1
141 281 1
281 57 1
57 197 1
197 141 1
141 281 1
281 57 1
57 197 1
197 85 1
85 57 1
57 197 1
197 141 1
141 29 1
29 29 1
29 141 1
141 141 1
141 281 1
281 57 1
57 197 1
197 141 1
141 281 1
281 57 1
57 197 1
197 85 1
85 57 1
57 141 1
141 57 1
57 141 1
141 197 1
197 141 1
141 1 1
1 1 1
1 1 1
1 57 1
57 281 1
281 197 1
197 141 1
141 29 1
29 29 1
29 141 1
141 141 1
141 281 1
281 57 1
57 197 1
197 141 1
141 281 1
281 57 1
57 197 1
197 85 1
85 57 1
57 197 1
197 141 1
141 197 1
197 141 1
141 1 1
1 1 1
1 1 1
1 57 1
57 281 1
281 197 1
197 141 1
141 29 1
29 29 1
29 141 1
141 141 1
141 281 1
281 57 1
57 197 1
197 141 1
141 281 1
281 57 1
57 197 1
197 85 1
85 57 1
57 197 1
197 141 1
141 29 1
29 29 1
29 141 1
141 281 1
281 57 1
57 141 1
141 281 1
281 57 1
57 197 1
197 141 1
141 281 1
281 57 1
57 281 1
281 57 1
57 1 1
1 197 1
197 141 1
141 29 1
29 29 1
29 281 1
281 141 1
141 57 1
57 141 1
141 197 1
197 141 1
141 123 1
123 3557 1
3557 235 1
235 3417 1
3417 141 1
141 281 1
281 197 1
197 169 1
169 95 1
95 3557 1
3557 281 1
281 85 1
85 141 1
