1 123 1
123 3445 1
3445 141 1
141 263 1
263 3567 1
3567 3651 1
3651 3501 1
3501 1 1
1 141 1
141 263 1
263 3567 1
3567 3651 1
3651 3455 1
3455 3557 1
3557 197 1
197 1 1
1 281 1
281 197 1
197 197 1
197 281 1
281 197 1
197 1 1
1 263 1
263 3567 1
3567 3651 1
3651 3501 1
3501 1 1
1 141 1
141 263 1
263 3567 1
3567 3651 1
3651 3501 1
3501 1 1
1 141 1
141 197 1
197 1 1
1 281 1
281 197 1
197 197 1
197 281 1
281 197 1
197 1 1
1 263 1
263 3567 1
3567 3651 1
3651 3455 1
3455 3557 1
3557 263 1
263 3567 1
3567 3651 1
3651 3501 1
3501 1 1
1 141 1
141 197 1
197 1 1
1 281 1
281 197 1
197 197 1
197 281 1
281 197 1
197 1 1
