3501 11 1
11 3455 1
3455 3557 1
3557 263 1
263 3501 1
3501 11 1
11 3455 1
3455 3557 1
3557 57 1
57 141 1
141 141 1
141 225 1
225 29 1
29 141 1
141 141 1
141 141 1
141 225 1
225 309 1
309 141 1
141 225 1
225 29 1
29 141 1
141 141 1
141 141 1
141 309 1
309 309 1
309 319 1
319 3501 1
3501 281 1
281 1 1
1 309 1
309 141 1
141 29 1
29 113 1
113 151 1
151 3501 1
3501 1 1
1 1 1
1 141 1
141 225 1
225 29 1
29 141 1
141 141 1
141 141 1
141 225 1
225 309 1
309 141 1
141 225 1
225 29 1
29 141 1
141 141 1
141 141 1
141 225 1
225 309 1
309 141 1
141 225 1
225 29 1
29 141 1
141 141 1
141 141 1
141 309 1
309 309 1
309 319 1
319 3501 1
3501 281 1
281 1 1
1 309 1
309 141 1
141 29 1
29 113 1
113 151 1
151 3501 1
3501 1 1
1 1 1
1 141 1
141 225 1
225 29 1
29 141 1
141 141 1
141 141 1
141 225 1
225 309 1
309 141 1
141 225 1
225 29 1
29 141 1
141 141 1
141 141 1
141 225 1
225 309 1
309 141 1
