1 263 1
263 3445 1
3445 263 1
263 3371 1
3371 3501 1
3501 207 1
207 3501 1
3501 207 1
207 3511 1
3511 3417 1
3417 151 1
151 3445 1
3445 1 1
1 263 1
263 3445 1
3445 263 1
263 3371 1
3371 3501 1
3501 207 1
207 3501 1
3501 207 1
207 3511 1
3511 3417 1
3417 151 1
151 3445 1
3445 141 1
141 197 1
197 197 1
197 141 1
141 1 1
1 263 1
263 3445 1
3445 263 1
263 3371 1
3371 3501 1
3501 207 1
207 3501 1
3501 207 1
207 3511 1
3511 3417 1
3417 151 1
151 3445 1
3445 1 1
1 263 1
263 3445 1
3445 263 1
263 3371 1
3371 3501 1
3501 207 1
207 3501 1
3501 207 1
207 3511 1
3511 3417 1
3417 151 1
151 3445 1
