141 57 1
57 263 1
263 3511 1
3511 3445 1
3445 123 1
123 3389 1
3389 197 1
197 141 1
141 197 1
197 197 1
197 141 1
141 123 1
123 3389 1
3389 197 1
197 141 1
141 197 1
197 197 1
197 67 1
67 3585 1
3585 197 1
197 197 1
197 67 1
67 3585 1
3585 197 1
197 197 1
197 141 1
141 123 1
123 3389 1
3389 197 1
197 141 1
141 197 1
197 197 1
197 141 1
141 123 1
123 3389 1
3389 197 1
197 141 1
141 197 1
197 197 1
197 67 1
67 3585 1
3585 197 1
197 197 1
197 67 1
67 3585 1
3585 197 1
197 197 1
197 141 1
141 123 1
123 3389 1
3389 197 1
197 141 1
141 197 1
197 197 1
197 141 1
141 123 1
123 3389 1
3389 197 1
197 141 1
141 197 1
197 197 1
197 67 1
67 3585 1
3585 197 1
197 197 1
197 67 1
67 3585 1
3585 197 1
197 197 1
197 141 1
141 123 1
123 3389 1
3389 197 1
