3445 151 1
151 3417 1
3417 253 1
253 85 1
85 1 1
1 141 1
141 253 1
253 225 1
225 169 1
169 291 1
291 3585 1
3585 197 1
197 197 1
197 67 1
67 3585 1
3585 197 1
197 197 1
197 67 1
67 3585 1
3585 197 1
197 197 1
197 67 1
67 3585 1
3585 197 1
197 197 1
197 281 1
281 57 1
57 67 1
67 3585 1
3585 197 1
197 197 1
197 67 1
67 3585 1
3585 197 1
197 197 1
197 67 1
67 3585 1
3585 197 1
197 197 1
197 281 1
281 57 1
57 141 1
141 197 1
197 57 1
57 281 1
281 281 1
281 197 1
197 197 1
197 141 1
141 197 1
197 57 1
57 281 1
281 281 1
281 197 1
197 197 1
197 281 1
281 197 1
197 197 1
197 67 1
67 3585 1
3585 197 1
197 197 1
197 67 1
67 3585 1
3585 197 1
197 197 1
197 67 1
67 3585 1
3585 197 1
197 197 1
197 281 1
281 57 1
57 67 1
67 3585 1
3585 197 1
197 197 1
197 67 1
67 3585 1
3585 197 1
197 197 1
197 67 1
67 3585 1
3585 197 1
197 197 1
197 281 1
281 57 1
57 141 1
141 197 1
197 57 1
57 281 1
281 281 1
281 197 1
197 197 1
197 141 1
141 197 1
197 57 1
57 281 1
281 281 1
281 197 1
197 197 1
197 281 1
281 197 1
197 197 1
197 67 1
67 3585 1
3585 197 1
197 197 1
197 67 1
67 3585 1
3585 197 1
197 113 1
113 151 1
151 3585 1
3585 197 1
197 113 1
113 39 1
39 3417 1
3417 141 1
141 197 1
197 57 1
57 281 1
281 281 1
281 197 1
197 197 1
197 281 1
281 197 1
197 309 1
309 291 1
291 3585 1
3585 197 1
197 197 1
197 67 1
67 3585 1
3585 197 1
197 197 1
197 67 1
67 3585 1
3585 197 1
197 197 1
197 67 1
67 3585 1
3585 197 1
197 197 1
197 281 1
281 57 1
57 141 1
141 197 1
197 57 1
57 281 1
281 281 1
281 197 1
197 197 1
197 141 1
141 197 1
197 57 1
57 281 1
281 281 1
281 197 1
197 197 1
197 141 1
141 197 1
197 57 1
57 281 1
281 281 1
281 197 1
197 197 1
197 141 1
141 197 1
197 57 1
57 281 1
281 281 1
281 197 1
197 197 1
197 281 1
281 197 1
197 197 1
