197 67 1
67 3585 1
3585 197 1
197 197 1
197 1 1
1 281 1
281 57 1
57 67 1
67 3557 1
3557 225 1
225 197 1
197 141 1
141 197 1
197 67 1
67 3585 1
3585 197 1
197 197 1
197 67 1
67 3585 1
3585 197 1
197 197 1
197 67 1
67 3585 1
3585 197 1
197 197 1
197 67 1
67 3585 1
3585 197 1
197 197 1
197 67 1
67 3585 1
3585 197 1
197 197 1
197 67 1
67 3585 1
3585 197 1
197 197 1
197 67 1
67 3585 1
3585 197 1
197 197 1
197 67 1
67 3585 1
3585 197 1
197 197 1
197 67 1
67 3585 1
3585 197 1
197 197 1
197 67 1
67 3585 1
3585 1 1
1 319 1
319 3651 1
3651 3641 1
3641 1 1
1 197 1
197 67 1
67 3585 1
3585 1 1
1 319 1
319 3651 1
3651 3641 1
3641 1 1
1 1 1
