3455 3623 1
3623 3455 1
3455 3623 1
3623 3455 1
3455 3623 1
3623 3455 1
3455 3623 1
3623 3641 1
3641 67 1
67 3641 1
3641 67 1
67 3641 1
3641 281 1
281 309 1
309 151 1
151 3445 1
3445 141 1
141 123 1
123 3445 1
3445 141 1
141 57 1
57 141 1
141 1 1
1 197 1
197 67 1
67 3585 1
3585 197 1
197 1 1
1 197 1
197 67 1
67 3585 1
3585 123 1
123 3455 1
3455 3623 1
3623 3455 1
3455 3623 1
3623 3455 1
3455 3623 1
3623 3455 1
3455 3623 1
3623 3641 1
3641 67 1
67 3641 1
3641 67 1
67 3641 1
3641 281 1
281 309 1
309 151 1
151 3445 1
3445 141 1
141 123 1
123 3445 1
3445 141 1
141 57 1
57 141 1
141 197 1
197 67 1
67 3585 1
3585 197 1
197 197 1
197 67 1
67 3585 1
3585 197 1
197 197 1
197 67 1
67 3585 1
3585 197 1
197 197 1
197 67 1
67 3585 1
3585 123 1
123 3445 1
3445 197 1
197 67 1
67 3585 1
3585 197 1
197 197 1
197 67 1
67 3585 1
3585 197 1
197 197 1
197 67 1
67 3585 1
3585 197 1
197 197 1
197 67 1
67 3585 1
3585 123 1
