197 67 1
67 3585 1
3585 197 1
197 197 1
197 263 1
263 3389 1
3389 197 1
197 197 1
197 67 1
67 3585 1
3585 197 1
197 197 1
197 263 1
263 3389 1
3389 197 1
197 197 1
197 67 1
67 3585 1
3585 197 1
197 197 1
197 263 1
263 3389 1
3389 1 1
1 197 1
197 141 1
141 197 1
197 141 1
141 197 1
197 141 1
141 197 1
197 1 1
1 197 1
197 67 1
67 3585 1
3585 197 1
197 197 1
197 263 1
263 3389 1
3389 197 1
197 197 1
197 67 1
67 3585 1
3585 197 1
197 197 1
197 263 1
263 3389 1
3389 1 1
1 197 1
197 141 1
141 197 1
197 141 1
141 197 1
197 141 1
141 197 1
197 1 1
1 197 1
197 67 1
67 3585 1
3585 197 1
197 197 1
197 263 1
263 3585 1
3585 197 1
197 67 1
67 3585 1
3585 197 1
197 197 1
197 263 1
263 3585 1
3585 197 1
197 67 1
67 3585 1
3585 197 1
197 197 1
197 263 1
