3445 263 1
263 3445 1
3445 263 1
263 3445 1
3445 197 1
197 141 1
141 263 1
263 3445 1
3445 263 1
263 3445 1
3445 263 1
263 3445 1
3445 197 1
197 141 1
141 1 1
1 141 1
141 197 1
197 1 1
1 141 1
141 197 1
197 141 1
141 197 1
197 197 1
197 67 1
67 3585 1
3585 197 1
197 263 1
263 3585 1
3585 197 1
197 141 1
141 197 1
197 197 1
197 67 1
67 3445 1
3445 263 1
263 3445 1
3445 263 1
263 3371 1
3371 3641 1
3641 141 1
141 263 1
263 3445 1
3445 263 1
263 3445 1
3445 263 1
263 3445 1
3445 197 1
197 141 1
141 1 1
1 141 1
141 197 1
197 1 1
1 141 1
141 197 1
197 141 1
141 197 1
197 197 1
197 67 1
67 3585 1
3585 197 1
197 263 1
263 3585 1
3585 197 1
197 141 1
141 197 1
197 197 1
197 67 1
67 3445 1
3445 263 1
263 3445 1
3445 263 1
263 3445 1
3445 197 1
197 141 1
141 1 1
1 141 1
141 197 1
197 1 1
1 141 1
141 197 1
197 141 1
141 197 1
197 197 1
197 67 1
67 3585 1
3585 197 1
197 263 1
263 3585 1
3585 197 1
197 141 1
141 197 1
197 197 1
197 141 1
141 141 1
141 197 1
197 1 1
1 141 1
141 197 1
197 141 1
141 197 1
197 197 1
197 67 1
67 3585 1
3585 197 1
197 263 1
263 3585 1
3585 197 1
197 141 1
141 197 1
197 197 1
