197 67 1
67 3585 1
3585 197 1
197 197 1
197 281 1
281 197 1
197 197 1
197 67 1
67 3585 1
3585 197 1
197 197 1
197 281 1
281 197 1
197 197 1
197 67 1
67 3585 1
3585 197 1
197 197 1
197 281 1
281 197 1
197 197 1
197 67 1
67 3585 1
3585 197 1
197 197 1
197 281 1
281 197 1
197 197 1
197 67 1
67 3585 1
3585 197 1
197 197 1
197 281 1
281 197 1
197 197 1
197 67 1
67 3585 1
3585 197 1
197 197 1
197 281 1
281 197 1
197 197 1
197 67 1
67 3585 1
3585 197 1
197 197 1
197 281 1
281 197 1
197 197 1
197 67 1
67 3585 1
3585 197 1
197 197 1
197 281 1
281 197 1
197 197 1
197 67 1
67 3585 1
3585 197 1
197 197 1
197 281 1
281 197 1
197 197 1
197 67 1
67 3585 1
3585 197 1
197 197 1
197 281 1
281 197 1
197 197 1
197 67 1
67 3585 1
3585 197 1
197 197 1
197 281 1
281 197 1
197 197 1
197 67 1
67 3585 1
3585 197 1
197 197 1
197 281 1
281 197 1
197 197 1
197 67 1
67 3585 1
3585 197 1
197 197 1
197 281 1
281 197 1
197 197 1
197 67 1
67 3585 1
3585 197 1
197 197 1
197 281 1
281 197 1
197 197 1
197 67 1
67 3585 1
3585 197 1
197 197 1
197 281 1
281 197 1
