85 197 1
197 197 1
197 225 1
225 309 1
309 225 1
225 197 1
197 197 1
197 57 1
57 225 1
225 197 1
197 197 1
197 57 1
57 225 1
225 197 1
197 197 1
197 57 1
57 225 1
225 197 1
197 197 1
197 1 1
1 57 1
57 225 1
225 197 1
197 197 1
197 57 1
57 225 1
225 197 1
197 197 1
197 57 1
57 225 1
225 197 1
197 197 1
197 57 1
57 225 1
225 197 1
197 197 1
197 197 1
197 225 1
225 197 1
197 197 1
197 57 1
57 225 1
225 197 1
197 197 1
197 57 1
57 225 1
225 197 1
197 197 1
197 57 1
57 225 1
225 197 1
197 197 1
197 57 1
57 225 1
225 197 1
197 197 1
197 57 1
57 225 1
225 197 1
197 197 1
197 57 1
57 225 1
225 57 1
57 197 1
197 281 1
281 57 1
57 141 1
141 197 1
197 1 1
1 141 1
141 197 1
