1 123 1
123 3445 1
3445 1 1
1 197 1
197 207 1
207 3427 1
3427 3585 1
3585 1 1
1 263 1
263 3585 1
3585 197 1
197 1 1
1 263 1
263 3585 1
3585 197 1
197 1 1
1 263 1
263 3585 1
3585 197 1
197 1 1
1 263 1
263 3585 1
3585 57 1
57 67 1
67 3585 1
3585 57 1
57 67 1
67 3585 1
3585 1 1
1 1 1
1 197 1
197 197 1
197 67 1
67 3585 1
3585 197 1
197 197 1
197 67 1
67 3585 1
3585 197 1
197 197 1
197 67 1
67 3585 1
3585 197 1
197 197 1
197 67 1
67 3585 1
3585 197 1
197 197 1
197 67 1
67 3585 1
3585 197 1
197 1 1
1 263 1
263 3585 1
3585 197 1
197 1 1
1 263 1
263 3585 1
3585 57 1
57 67 1
67 3585 1
3585 1 1
1 57 1
57 67 1
67 3585 1
3585 1 1
1 1 1
1 197 1
197 197 1
197 67 1
67 3585 1
3585 197 1
197 197 1
197 67 1
67 3585 1
3585 197 1
197 197 1
197 67 1
67 3585 1
3585 197 1
197 197 1
197 67 1
67 3585 1
3585 57 1
57 67 1
67 3585 1
3585 263 1
263 3427 1
3427 3389 1
3389 197 1
197 197 1
197 67 1
67 3585 1
3585 197 1
197 197 1
197 67 1
67 3585 1
3585 197 1
197 197 1
197 67 1
67 3585 1
3585 197 1
197 197 1
197 67 1
67 3585 1
3585 197 1
197 197 1
197 67 1
67 3585 1
3585 197 1
197 197 1
197 67 1
67 3585 1
3585 197 1
197 197 1
197 67 1
67 3585 1
3585 197 1
197 197 1
197 67 1
67 3585 1
3585 197 1
197 197 1
197 67 1
67 3585 1
3585 197 1
197 197 1
197 67 1
67 3585 1
