197 281 1
281 197 1
197 141 1
141 197 1
197 197 1
197 141 1
141 67 1
67 3641 1
3641 113 1
113 29 1
29 197 1
197 141 1
141 197 1
197 141 1
141 197 1
197 67 1
67 3501 1
3501 281 1
281 197 1
197 141 1
141 197 1
197 141 1
141 123 1
123 3389 1
3389 253 1
253 141 1
141 197 1
197 67 1
67 3585 1
3585 197 1
197 141 1
141 253 1
253 141 1
141 281 1
281 197 1
197 263 1
263 3445 1
3445 141 1
141 263 1
263 3641 1
3641 141 1
141 253 1
253 141 1
141 141 1
141 197 1
197 67 1
67 3585 1
3585 197 1
197 141 1
141 253 1
253 141 1
141 281 1
281 197 1
197 263 1
263 3445 1
3445 141 1
141 263 1
263 3641 1
3641 141 1
141 1 1
1 197 1
197 1 1
1 197 1
197 281 1
281 197 1
197 141 1
141 197 1
197 197 1
197 141 1
141 67 1
67 3641 1
3641 113 1
113 29 1
29 197 1
197 141 1
141 197 1
197 141 1
141 197 1
197 67 1
67 3501 1
3501 281 1
281 197 1
197 141 1
141 197 1
197 141 1
141 123 1
123 3389 1
3389 253 1
253 141 1
141 197 1
197 67 1
67 3585 1
3585 197 1
197 141 1
141 253 1
253 141 1
141 281 1
281 197 1
197 263 1
263 3445 1
3445 141 1
141 263 1
263 3641 1
3641 141 1
141 253 1
253 141 1
141 141 1
141 197 1
197 67 1
67 3585 1
3585 197 1
197 141 1
141 253 1
253 141 1
141 281 1
281 197 1
197 263 1
263 3445 1
3445 141 1
141 263 1
263 3641 1
3641 141 1
141 1 1
1 197 1
197 141 1
141 197 1
197 263 1
263 3445 1
3445 141 1
141 263 1
263 3641 1
3641 141 1
141 1 1
1 197 1
