3445 141 1
141 57 1
57 67 1
67 3585 1
3585 197 1
197 197 1
197 67 1
67 3585 1
3585 197 1
197 197 1
197 281 1
281 57 1
57 141 1
141 263 1
263 3585 1
3585 57 1
57 141 1
141 263 1
263 3585 1
3585 57 1
57 67 1
67 3585 1
3585 197 1
197 197 1
197 67 1
67 3585 1
3585 197 1
197 197 1
197 67 1
67 3585 1
3585 197 1
197 197 1
197 281 1
281 57 1
57 141 1
141 263 1
263 3585 1
3585 57 1
57 141 1
141 263 1
263 3585 1
3585 57 1
57 67 1
67 3585 1
3585 197 1
197 197 1
197 67 1
67 3585 1
3585 197 1
197 197 1
197 67 1
67 3585 1
3585 197 1
197 197 1
197 281 1
281 197 1
197 263 1
263 3585 1
3585 57 1
57 141 1
141 263 1
263 3585 1
3585 57 1
57 141 1
141 263 1
263 3585 1
3585 57 1
57 141 1
141 263 1
263 3585 1
3585 57 1
57 141 1
