197 67 1
67 3585 1
3585 197 1
197 197 1
197 67 1
67 3585 1
3585 197 1
197 197 1
197 67 1
67 3585 1
3585 197 1
197 197 1
197 67 1
67 3585 1
3585 67 1
67 3651 1
3651 3427 1
3427 3651 1
3651 3427 1
3427 3651 1
3651 3427 1
3427 3641 1
3641 57 1
57 141 1
141 197 1
197 67 1
67 3585 1
3585 197 1
197 197 1
197 67 1
67 3585 1
3585 197 1
197 197 1
197 67 1
67 3585 1
3585 197 1
197 197 1
197 67 1
67 3585 1
3585 197 1
197 197 1
197 67 1
67 3585 1
3585 197 1
197 197 1
197 67 1
67 3585 1
3585 67 1
67 3651 1
3651 3427 1
3427 3651 1
3651 3427 1
3427 3651 1
3651 3427 1
3427 3641 1
3641 57 1
57 141 1
141 197 1
197 67 1
67 3585 1
3585 197 1
197 197 1
197 67 1
67 3585 1
3585 197 1
197 197 1
197 67 1
67 3585 1
3585 197 1
197 197 1
197 67 1
67 3585 1
3585 67 1
67 3651 1
3651 3427 1
3427 3651 1
3651 3427 1
3427 3651 1
3651 3427 1
3427 3641 1
3641 57 1
57 141 1
141 197 1
197 67 1
67 3585 1
3585 197 1
197 197 1
197 67 1
67 3585 1
