141 57 1
57 141 1
141 141 1
141 57 1
57 207 1
207 3445 1
3445 123 1
123 3585 1
3585 141 1
141 197 1
197 197 1
197 281 1
281 197 1
197 197 1
197 197 1
197 67 1
67 3585 1
3585 197 1
197 197 1
197 67 1
67 3585 1
3585 197 1
197 67 1
67 3585 1
3585 197 1
197 197 1
197 1 1
1 141 1
141 57 1
57 141 1
141 141 1
141 57 1
57 281 1
281 141 1
141 197 1
197 197 1
197 281 1
281 197 1
197 197 1
197 1 1
1 197 1
197 67 1
67 3585 1
3585 197 1
197 197 1
197 67 1
67 3585 1
3585 197 1
197 67 1
67 3585 1
3585 197 1
197 197 1
197 207 1
207 3641 1
3641 197 1
197 1 1
1 1 1
1 197 1
197 67 1
67 3585 1
3585 197 1
197 197 1
197 67 1
67 3585 1
3585 197 1
197 67 1
67 3585 1
3585 197 1
197 197 1
