197 281 1
281 57 1
57 281 1
281 197 1
197 197 1
197 281 1
281 57 1
57 281 1
281 197 1
197 197 1
197 281 1
281 197 1
197 123 1
123 3389 1
3389 57 1
57 141 1
141 1 1
1 197 1
197 281 1
281 57 1
57 281 1
281 197 1
197 197 1
197 281 1
281 57 1
57 141 1
141 197 1
197 281 1
281 197 1
197 123 1
123 3389 1
3389 57 1
57 281 1
281 1 1
1 57 1
57 281 1
281 197 1
197 197 1
197 281 1
281 197 1
197 197 1
197 67 1
67 3371 1
3371 3445 1
3445 197 1
197 281 1
281 197 1
197 1 1
1 1 1
1 197 1
197 67 1
67 3585 1
3585 197 1
197 197 1
197 141 1
141 123 1
123 3389 1
3389 57 1
57 141 1
