197 67 1
67 3585 1
3585 263 1
263 3445 1
3445 197 1
197 67 1
67 3585 1
3585 263 1
263 3501 1
3501 197 1
197 67 1
67 3585 1
3585 1 1
1 197 1
197 197 1
197 207 1
207 3445 1
3445 57 1
57 141 1
141 197 1
197 207 1
207 3445 1
3445 57 1
57 67 1
67 3585 1
3585 57 1
57 67 1
67 3585 1
3585 197 1
197 197 1
197 67 1
67 3585 1
3585 197 1
197 197 1
197 67 1
67 3585 1
3585 1 1
1 197 1
197 197 1
197 207 1
207 3445 1
3445 57 1
57 141 1
141 197 1
197 207 1
207 3445 1
3445 57 1
57 67 1
67 3585 1
3585 57 1
57 67 1
67 3585 1
3585 197 1
197 197 1
197 67 1
67 3585 1
3585 197 1
197 197 1
197 67 1
67 3585 1
3585 1 1
1 197 1
197 197 1
197 281 1
281 1 1
1 57 1
57 67 1
67 3585 1
3585 57 1
57 67 1
67 3585 1
3585 197 1
197 197 1
197 67 1
67 3585 1
3585 197 1
197 197 1
197 67 1
67 3585 1
3585 1 1
