197 67 1
67 3585 1
3585 57 1
57 263 1
263 3389 1
3389 123 1
123 3371 1
3371 3445 1
3445 197 1
197 141 1
141 197 1
197 67 1
67 3585 1
3585 197 1
197 197 1
197 67 1
67 3585 1
3585 197 1
197 197 1
197 281 1
281 197 1
197 141 1
141 319 1
319 3511 1
3511 3585 1
3585 197 1
197 197 1
197 281 1
281 123 1
123 3585 1
3585 197 1
197 197 1
197 67 1
67 3585 1
3585 197 1
197 197 1
197 281 1
281 123 1
123 3585 1
3585 197 1
197 197 1
197 67 1
67 3585 1
3585 197 1
197 197 1
197 67 1
67 3585 1
3585 197 1
197 197 1
197 67 1
67 3585 1
3585 197 1
197 197 1
197 281 1
281 123 1
123 3585 1
3585 197 1
197 197 1
197 67 1
67 3585 1
3585 197 1
197 197 1
197 281 1
281 123 1
123 3585 1
3585 197 1
197 197 1
197 67 1
67 3585 1
3585 57 1
57 67 1
67 3585 1
3585 197 1
197 197 1
197 281 1
281 123 1
123 3585 1
3585 197 1
197 197 1
197 67 1
67 3585 1
3585 57 1
57 141 1
141 141 1
141 197 1
197 197 1
197 67 1
67 3641 1
3641 67 1
67 3585 1
3585 123 1
123 3585 1
3585 123 1
123 3585 1
3585 123 1
123 3585 1
3585 57 1
57 141 1
141 197 1
197 281 1
281 123 1
123 3585 1
3585 197 1
197 197 1
197 67 1
67 3585 1
3585 57 1
57 67 1
67 3585 1
3585 197 1
197 197 1
197 67 1
67 3585 1
3585 197 1
197 197 1
197 67 1
67 3585 1
3585 197 1
197 197 1
197 281 1
281 123 1
123 3585 1
3585 197 1
197 197 1
197 67 1
67 3585 1
3585 197 1
197 197 1
197 281 1
281 197 1
197 141 1
141 319 1
319 3511 1
3511 3585 1
3585 253 1
253 1 1
1 1 1
1 1 1
1 1 1
1 1 1
1 1 1
1 1 1
