197 67 1
67 3567 1
3567 3389 1
3389 197 1
197 197 1
197 67 1
67 3585 1
3585 197 1
197 197 1
197 67 1
67 3567 1
3567 3389 1
3389 197 1
197 197 1
197 67 1
67 3585 1
3585 197 1
197 1 1
1 197 1
197 67 1
67 3567 1
3567 3389 1
3389 197 1
197 197 1
197 67 1
67 3585 1
3585 197 1
197 197 1
197 67 1
67 3567 1
3567 3389 1
3389 197 1
197 197 1
197 67 1
67 3585 1
3585 197 1
197 67 1
67 3641 1
3641 197 1
197 207 1
207 3371 1
3371 3641 1
3641 197 1
197 207 1
207 3641 1
3641 67 1
67 3501 1
3501 207 1
207 3371 1
3371 3641 1
3641 1 1
1 197 1
197 67 1
67 3567 1
3567 3389 1
3389 197 1
197 197 1
197 67 1
67 3585 1
3585 197 1
197 67 1
67 3641 1
3641 197 1
197 207 1
207 3371 1
3371 3641 1
3641 197 1
197 207 1
207 3641 1
3641 67 1
67 3501 1
3501 207 1
207 3371 1
3371 3641 1
3641 141 1
141 85 1
85 197 1
197 281 1
281 113 1
113 85 1
85 197 1
197 281 1
281 113 1
113 85 1
85 197 1
197 281 1
281 113 1
113 85 1
85 197 1
197 281 1
281 113 1
113 85 1
85 197 1
197 281 1
281 113 1
113 85 1
85 197 1
197 281 1
281 113 1
113 85 1
85 197 1
197 281 1
281 113 1
113 85 1
85 197 1
197 281 1
281 113 1
113 85 1
85 197 1
197 281 1
