3445 57 1
57 85 1
85 57 1
57 67 1
67 3445 1
3445 57 1
57 207 1
207 3445 1
3445 57 1
57 207 1
207 3445 1
3445 57 1
57 207 1
207 3445 1
3445 57 1
57 207 1
207 3445 1
3445 57 1
57 207 1
207 3445 1
3445 57 1
57 207 1
207 3445 1
3445 57 1
57 207 1
207 3445 1
3445 57 1
57 141 1
141 67 1
67 3585 1
3585 197 1
197 197 1
197 67 1
67 3585 1
3585 197 1
197 197 1
197 67 1
67 3585 1
3585 197 1
197 197 1
197 67 1
67 3585 1
3585 57 1
57 67 1
67 3371 1
3371 3445 1
3445 57 1
57 207 1
207 3445 1
3445 57 1
57 207 1
207 3445 1
3445 57 1
57 207 1
207 3445 1
3445 57 1
57 207 1
207 3445 1
3445 57 1
57 207 1
207 3445 1
3445 57 1
57 207 1
207 3445 1
3445 57 1
57 207 1
207 3445 1
3445 57 1
57 141 1
141 67 1
67 3585 1
3585 197 1
197 197 1
197 67 1
67 3585 1
3585 197 1
197 197 1
197 67 1
67 3585 1
3585 197 1
197 197 1
197 67 1
67 3585 1
3585 197 1
197 197 1
197 141 1
141 57 1
57 207 1
207 3445 1
3445 57 1
57 207 1
207 3445 1
3445 57 1
57 207 1
207 3445 1
3445 57 1
57 207 1
