3389 57 1
57 67 1
67 3445 1
3445 67 1
67 3641 1
3641 141 1
141 197 1
197 67 1
67 3641 1
3641 123 1
123 3389 1
3389 197 1
197 123 1
123 3389 1
3389 123 1
123 3641 1
3641 263 1
263 3445 1
3445 141 1
141 1 1
1 197 1
197 67 1
67 3585 1
3585 197 1
197 197 1
197 67 1
67 3585 1
3585 197 1
197 197 1
197 67 1
67 3641 1
3641 281 1
281 197 1
197 123 1
123 3389 1
3389 123 1
123 3641 1
3641 281 1
281 123 1
123 3445 1
3445 197 1
197 141 1
141 197 1
197 67 1
67 3585 1
3585 197 1
197 197 1
197 67 1
67 3585 1
3585 197 1
197 197 1
197 67 1
67 3585 1
3585 197 1
197 197 1
197 67 1
67 3641 1
3641 281 1
281 123 1
123 3641 1
3641 141 1
141 197 1
197 67 1
67 3641 1
3641 281 1
281 197 1
197 197 1
197 67 1
67 3641 1
3641 281 1
281 253 1
253 197 1
197 197 1
197 197 1
197 29 1
29 197 1
197 67 1
67 3641 1
3641 281 1
281 197 1
197 197 1
197 67 1
67 3641 1
3641 281 1
281 253 1
253 197 1
197 197 1
197 197 1
197 29 1
29 1 1
1 1 1
1 1 1
1 1 1
1 123 1
123 3389 1
3389 197 1
197 123 1
123 3389 1
3389 197 1
197 197 1
197 67 1
67 3585 1
3585 197 1
197 197 1
197 67 1
67 3585 1
3585 197 1
197 197 1
197 67 1
67 3585 1
