197 57 1
57 225 1
225 197 1
197 197 1
197 57 1
57 225 1
225 197 1
197 197 1
197 57 1
57 225 1
225 197 1
197 197 1
197 57 1
57 225 1
225 197 1
197 197 1
197 57 1
57 225 1
225 197 1
197 197 1
197 57 1
57 225 1
225 197 1
197 197 1
197 57 1
57 225 1
225 197 1
197 197 1
197 57 1
57 225 1
225 197 1
197 197 1
197 57 1
57 225 1
225 197 1
197 197 1
197 57 1
57 225 1
225 197 1
197 197 1
197 57 1
57 225 1
225 197 1
197 197 1
197 57 1
57 225 1
225 197 1
197 197 1
197 57 1
57 225 1
225 197 1
197 197 1
197 57 1
57 225 1
225 197 1
197 197 1
197 57 1
57 225 1
225 197 1
197 197 1
197 57 1
57 225 1
