3585 197 1
197 197 1
197 67 1
67 3585 1
3585 197 1
197 197 1
197 67 1
67 3585 1
3585 197 1
197 197 1
197 67 1
67 3567 1
3567 3511 1
3511 3567 1
3567 3511 1
3511 3567 1
3567 3445 1
3445 67 1
67 3371 1
3371 3567 1
3567 3511 1
3511 3567 1
3567 3511 1
3511 3567 1
3567 3445 1
3445 67 1
67 3641 1
3641 67 1
67 3641 1
3641 67 1
67 3371 1
3371 3567 1
3567 3511 1
3511 3567 1
3567 3511 1
3511 3567 1
3567 3445 1
3445 67 1
67 3371 1
3371 3567 1
3567 3511 1
3511 3567 1
3567 3511 1
3511 3567 1
3567 3445 1
3445 67 1
67 3641 1
3641 67 1
67 3641 1
3641 67 1
67 3567 1
3567 3585 1
3585 123 1
123 3585 1
3585 123 1
123 3585 1
3585 263 1
263 3585 1
3585 197 1
197 197 1
197 67 1
67 3585 1
3585 197 1
197 197 1
197 67 1
67 3585 1
3585 197 1
197 197 1
197 67 1
