197 67 1
67 3585 1
3585 197 1
197 197 1
197 67 1
67 3585 1
3585 197 1
197 197 1
197 67 1
67 3585 1
3585 197 1
197 197 1
197 67 1
67 3585 1
3585 263 1
263 3371 1
3371 3445 1
3445 57 1
57 141 1
141 197 1
197 67 1
67 3585 1
3585 197 1
197 1 1
1 197 1
197 67 1
67 3585 1
3585 197 1
197 1 1
1 197 1
197 67 1
67 3585 1
3585 1 1
1 197 1
197 1 1
1 197 1
197 67 1
67 3585 1
3585 197 1
197 197 1
197 67 1
67 3371 1
3371 3585 1
3585 197 1
197 1 1
1 197 1
197 67 1
67 3371 1
3371 3585 1
3585 263 1
263 3371 1
3371 3445 1
3445 57 1
57 141 1
141 197 1
197 67 1
67 3585 1
3585 197 1
197 1 1
1 197 1
197 67 1
67 3585 1
3585 253 1
253 197 1
197 67 1
67 3585 1
3585 197 1
197 1 1
1 197 1
197 67 1
67 3585 1
3585 197 1
197 1 1
1 197 1
197 67 1
67 3585 1
3585 197 1
197 1 1
1 197 1
197 67 1
67 3371 1
3371 3585 1
3585 197 1
197 1 1
1 197 1
197 67 1
67 3585 1
3585 197 1
197 1 1
1 197 1
197 67 1
67 3371 1
3371 3585 1
3585 197 1
197 1 1
1 197 1
197 67 1
67 3585 1
3585 197 1
197 1 1
1 197 1
197 67 1
67 3585 1
3585 197 1
