3445 57 1
57 281 1
281 141 1
141 57 1
57 67 1
67 3501 1
3501 141 1
141 141 1
141 197 1
197 67 1
67 3501 1
3501 141 1
141 141 1
141 263 1
263 3501 1
3501 281 1
281 197 1
197 67 1
67 3501 1
3501 281 1
281 197 1
197 67 1
67 3501 1
3501 281 1
281 197 1
197 67 1
67 3501 1
3501 281 1
281 197 1
197 197 1
197 141 1
141 141 1
141 197 1
197 67 1
67 3585 1
3585 123 1
123 3445 1
3445 57 1
57 281 1
281 141 1
141 57 1
57 67 1
67 3371 1
3371 3501 1
3501 281 1
281 197 1
197 67 1
67 3501 1
3501 281 1
281 197 1
197 67 1
67 3501 1
3501 281 1
281 197 1
197 67 1
67 3501 1
3501 281 1
281 197 1
197 197 1
197 141 1
141 141 1
141 197 1
197 67 1
67 3585 1
3585 123 1
123 3445 1
3445 57 1
57 281 1
281 141 1
141 57 1
57 67 1
67 3371 1
3371 3445 1
3445 57 1
57 281 1
281 141 1
141 57 1
57 67 1
67 3445 1
3445 197 1
197 67 1
67 3585 1
3585 197 1
197 197 1
197 67 1
67 3585 1
3585 197 1
197 197 1
197 281 1
281 123 1
123 3445 1
3445 57 1
57 281 1
281 141 1
141 57 1
57 67 1
67 3371 1
3371 3445 1
3445 57 1
57 281 1
281 141 1
141 57 1
57 67 1
67 3501 1
3501 281 1
281 123 1
123 3389 1
3389 253 1
253 281 1
281 123 1
123 3389 1
