197 67 1
67 3585 1
3585 197 1
197 197 1
197 67 1
67 3585 1
3585 197 1
197 1 1
1 197 1
197 67 1
67 3585 1
3585 197 1
197 1 1
1 197 1
197 67 1
67 3585 1
3585 197 1
197 1 1
1 197 1
197 67 1
67 3585 1
3585 197 1
197 1 1
1 197 1
197 67 1
67 3585 1
3585 197 1
197 1 1
1 197 1
197 67 1
67 3585 1
3585 197 1
197 1 1
1 197 1
197 67 1
67 3585 1
3585 197 1
197 1 1
1 197 1
197 67 1
67 3585 1
3585 197 1
197 1 1
1 197 1
197 67 1
67 3585 1
3585 197 1
197 1 1
1 197 1
197 67 1
67 3585 1
3585 1 1
1 197 1
197 1 1
1 197 1
197 67 1
67 3585 1
3585 197 1
197 1 1
1 197 1
197 67 1
67 3585 1
3585 123 1
123 3371 1
3371 3585 1
3585 57 1
57 263 1
263 3511 1
3511 3585 1
3585 57 1
57 263 1
263 3371 1
3371 3511 1
3511 3445 1
3445 197 1
197 67 1
67 3585 1
3585 197 1
197 1 1
1 197 1
197 67 1
67 3585 1
3585 197 1
197 1 1
1 197 1
197 67 1
67 3585 1
3585 197 1
197 1 1
1 197 1
197 67 1
67 3585 1
3585 197 1
197 1 1
1 197 1
197 67 1
67 3585 1
3585 197 1
197 1 1
1 197 1
197 67 1
67 3585 1
3585 197 1
197 197 1
197 67 1
67 3585 1
3585 197 1
197 197 1
197 67 1
67 3585 1
