197 67 1
67 3585 1
3585 197 1
197 197 1
197 67 1
67 3585 1
3585 197 1
197 197 1
197 67 1
67 3585 1
3585 197 1
197 197 1
197 67 1
67 3585 1
3585 197 1
197 197 1
197 67 1
67 3585 1
3585 197 1
197 113 1
113 113 1
113 39 1
39 3585 1
3585 197 1
197 113 1
113 113 1
113 39 1
39 3585 1
3585 197 1
197 197 1
197 67 1
67 3585 1
3585 197 1
197 197 1
197 67 1
67 3585 1
3585 197 1
197 197 1
197 67 1
67 3585 1
3585 197 1
197 197 1
197 67 1
67 3585 1
3585 197 1
197 197 1
197 67 1
67 3585 1
3585 123 1
123 3585 1
3585 123 1
123 3585 1
3585 253 1
253 85 1
85 197 1
197 197 1
197 67 1
67 3585 1
3585 253 1
253 85 1
85 197 1
197 197 1
197 67 1
67 3585 1
3585 197 1
197 113 1
113 113 1
113 39 1
39 3585 1
