291 3445 1
3445 141 1
141 197 1
197 197 1
197 67 1
67 3445 1
3445 197 1
197 67 1
67 3445 1
3445 113 1
113 151 1
151 3641 1
3641 281 1
281 11 1
11 3557 1
3557 1 1
1 197 1
197 281 1
281 197 1
197 197 1
197 281 1
281 197 1
197 197 1
197 67 1
67 3445 1
3445 141 1
141 197 1
197 197 1
197 67 1
67 3445 1
3445 197 1
197 67 1
67 3445 1
3445 113 1
113 151 1
151 3641 1
3641 281 1
281 11 1
11 3557 1
3557 1 1
1 197 1
197 67 1
67 3557 1
3557 29 1
29 197 1
197 197 1
197 141 1
141 197 1
197 67 1
67 3585 1
3585 197 1
197 197 1
197 67 1
67 3445 1
3445 141 1
141 197 1
197 197 1
197 67 1
67 3445 1
3445 197 1
197 67 1
67 3445 1
3445 113 1
113 151 1
151 3641 1
3641 281 1
281 11 1
11 3557 1
3557 1 1
1 197 1
197 141 1
141 263 1
263 3585 1
3585 197 1
197 197 1
197 141 1
141 263 1
263 3585 1
3585 197 1
197 197 1
197 67 1
67 3595 1
3595 3483 1
3483 3445 1
3445 141 1
141 197 1
197 197 1
197 67 1
67 3445 1
3445 197 1
197 67 1
67 3445 1
3445 113 1
113 151 1
151 3641 1
3641 281 1
281 11 1
11 3557 1
3557 263 1
263 3361 1
