3445 319 1
319 3501 1
3501 151 1
151 3445 1
3445 319 1
319 3501 1
3501 151 1
151 3445 1
3445 141 1
141 197 1
197 197 1
197 67 1
67 3585 1
3585 197 1
197 197 1
197 67 1
67 3585 1
3585 197 1
197 197 1
197 67 1
67 3585 1
3585 123 1
123 3445 1
3445 319 1
319 3501 1
3501 151 1
151 3445 1
3445 319 1
319 3501 1
3501 151 1
151 3585 1
3585 197 1
197 197 1
197 67 1
67 3585 1
3585 197 1
197 197 1
197 67 1
67 3585 1
3585 197 1
197 197 1
197 67 1
67 3585 1
3585 197 1
197 197 1
197 67 1
67 3585 1
3585 197 1
197 197 1
197 67 1
67 3585 1
3585 197 1
197 197 1
197 67 1
67 3585 1
3585 197 1
197 197 1
197 67 1
67 3585 1
3585 197 1
197 197 1
197 67 1
