3501 141 1
141 141 1
141 197 1
197 67 1
67 3501 1
3501 141 1
141 141 1
141 197 1
197 67 1
67 3501 1
3501 67 1
67 3585 1
3585 197 1
197 197 1
197 67 1
67 3585 1
3585 197 1
197 197 1
197 67 1
67 3585 1
3585 197 1
197 197 1
197 67 1
67 3585 1
3585 197 1
197 197 1
197 67 1
67 3585 1
3585 263 1
263 3501 1
3501 141 1
141 141 1
141 197 1
197 67 1
67 3501 1
3501 141 1
141 141 1
141 197 1
197 67 1
67 3501 1
3501 67 1
67 3585 1
3585 197 1
197 197 1
197 67 1
67 3585 1
3585 197 1
197 197 1
197 67 1
67 3585 1
3585 197 1
197 197 1
197 67 1
67 3585 1
3585 197 1
197 197 1
197 67 1
67 3585 1
3585 319 1
319 3529 1
3529 123 1
123 3501 1
3501 207 1
207 3501 1
3501 141 1
141 141 1
141 197 1
197 67 1
67 3501 1
3501 141 1
141 141 1
141 197 1
197 67 1
67 3501 1
3501 67 1
67 3585 1
3585 197 1
197 197 1
197 281 1
281 197 1
197 197 1
197 281 1
281 197 1
197 197 1
197 281 1
281 197 1
197 197 1
197 281 1
281 197 1
197 197 1
197 281 1
281 197 1
197 197 1
197 281 1
281 197 1
197 197 1
197 281 1
281 197 1
197 197 1
197 281 1
281 197 1
197 197 1
197 197 1
197 225 1
225 197 1
197 197 1
197 197 1
197 207 1
207 3501 1
3501 197 1
197 225 1
225 197 1
197 197 1
197 197 1
197 141 1
141 197 1
197 197 1
197 225 1
225 197 1
197 197 1
197 197 1
197 1 1
1 1 1
1 197 1
197 225 1
225 197 1
197 197 1
197 197 1
197 281 1
281 57 1
57 197 1
197 225 1
225 197 1
197 197 1
197 197 1
197 1 1
1 1 1
1 197 1
197 225 1
225 197 1
197 197 1
197 197 1
197 67 1
67 3641 1
3641 197 1
197 225 1
225 197 1
197 197 1
197 197 1
197 263 1
263 3445 1
3445 197 1
197 225 1
225 197 1
197 197 1
197 197 1
197 85 1
85 253 1
253 197 1
197 225 1
225 197 1
197 197 1
197 197 1
