3371 3567 1
3567 3371 1
3371 3511 1
3511 3371 1
3371 3567 1
3567 3361 1
3361 151 1
151 3567 1
3567 3511 1
3511 3585 1
3585 309 1
309 151 1
151 3585 1
3585 197 1
197 197 1
197 67 1
67 3585 1
3585 197 1
197 197 1
197 67 1
67 3585 1
3585 197 1
197 197 1
197 67 1
67 3585 1
3585 197 1
197 197 1
197 1 1
1 281 1
281 57 1
57 141 1
141 113 1
113 151 1
151 3641 1
3641 1 1
1 281 1
281 309 1
309 151 1
151 3371 1
3371 3567 1
3567 3371 1
3371 3511 1
3511 3567 1
3567 3511 1
3511 3567 1
3567 3361 1
3361 151 1
151 3567 1
3567 3511 1
3511 3585 1
3585 309 1
309 151 1
151 3585 1
3585 197 1
197 197 1
197 67 1
67 3585 1
3585 197 1
197 197 1
197 67 1
67 3585 1
3585 197 1
197 197 1
197 67 1
67 3585 1
3585 197 1
197 197 1
197 1 1
1 281 1
281 57 1
57 141 1
141 113 1
113 151 1
151 3641 1
3641 1 1
1 281 1
281 309 1
309 291 1
291 3567 1
3567 3511 1
3511 3417 1
3417 151 1
151 3371 1
3371 3585 1
3585 309 1
309 151 1
151 3585 1
3585 197 1
197 197 1
197 67 1
67 3585 1
3585 197 1
197 197 1
197 67 1
67 3585 1
3585 197 1
197 197 1
197 67 1
67 3585 1
3585 197 1
197 197 1
197 1 1
1 281 1
281 57 1
57 141 1
141 113 1
113 151 1
151 3641 1
3641 1 1
1 281 1
281 309 1
309 151 1
151 3371 1
3371 3567 1
3567 3371 1
3371 3511 1
3511 3371 1
3371 3567 1
3567 3371 1
