141 197 1
197 1 1
1 67 1
67 3501 1
3501 57 1
57 11 1
11 3445 1
3445 1 1
1 1 1
1 1 1
1 1 1
1 1 1
1 1 1
1 253 1
253 85 1
85 197 1
197 67 1
67 3585 1
3585 197 1
197 197 1
197 67 1
67 3585 1
3585 197 1
197 1 1
1 1 1
1 1 1
1 1 1
1 1 1
1 1 1
1 253 1
253 85 1
85 197 1
197 67 1
67 3585 1
3585 197 1
197 197 1
197 67 1
67 3585 1
3585 263 1
263 3501 1
3501 207 1
207 3501 1
3501 207 1
207 3445 1
3445 57 1
57 141 1
141 197 1
197 67 1
67 3585 1
3585 197 1
197 197 1
197 67 1
67 3585 1
3585 197 1
197 197 1
197 67 1
67 3585 1
3585 197 1
197 197 1
197 67 1
67 3585 1
3585 197 1
