197 113 1
113 151 1
151 3585 1
3585 197 1
197 113 1
113 151 1
151 3585 1
3585 1 1
1 197 1
197 197 1
197 67 1
67 3585 1
3585 197 1
197 197 1
197 67 1
67 3585 1
3585 57 1
57 253 1
253 151 1
151 3585 1
3585 57 1
57 253 1
253 151 1
151 3585 1
3585 197 1
197 113 1
113 151 1
151 3585 1
3585 197 1
197 113 1
113 151 1
151 3585 1
3585 141 1
141 197 1
197 197 1
197 281 1
281 197 1
197 309 1
309 29 1
29 1 1
1 57 1
57 253 1
253 151 1
151 3585 1
3585 57 1
57 253 1
253 151 1
151 3585 1
3585 197 1
197 113 1
113 151 1
151 3585 1
3585 57 1
57 253 1
253 151 1
151 3585 1
3585 57 1
57 253 1
253 151 1
151 3585 1
3585 57 1
57 253 1
253 151 1
