solver_type L2R_L2LOSS_SVC_DUAL
nr_class 5
label 1 2 3 4 5
nr_feature 225
bias 1
w
0.02018111657142009 -0.01145753235106998 -0.001318198263070689 -0.005885708877443146 -0.003299921068587737 
-0.01697307257194936 0.03244107860256446 -0.009286746101991447 -0.003438080213578546 -0.00377862254280033 
0.0004467704836567379 -0.004678709835133735 0.005221478464894035 0.01298620739779487 -0.003695257710997896 
0.03099174243134071 -0.01633521040257315 0.005199816206585315 -0.007948918624033005 -0.003762379381053619 
0.04913651832797815 -0.01603852818803549 -0.03870761562771456 -0.0007967635315519406 -0.003370666137098258 
0.008175439680229194 -0.005398412668053067 0.001706642451496688 0.007928443470688627 -0.003511934518179112 
-0.009586883753706008 0.004848737587841293 -0.0124656206425811 0.0001578694169035095 -0.003511934914732158 
0.02145336759225319 -0.006790685389608821 0.006306855560891568 -0.01025772437923145 -0.00235800515449832 
0.01535878930381761 -0.004499461625392322 -0.007460200055616712 -0.006411601737014204 -0.003776365684023416 
0.008267555865481592 -0.003120780913137497 -0.007956505487710991 -0.003185115366959712 -0.003105559327307285 
0.007153721135874288 -0.005358948056055212 -0.006545319461061258 -0.004909406748628195 -0.003973925565778006 
0.009331747864396464 -0.005010579546985612 -0.00869187102132076 -0.004704887540952402 -0.00385623209588354 
0.007548270999507395 -0.005864160516089543 -0.01173063547202185 -0.006374417920272621 -0.004919172808418965 
0.009620237034058598 -0.0081260182108139 -0.009432882749192144 -0.008153927999350179 -0.00847081726678949 
0.006247098364843363 -0.003277825368675582 -0.006087071880760912 -0.003531760233962983 -0.003765411163141103 
0.007780007293069619 -0.005435868490150659 -0.007226853888266286 -0.005455283549730556 -0.004594456633763591 
0.008910234438612384 -0.005697048827670604 -0.007960007038939435 -0.005002972542390336 -0.004176889086293137 
0.007596760194310317 -0.005582957964501646 -0.008152963078396708 -0.006161169355133309 -0.005689486385031581 
0.007422462503434387 -0.006837959086001708 -0.007175231379238736 -0.006816914391117617 -0.007121102722301944 
0.007674574622966439 -0.007313825274072275 -0.007623976690513061 -0.007312783722361773 -0.007393439303150714 
0.007056710519831088 -0.006660009559807393 -0.006639928337186896 -0.006563243871774771 -0.006434909249694814 
0.003146867568740159 -0.003569035984787154 0.003250880693521782 -0.003692843594312336 -0.003546919867093454 
0.007649291058478929 -0.006164878425263315 -0.007392478521868256 -0.006573087132331747 -0.006657798373412536 
0.007156946485039132 -0.006602246722556848 -0.006737268350932059 -0.006585347514808645 -0.006792821523163205 
-0.001085036394064449 -0.002376787833410634 0.001152205943059259 -0.002527312863388355 -0.002378996628773927 
0.04736768031061948 -0.03102316033697465 -0.03071310414407998 -0.03782559968862298 -0.006070884253815725 
0.008194982957699694 -0.007282006943815563 -0.007568168811260231 -0.006892230896291774 -0.007275286219988695 
0.0006786900637346187 -0.000651139283402921 -0.0006474459973571883 -0.0006577881490370093 -0.0006411201864157806 
0.006613234347300254 -0.001166970817701395 -0.001030662399467629 -0.006241219979760494 -0.001269637700948231 
0.006211448902188881 -0.005801054582564697 -0.005730138600233518 -0.006177497926602329 -0.005574163743521322 
0.007087767311333524 -0.006617784134601641 -0.00663371191281919 -0.006772759143154597 -0.006788126265015019 
0.0007162686656224325 -0.000679911925428806 -0.0006865039143984931 -0.0006786273348324092 -0.0006679603549538587 
0.0006912160836319362 -0.0006607254107437391 -0.0006604656042734853 -0.0006647349876071414 -0.0006500722373319643 
0.0006912160836319362 -0.0006607254107437391 -0.0006604656042734853 -0.0006647349876071414 -0.0006500722373319643 
0.0006912160836319362 -0.0006607254107437391 -0.0006604656042734853 -0.0006647349876071414 -0.0006500722373319643 
0.0006912160836319366 -0.0006607254107437391 -0.0006604656042734848 -0.0006647349876071416 -0.0006500722373319641 
0.005735491565969144 -0.006138723069550414 -0.006138881506789954 -0.005335503089925091 -0.005593790165229366 
0.00581821030054526 -0.00558737379018857 -0.005640021631180821 -0.005605708558567194 -0.005526833315706971 
0.006920832375915489 -0.004417154658863419 -0.005475790852048797 -0.005013546622739743 -0.00375841317879869 
-0.003086463331857696 -0.003355545999099071 -0.002961272625058054 0.003353021781608271 -0.002262889264399662 
0.008096890359587406 -0.005992883307020041 -0.007611908167644746 -0.005895309353539407 -0.006074491171206233 
0.002728148928636381 -0.001934130255400751 -0.002592604003370213 -0.002056337022676408 -0.001886685271634259 
0.002897644229551104 -0.002005460512481691 -0.002780950736397406 -0.002101020748411542 -0.00195726132954909 
0.004558152633283316 -0.004132377670059498 -0.004357325073304976 -0.004341526412167101 -0.004250061656923596 
0.007944428141794543 -0.00783845736141309 -0.007886817142247326 -0.007782091880860114 -0.007809242883151043 
-0.002327937128098587 0.002342447421848461 -0.002281818929831359 -0.002340930879437489 -0.002281543877423658 
-0.002061960092038853 0.002076138722185495 -0.002019331882526406 -0.002052176179001119 -0.002035531271931625 
-0.001486965498647556 0.001591155022075905 -0.001706930413444934 -0.001642887373757253 -0.00163236680006371 
-0.001569946918044698 0.001605539843517576 -0.001576464618795974 -0.001574750666783352 -0.001575095116198991 
-0.00159695444482542 0.001634934295146706 -0.001602357964103967 -0.001602607333134739 -0.001602293468351416 
-0.004690243019232816 0.00487673331869105 -0.004559432049332338 -0.00470295061402663 -0.004663376307304882 
-0.005121522504823625 0.005378001497084394 -0.005036006606409736 -0.005031454412261114 -0.005001561272759281 
-0.005957705023180167 0.006062999765630482 -0.005958671597405471 -0.005864935769110041 -0.005910577490883086 
-0.005833339225206279 0.005917294991627883 -0.005742558590604157 -0.005725156038629311 -0.005816411994037722 
-0.004648706395677406 0.004715541654240601 -0.00448377111590338 -0.004523652478159994 -0.004496275224619635 
-0.005566158482023463 0.005666956454445535 -0.005517719623898218 -0.00554825433786578 -0.00545206864386513 
-0.004708242413401645 0.005703080976715027 -0.00515293385539225 -0.005020225348169636 -0.004897973085019467 
-0.005766454117318688 0.006493597607723391 -0.005649965917239452 -0.005652901260752513 -0.005855239430972473 
-0.005577670260964784 0.005904516152892092 -0.005470260646092798 -0.005450033196425639 -0.005591671493408174 
-0.004663600875608889 0.005429910723644717 -0.004942867805249273 -0.004681473879129002 -0.004824855150085334 
-0.005444082269584324 0.005891202519107515 -0.00559778895105937 -0.005323768621276449 -0.005568494883893073 
-0.004809789954807914 0.005659832797790025 -0.004934901949284666 -0.004921489157134652 -0.005467624660376207 
-0.00329913134951329 0.003295557210353974 -0.003193765993002725 -0.003245253452493086 -0.003197210442022355 
-0.003305502686762667 0.00347392588548302 -0.00348010570486212 -0.003366585733016428 -0.003321151106924178 
-0.005562613255224013 0.005599559330943133 -0.00515396457094861 -0.005298377135035438 -0.005315701836846861 
-0.005384042103973879 0.005882015818111519 -0.005518939025466334 -0.005401573567899271 -0.005567599545294641 
-0.005626660914557428 0.006455584431289027 -0.005961265786331772 -0.005560893095357839 -0.0057756119285697 
-0.005890469646754262 0.006093587825858169 -0.005816879512967501 -0.00580807684001267 -0.006040093397816532 
-0.005908536253185274 0.006030081445319406 -0.005704481762070838 -0.005706582580122145 -0.005638821244386034 
-0.005795844610800629 0.006789951352970068 -0.005725026449100126 -0.006030873341480601 -0.006218119034784043 
-0.000539500651060066 0.02512167705344282 -0.0005116450861740469 -0.0005511257809096284 -0.02554477925402674 
-0.000539500651060066 0.02512167705344282 -0.0005116450861740469 -0.0005511257809096284 -0.02554477925402674 
-0.004769182396185161 0.005191711758010664 -0.005071474618876194 -0.004814379334591663 -0.004841158986745162 
-0.003139467480336935 0.003489162208614774 -0.003144651311869335 -0.003224285429352892 -0.003299230636476857 
-0.000539500651060066 0.02512167705344282 -0.0005116450861740469 -0.0005511257809096284 -0.02554477925402674 
-0.0005686316523584507 0.03458867214627587 -0.000554812830105414 -0.0005795076743854021 -0.03596803493809533 
-0.00203201262499938 0.002312150989200819 -0.002160178026380131 -0.001985302125861426 -0.002021171986325639 
-0.001133138522040498 0.001055804322925297 -0.0009756087849367302 -0.001066685820752011 -0.001060484994482387 
-0.0009563887847818867 0.001061395221813302 -0.0009672867914185636 -0.001016972052918961 -0.0009417034120618946 
-0.01697307257194936 0.03244107860256446 -0.009286746101991447 -0.003438080213578546 -0.00377862254280033 
-0.004461936879335366 0.00547329479507185 -0.00504881569766377 -0.004819703202126161 -0.004579894194484123 
-0.0009675757832986612 0.001041893749134379 -0.0009841852256679958 -0.0009914841908479587 -0.0009532589756897508 
-0.006519450133272297 0.0071358991714212 -0.006516802458695426 -0.006543165204108941 -0.006966538540044039 
-0.002664384693984691 0.003295086105377632 -0.002648542933037537 -0.00267148157724256 -0.003226559860901139 
-0.0009683315018425524 0.001035746583321438 -0.001089602053391165 -0.0009559103308080603 -0.0009911057700507898 
-0.009586883753706008 0.004848737587841293 -0.0124656206425811 0.0001578694169035095 -0.003511934914732158 
-0.005186168616227701 0.005217917451179689 -0.004775986950349574 -0.005033407114041203 -0.004883915209395026 
-0.000958575660583176 0.0009930206178730852 -0.001030656890511647 -0.0009329260610464672 -0.0009682458266815085 
-0.002664384693984691 0.003295086105377632 -0.002648542933037535 -0.002671481577242554 -0.003226559860901137 
-0.006065654442851758 0.006242811058983815 -0.005983752054663241 -0.005959955018653347 -0.006133497268590526 
-0.001085036394064449 -0.002376787833410634 0.001152205943059259 -0.002527312863388355 -0.002378996628773927 
-0.004502793509348272 -0.004800093354133147 0.004379681631320432 -0.003700179660262508 -0.004906483558697991 
-0.005341960889544138 -0.004460976829462754 0.0168763808659947 -0.01864138135393399 -0.003936005836256052 
-0.004684941858552235 -0.003698019232591439 0.005912326231270554 -0.002101123619293873 -0.001835513349214062 
-0.001554245887437946 -0.001660288121465421 -8.188484701239872e-06 0.000241743564343766 -0.001203833971956034 
-0.001547881474959939 -0.001551779005783766 -0.0007429021045736213 -0.0007600663250685209 -0.00112939758188932 
-0.001547881474959939 -0.001551779005783766 -0.0007429021045736213 -0.0007600663250685209 -0.00112939758188932 
-0.001509897052877049 -0.001412960992513093 0.003626327962891728 -0.002061407274431695 -0.001113345396246697 
-0.001479514628552246 -0.00157254902202548 0.006062998107478366 -0.002614022862063701 -0.001242987611223606 
-0.006132246862325634 -0.006215015912898427 0.006807233247301623 -0.006181686038360204 -0.006331846635155379 
-0.007191268252752419 -0.006150234160756675 0.008448830856633465 -0.005496231061647763 -0.003772186211416906 
-0.001717168973375202 -0.009080607096682186 0.001309468036256133 -0.003900695796198973 -0.001818913682300316 
-0.01431003554777011 -0.006140566409990921 0.01096110655445216 -0.00621549809052078 -0.004377888662795107 
-0.001717168973375202 -0.009080607096682186 0.001309468036256133 -0.003900695796198973 -0.001818913682300316 
-0.001717168973375202 -0.009080607096682186 0.001309468036256133 -0.003900695796198973 -0.001818913682300316 
-0.001717168973375202 -0.009080607096682186 0.001309468036256133 -0.003900695796198973 -0.001818913682300316 
-0.006691863831593803 -0.006044516741186392 0.007528136162030259 -0.006784863933913904 -0.005890126598864866 
-0.001717168973375202 -0.009080607096682186 0.001309468036256133 -0.003900695796198973 -0.001818913682300316 
-0.0009908022306140507 -0.001324226662545484 0.01535043413474079 -0.01281403508524963 -0.002057043073981692 
0.003146867568740159 -0.003569035984787154 0.003250880693521782 -0.003692843594312336 -0.003546919867093454 
-0.001080158290854151 -0.001372465728830523 0.01337811632170551 -0.0133703726213059 -0.002057043198981027 
-0.0009666921974301588 -0.001312167091038042 0.008864749906715833 -0.008847700308513295 -0.0020570430739778 
-0.006215227630450572 -0.005730657488632083 0.006911776591337706 -0.005482268826222447 -0.005817887217340847 
-0.001276230450478396 -0.001192522712596283 0.006005035287128683 -0.007260633014832522 -0.001938110542760711 
-0.003066327910350993 -0.002127490464547508 0.007475828935964886 -0.008801279635119501 -0.0003545754067349081 
-0.01081919308073022 -0.005241248029599281 0.0106683069940498 -0.004326841542369223 -0.004845906087266563 
-0.02078037995509067 0.001604205137031213 0.03049467284241892 -0.00334437677423578 -0.003778622542803823 
-0.007891234170114531 -0.006197345546661274 0.008054964863480117 -0.006234919839472969 -0.006740077016906199 
-0.05611154950936676 -0.01044454372028436 0.06440861188334328 -0.000730682391869673 -0.003582402168487978 
-0.01538564274383829 -0.01097833205177117 0.01489521708708574 -0.01080178521448883 -0.01176870628854886 
-0.007047872165984385 -0.007405885324666188 0.007713004117860534 -0.006872097704254749 -0.006788045060482029 
-0.01370819158102867 -0.01113744327736665 0.01480748672760659 -0.0106906816636889 -0.009192143837647939 
-0.01759165151892961 -0.01756806174155567 0.0178485728669938 -0.01778873170869628 -0.01755136201768091 
-0.006175549596396132 -0.00642955322333212 0.008078399890248689 -0.005511098189804941 -0.002514464973450917 
-0.006062744194501684 -0.005223650506666617 0.005573997155934685 -0.004480258566463738 -0.00520518865221269 
-0.002582115174077049 -0.002104187641591199 0.003320613224705961 -0.002363910814915846 -0.002430895063436676 
-0.001713137144459159 -0.001758634381333901 0.001847889174888892 -0.001725251545508187 -0.001842950019600877 
-0.0007788220848666318 -0.0007654484677498246 0.0008838989494737722 -0.0007208898079661246 -0.0007768387507434013 
-0.0008238007442446276 -0.0008175368901538127 0.001014868766479961 -0.0008291453628499534 -0.0008418223886757717 
-0.006547202306326683 -0.006501354709976426 0.006679924059579247 -0.006494373284453936 -0.006642711086775001 
-0.003425890782564735 -0.003229725096295262 0.003467617644546373 -0.003168487108328709 -0.003169695802677099 
-0.001870085874858751 -0.001821107332670463 0.001918215011012874 -0.001785486470181596 -0.00179258829786994 
-0.006329259292761067 -0.006764042834213603 0.00754163635568584 -0.006246986435884165 -0.006611921035284275 
-0.006542931722022164 -0.006200855642774972 0.006605582256375181 -0.00610705712228697 -0.006329136369443308 
-0.007441755507962946 -0.005753980707076045 0.008055486189141052 -0.005846769557305134 -0.005949474298688962 
-0.003086463331857696 -0.003355545999099071 -0.002961272625058054 0.003353021781608271 -0.002262889264399662 
-0.005686870152551414 -0.005781642243850899 -0.005367273317550225 0.006140776671329565 -0.005331572754702669 
-0.005172792022816007 -0.005703606818538096 -0.005324089641673656 0.005787697197252168 -0.005246052423373335 
-0.005190096800984847 -0.00468850382609999 -0.005127966188778177 0.005344620261976665 -0.004990132818507988 
-0.002796999471954881 -0.00288511849712665 -0.002819701284280052 0.00293670174320204 -0.002790762023806751 
-0.003057929959530092 -0.003459081583271922 -0.003291873241932724 0.003663117799591335 -0.003415892689091399 
-0.005597394976227268 -0.00552636551402467 -0.005528072587691004 0.006610372055399819 -0.005935307416392035 
-0.006367059233003109 -0.006325061091494438 -0.006026061879101886 0.006864381110168828 -0.006354436957395969 
-0.004456104235215485 -0.004332004123917614 -0.004287404722383489 0.004680490145956742 -0.004365012754806751 
-0.001112779619021903 -0.001027048963498883 -0.0007555278837105317 0.0008638630343659578 -0.0007988226111241109 
-0.001112779619021903 -0.001027048963498884 -0.0007555278837105317 0.0008688875729548627 -0.0007993901428007637 
-0.001112779619021903 -0.001027048963498884 -0.0007555278837105317 0.0008688875729548627 -0.0007993901428007637 
-0.001112779619021903 -0.001027048963498884 -0.0007555278837105317 0.0008688875729548627 -0.0007993901428007637 
-0.001112779619021903 -0.001027048963498884 -0.0007555278837105317 0.0008688875729548627 -0.0007993901428007637 
-0.001112779619021903 -0.001027048963498884 -0.0007555278837105317 0.0008688875729548627 -0.0007993901428007637 
-0.001112779619021903 -0.001027048963498884 -0.0007555278837105317 0.0008688875729548627 -0.0007993901428007637 
-0.001112779619021903 -0.001027048963498884 -0.0007555278837105317 0.0008688875729548627 -0.0007993901428007637 
-0.001112779327973983 -0.001027048708128442 -0.0007555275919958134 0.0008739118232764972 -0.000799957408134383 
-0.0009534552059349575 -0.0006354832060329953 -0.0005976315645055112 0.0009902636040751997 -0.000487721347275297 
-0.001832128767738109 -0.0006686320900011117 -0.0007992416151971609 0.002005410593889903 -0.0005308835327526608 
-0.0008865486053805745 -0.0006268483342511693 -0.0005869784286479005 0.000921044066655442 -0.0004772991104846341 
-0.0008865486053805745 -0.0006268483342511693 -0.0005869784286479005 0.000921044066655442 -0.0004772991104846341 
-0.0008865486053805745 -0.0006268483342511693 -0.0005869784286479005 0.000921044066655442 -0.0004772991104846341 
-0.006369713535789931 -0.00591114201629463 -0.006244091624154543 0.007170054107897436 -0.006374153138416726 
-0.0008865486053805745 -0.0006268483342511693 -0.0005869784286479005 0.000921044066655442 -0.0004772991104846341 
-0.0008865486053805745 -0.0006268483342511693 -0.0005869784286479005 0.000921044066655442 -0.0004772991104846341 
-0.006132809314744314 -0.006164291583132523 -0.006144149186986548 0.006436889033144572 -0.006122993141719073 
-0.001080157510779381 -0.001372464948578356 -0.04043160717105182 0.04126188671208792 -0.002057043073979621 
-0.006055626195573683 -0.005801048719429267 -0.005914530006470336 0.00625833653936839 -0.005891991583199331 
-0.00720086030341553 -0.007331230609818374 -0.007024023044833654 0.007936793809760607 -0.00719078956158003 
0.0004467704836567379 -0.004678709835133735 0.005221478464894035 0.01298620739779487 -0.003695257710997896 
-0.009586883753706008 0.004848737587841293 -0.0124656206425811 0.0001578694169035095 -0.003511934914732158 
0.008175439680229194 -0.005398412668053067 0.001706642451496688 0.007928443470688627 -0.003511934518179112 
0.008175439680229194 -0.005398412668053067 0.001706642451496688 0.007928443470688627 -0.003511934518179112 
-0.009586883753706008 0.004848737587841293 -0.0124656206425811 0.0001578694169035095 -0.003511934914732158 
-0.009586883753706008 0.004848737587841293 -0.0124656206425811 0.0001578694169035095 -0.003511934914732158 
-0.006011905356884264 -0.005772015161137497 -0.00621049233745174 0.006954039681141687 -0.006290901125250987 
-0.007381738844629568 -0.005752600097856843 -0.006221432540245698 0.008797464404688003 -0.006053996577096405 
-0.001134081821180876 -0.001183007929700636 -0.001187457887597359 0.001308236961630594 -0.001621581711884135 
-0.001134081821180876 -0.001183007929700636 -0.001187457887597359 0.001308236961630594 -0.001621581711884135 
-0.001134081821180876 -0.001183007929700636 -0.001187457887597359 0.001308236961630594 -0.001621581711884135 
-0.001134081821180876 -0.001183007929700636 -0.001187457887597359 0.001308236961630594 -0.001621581711884135 
-0.001134081821180876 -0.001183007929700636 -0.001187457887597359 0.001308236961630594 -0.001621581711884135 
-0.003630650372004344 -0.003581470768490604 -0.003521179933581401 0.003811812450179201 -0.00358677685842216 
-0.003630650372004344 -0.003581470768490604 -0.003521179933581401 0.003811812450179201 -0.00358677685842216 
-0.0005686316332807933 -0.0192645247196194 -0.0005548126440517168 -0.0005795089473459401 0.01830113392633149 
-0.0005686316332807933 -0.0192645247196194 -0.0005548126440517168 -0.0005795089473459401 0.01830113392633149 
-0.000539500651060066 0.02512167705344282 -0.0005116450861740469 -0.0005511257809096284 -0.02554477925402674 
-0.000562303704694683 -0.004487531737201282 -0.0005361400552589991 -0.0005758077794891386 0.003294551558512245 
-0.0005623032298634111 -0.02467778300035524 -0.0005361395114129701 -0.0005758110321303876 0.02526785608439398 
-0.0003026939437165773 -0.009757110732892994 -0.0006370255233456154 -0.0002808621350984112 0.008395636457458312 
-0.0004860509174340312 -0.01605389847414584 -0.0005258846706985234 -0.0005129026843499391 0.0149961313823572 
-0.0003026939437165773 -0.009757110732892994 -0.0006370255233456154 -0.0002808621350984112 0.008395636457458312 
-0.0004860506911509083 -0.03930883150936341 -0.0005258833403309083 -0.0005129033055926576 0.03835125827812432 
-0.001211604329957868 -0.001212913562124535 -0.001135949788966983 -0.001292884563036551 0.001364785391629001 
-0.001278413402628735 -0.001176974707861994 -0.001018758198246576 -0.001243023627538122 0.001314057006372838 
-0.001211604329957868 -0.001212913562124535 -0.001135949788966983 -0.001292884563036551 0.001364785391629001 
-0.001211604329957868 -0.001212913562124535 -0.001135949788966983 -0.001292884563036551 0.001364785391629001 
-0.004042802124234536 -0.004220878728668232 -0.004089611811520953 -0.004076437299626831 0.004353532930470109 
-0.001211604329957868 -0.001212913562124535 -0.001135949788966983 -0.001292884563036551 0.001364785391629001 
-0.004009777568917305 -0.003853307408674828 -0.003984056376100228 -0.003844662856137474 0.004103893279072819 
-0.005238079012913001 -0.005745341261518152 -0.005350628119998955 -0.00525085556063683 0.005793304482161662 
-0.001378566568025641 -0.001482469188497762 -0.001349806169085434 -0.001666852864705275 0.001745247524668828 
-0.004113618207907596 -0.004140067775513761 -0.004177658025601192 -0.004131954689655576 0.004135720878524712 
-0.006301239722761052 -0.006837374585210223 -0.006362507757534536 -0.006397050434671834 0.007672469593174381 
-0.0006967297899585077 -0.0008440512166425453 -0.0008908985131249431 -0.0008535325308791187 0.0009357708468715853 
-0.001495949984260056 -0.001512138651859221 -0.001509500357661536 -0.001541966932803295 0.001587086474492791 
-0.001495949315962132 -0.00150925311177103 -0.001509499529411951 -0.001541485248809196 0.001590689812173666 
-0.0006967297379343517 -0.0008440513254734648 -0.0008908984000816549 -0.0008535324609073155 0.0009357709071589065 
-0.0007237069334276189 -0.000887185709125725 -0.0009611420039731976 -0.0008999129756981746 0.001026499213634958 
-0.00718694311195176 -0.007291936754681115 -0.00717538600334281 -0.007250107139507305 0.007425249356711161 
-0.006410447089440672 -0.006436803408914507 -0.006623215320301469 -0.006403460550715247 0.006659059453040217 
-0.005538985875587451 -0.00586757770113873 -0.005871108931349895 -0.005923232392089985 0.006905061528707696 
-0.005557595660997674 -0.005737938555884644 -0.005346425287718712 -0.005436141490310203 0.006179631318037279 
-0.001683247080373366 -0.00157961107769064 -0.001493541725015376 -0.001418138941497807 0.001345679276952667 
-0.005980339244426907 -0.006323183878278199 -0.00604582350271494 -0.006416944209820171 0.007122454064942094 
-0.001766006970880212 -0.00164858757560554 -0.001752042373752703 -0.001864088153971323 0.00216578051289099 
-0.002911640301591028 -0.003094910158540345 -0.003070451986199619 -0.003265327733491963 0.003294790338664642 
-0.007920119345366643 -0.008545850417679047 -0.008179046994171111 -0.008139691992048448 0.009048280200242355 
-0.006103332580633418 -0.005977431241098095 -0.006166352980240028 -0.006040972481565625 0.006318781824699135 
-0.005721880589727627 -0.006015006078207717 -0.005418864605167549 -0.005884125868897189 0.006118649098601509 
-0.006513193211410537 -0.00631222754574861 -0.006341837523710811 -0.006278104284102844 0.006539093613686171 
-0.006370696878736104 -0.006532656241098445 -0.006310744782332323 -0.006240668766722858 0.006973642170297181 
-0.003858224351737836 -0.00374981387573838 -0.00384161282263087 -0.003737048432182536 0.004014430827065141 
-0.001644227628684453 -0.001433384669752171 -0.001422772375739673 -0.001271345859406674 0.001389792903848515 
-0.002344108100960469 -0.00246724537770854 -0.002484705368310881 -0.002424927735874916 0.00250763499960561 
-0.005211592183134881 -0.005536176093830534 -0.004805852242838239 -0.00472447048485425 0.006083574321257649 
-0.005580005557804566 -0.005685728343679975 -0.005637112442324519 -0.005644395983492027 0.005884610700131762 
-0.00587467544939982 -0.00587729518702509 -0.005896592977294689 -0.007119884965868271 0.00726611825514878 
-0.001644227628684453 -0.001433384669752171 -0.001422772375739673 -0.001271345859406674 0.001389792903848515 
-4.494603737692115e-05 -0.003909498657409905 -0.002095927686360948 -0.005079599190967467 -0.002546575850446389 
