solver_type L2R_L2LOSS_SVC_DUAL
nr_class 5
label 1 2 3 4 5
nr_feature 225
bias 1
w
0.00630565233370718 0.001196728038340881 -0.0004140055708632736 -0.004106235139270296 -0.002519487476720417 
0.002970135324115029 0.003772923283651434 0.00142239472029384 -0.005039988454799943 -0.001751393589726205 
0.000769256615970342 -0.0008513208770087612 -0.002040502394566541 0.003939466782484509 -0.001434271057387341 
0.007401171031783286 0.001908660284446457 0.0003664770931936579 -0.006103589350812198 -0.003072561414630557 
0.002959083814508 0.001457619487795379 0.002240608219140618 -0.004574494981779331 -0.0008620959146216537 
-0.005895120205289487 -0.0005453169159693839 -0.002673481688862711 0.007447242080249656 -0.001335258973802455 
-0.007198825078372944 0.002954415177613283 -0.003891671999712183 0.006861458306368685 -0.003063815730249297 
0.01642940246546005 -0.000254184098414908 -0.004682649694736781 -0.008144562743051049 -0.001161224569360439 
0.01884298263614501 -0.002566461593522629 -0.007053815717656621 -0.009058589845016124 -0.0028499723234587 
0.01658991021794441 -0.001560979354276961 -0.01266494251031576 -0.002319170854015903 -0.001476019225149704 
0.0110654133982674 -0.002729713102374522 -0.007431932834819227 -0.00089035403279633 -0.000730539558938488 
0.02169424260884563 -0.001785293481119786 -0.02115898581603149 -0.005076130374629708 0.001500175270775187 
0.02347006190187096 0.002599165204141926 -0.01532640553908032 0.00656068639092663 0.002932549766612394 
0.01798702411783482 -0.003112099740858074 -0.01514041999820808 -0.004469690726428738 -0.002215067870274734 
0.01621511640482445 -0.0006999681704062545 -0.01282669695515025 0.0006933281072319357 -0.001307278285347718 
0.01542789388409889 -0.001354852170682983 -0.01268541081134124 0.001014115378322078 -0.001414045082770578 
0.01940088822075967 -0.0005379742564626967 -0.01875094716993583 -0.002926677211511711 -0.002435285196156402 
0.02082609325733132 -0.005493825911707696 -0.007350564148220648 -0.008738682308698082 -0.005177409957148184 
0.01597890368016604 -0.007110295728062059 -0.00627540236073862 -0.003118771660981683 -0.002633990196098304 
0.01813615979264089 -0.008543610746498701 -0.01159540279028108 -0.003875954348766908 -0.00149112061424758 
0.0204601855303877 -0.002681863206790432 -0.003573982290167277 4.130925951780699e-05 -0.001928813193600529 
0.000608040356531369 0.0004568071213168666 0.003579118923685799 -0.0034454244991637 -0.002129837446012273 
0.01066791432871324 2.958815685361238e-06 -0.002525979577879226 0.001482751785577196 -0.006139061500317878 
0.01767574051430475 0.0008122589958019998 -0.01195521017328047 -0.000443648142005056 -0.0009496519406152401 
0.004762161954741756 -0.002796092724147608 -0.006410550808421481 -0.001429214685637172 0.002772993615335765 
0.04859514780415144 -0.02653871304415552 -0.02825241922540058 -0.01859259662989992 -0.01674015972050393 
0.01874330010652787 -0.003523608354287487 -0.003135883768412305 -0.008536139602015387 0.001156097837118793 
0.00404940898113808 -0.001431137402363301 -0.002162762461668183 -0.0012734627152677 0.0002298707848883712 
0.02158778224772196 -0.005495990511603947 -0.0001802447857262095 -0.01559443876259958 0.003650203764033266 
0.01596872099620271 -0.003150787230684724 -0.008305943228827422 -0.003429905433233806 -0.004076564811793541 
0.01668189961272952 -0.003143997875161644 -0.006050369169393882 -5.487113349316429e-05 -0.004488118807728059 
0.002838197430345174 -0.0002071795967886701 -0.002630546509463184 -0.0004610440268190594 -0.0005507660174992075 
0.002236929363890865 -0.0004359481526915575 -0.001093517433375162 -0.0005494969223161254 -0.0006586110717449277 
0.002236929363890865 -0.0004359481526915575 -0.001093517433375162 -0.0005494969223161254 -0.0006586110717449277 
0.002236929363890865 -0.0004359481526915575 -0.001093517433375162 -0.0005494969223161254 -0.0006586110717449277 
0.002621317297078947 -0.0003853473866943306 -0.001552053720850584 -0.0009280591449967593 -0.000213804435520508 
0.009627642932194608 -0.001356486879613983 -0.001032827125466226 -0.004197714311093815 0.0009552730071260937 
0.01527885902490019 -0.002102347086348788 0.0006557147802964641 -0.001983490899693934 -0.004848972817203322 
0.01779944915511223 -6.389636704221392e-05 -0.005707934677876417 7.030387665195484e-05 -0.00183101409316304 
0.005482403097200873 -0.002384528971340217 -0.001474275333104513 -0.000371261550158431 -0.002083450936297099 
0.02032206778359388 -0.003898014322012967 -0.01038040346858873 -0.002281550792725375 -0.004204578255483429 
0.00902491021584554 -0.002012052251753635 -0.002871836813061138 0.001126662814901322 -0.003235966318650231 
0.008977166320796941 -0.001633602186447062 -0.004004473458294538 0.001220069621826441 -0.002723291209926983 
0.01503576030272068 -0.00040562144380126 -0.002765778173558701 -0.003133433829799329 -0.0008996271610881592 
0.02079114061401388 -0.003191145681154949 -0.005021399625297936 -0.005504823161376244 -0.002566883225182155 
0.003340460672041401 0.001185660493915141 -0.003440973238960167 -0.005445235017529713 -0.001205799812817992 
-0.0009339830028377996 0.003336693003456554 -0.0007598819658140395 -0.002286718459225379 -0.002039371739519925 
-0.0002976764563490485 0.0031229088222731 -0.001971092152516565 -0.003571366351248567 -0.0009435834005763287 
-0.002955399118414817 0.003026734837866933 -0.0001889069540845154 -0.003440538099379617 -0.001058540626747003 
-0.0005102622906286171 0.006417703433791525 -0.002696154106737303 -0.003467528552591962 -0.003669760692822324 
0.0008749498264369564 0.006149376281406375 -0.008652307770235576 -0.003110369799260481 -0.001801705239740622 
-0.001122402481538164 0.00757052017808373 -0.002122483164811859 -0.003107737377933184 -0.003612617713676536 
-0.006360641064334763 0.002446130572280908 -0.004290516512471786 -0.00082972829647983 -0.001923524205879805 
0.0008520883405649453 0.005874069454987063 -0.003237581200586833 0.0002672040221636239 -0.002371307872295322 
-0.004393217542623966 0.006745210385327366 0.0005548668908911744 -0.003718523436181025 -0.002608639142246396 
-0.003282722207295328 0.005620614811624205 -0.003641212407319774 -7.690309814545551e-05 -0.0011386590684293 
-0.001675320725671133 0.008554486820911075 -0.0006897443071483112 -0.0006656758100183422 -0.001859642708404182 
-0.000212402673768119 0.01043837969712579 -0.007469953951957159 -0.001489752160637907 -0.006561178416794974 
-0.001903048682996791 0.008824843299038347 -0.003542109727125885 -0.002798908050531281 0.0003753689643761678 
-0.002937555334373513 0.004536791609485734 0.0003235442570024322 -6.326182074484503e-05 -0.001997881215859483 
-0.00523817180033455 0.005691459242939814 0.001270556579934327 -0.00027827646112472 -0.001681478826287276 
0.00226567298705758 0.005500966654061001 -0.003050869415647355 -4.799047997149235e-05 -0.005576157167949352 
-0.006161763642519811 0.007645141769815914 0.001929075314605359 -0.0008335034996343027 -0.001122994339434262 
0.00351030853530846 0.001949769593381739 -0.001091648073733395 -0.002398420336734456 -0.002564072032784165 
0.00457050759005774 0.005156168059129507 -0.01029498959309237 0.000223656164745033 -0.003126436580479575 
0.001834456125593777 0.003032253087094512 -0.004408764738870845 0.0002939384543224683 -0.003208591422144407 
-0.001899619702541597 0.005003141155430671 0.003587438358327275 -0.003536022892413144 -0.003789289977816395 
-0.01060892766244176 0.005837768692861555 -0.004132892453900962 0.0005065343774974882 -0.005524753882204999 
-0.004282213269821126 0.01554029174999904 -0.004073532196762498 -0.005186679370078982 -0.003155011944494489 
0.0005428350491226867 0.01795060014066799 -0.003209489486687313 -0.001977426195859511 -0.006926929533951105 
-0.0006887527455561767 0.005449536323844196 -0.0006788409301225466 -0.003924339563385022 -0.004405099230406165 
-0.0006887527455561767 0.005449536323844196 -0.0006788409301225466 -0.003924339563385022 -0.004405099230406165 
0.001410856112030845 0.01013679096029665 -0.001709267554888004 -0.001543104242979154 -0.003456991358130212 
-0.004280553241314515 0.007213953088922751 0.001223711332739173 -0.002084438308611513 -0.001535439463650475 
-0.0006887527455561767 0.005449536323844196 -0.0006788409301225466 -0.003924339563385022 -0.004405099230406165 
-0.002671870373981929 0.0005630419772172897 0.000114311569193709 -0.00297282299073117 0.0007197261435996318 
-0.01339975316320833 0.008120387222368455 0.0004753252107295964 0.0006734090884088223 6.979646328205259e-05 
-0.002106518349579065 0.001515082940534739 -0.002060777636851768 0.001033354593259051 0.002383699731483549 
0.001951748324206479 0.004827539773208388 -0.0007236695978488129 -0.00178236713348171 -0.003502248278640484 
0.002970135324115029 0.003772923283651434 0.00142239472029384 -0.005039988454799943 -0.001751393589726205 
8.009153064326589e-05 0.01362462550026195 -0.000485494339373368 -3.275888502063898e-05 -0.00277229616899788 
0.0009503602255245492 0.005436983038203133 0.0008850021270031963 -0.003024057316614109 -0.003373198927838071 
2.983720751914486e-05 0.01769235219042904 -0.00134465234554171 -0.002745318970236877 -0.007517501266897817 
-0.002099049155720657 0.009755880345570006 0.000905202376564949 2.497085088171696e-05 -0.005397444273475694 
-0.001105927999336711 0.0001676346930113671 0.0007459160819789036 -0.001076146069260288 0.0003594703536973689 
-0.007198825078372944 0.002954415177613283 -0.003891671999712183 0.006861458306368685 -0.003063815730249297 
-0.0001999825237141868 0.009460774454168075 -0.005020479875425897 -0.002762439978209701 -0.001634639724305317 
-0.001124782462302425 0.0001437339078677686 -0.0002497075904618204 -7.802138505591733e-05 -8.065019166160194e-05 
-0.002136113925129711 0.009641518903699376 0.001161626421619893 -0.0003097569424571412 -0.005374925089424571 
-0.002862992410777128 0.01216393312861013 -0.002733089506926428 -7.939940135585551e-05 -0.007521739560092089 
0.004762161954741756 -0.002796092724147608 -0.006410550808421481 -0.001429214685637172 0.002772993615335765 
-0.008668737659770189 -0.002563121062036404 0.007848725704659804 8.018828590849676e-05 -0.007554628889188494 
-0.005491136933891676 -0.004388822916261653 0.006873268301870929 -0.002305815336078941 -0.0003059860860991329 
-0.01102721091970879 -0.001551482226568035 0.008111755288604973 -0.00271347281883279 -0.004749426264927886 
0.003153725917557803 -0.005374325235802654 -0.0007008203843541243 -0.004308943659322085 -0.001672323470683639 
-0.000729713506744321 -0.00514062811638799 0.002975328779192349 -0.002360995595463706 -0.002640735599550316 
-0.000729713506744321 -0.00514062811638799 0.002975328779192349 -0.002360995595463706 -0.002640735599550316 
-0.006115269253983955 -0.005177522426165134 0.007178685783347724 -0.002515564278980827 -0.00354293868684975 
-0.008107929839483023 -0.005894444066905277 0.008116878044632002 -0.001988923590317322 -0.002157190647307783 
-0.004986834323100285 -0.002900009847141231 0.01586667676604481 -0.004716207783230737 -0.0002447121934281914 
-0.01656114323358629 -0.002394299300581976 0.01829396463140108 -0.002832986554559816 0.0004830038347715604 
-0.002668860606905177 -0.003183483765292418 0.003731463555113157 -0.001552378937405522 0.000157639556526642 
-0.008915645301275987 -0.001168028099404838 0.02160578474635398 -0.001122181509344968 -0.002709573298589229 
-0.002668860606905177 -0.003183483765292418 0.003731463555113157 -0.001552378937405522 0.000157639556526642 
-0.002668860606905177 -0.003183483765292418 0.003731463555113157 -0.001552378937405522 0.000157639556526642 
-0.002668860606905177 -0.003183483765292418 0.003731463555113157 -0.001552378937405522 0.000157639556526642 
-0.009544141590523842 0.0005357394033789337 0.01243378638138323 0.001460304271627206 -0.001531837044865266 
-0.002668860606905177 -0.003183483765292418 0.003731463555113157 -0.001552378937405522 0.000157639556526642 
-0.001643230841912004 -0.0006779477841646168 0.004487234525027971 1.936749954407736e-05 0.001438000728336885 
0.000608040356531369 0.0004568071213168666 0.003579118923685799 -0.0034454244991637 -0.002129837446012273 
-0.003221256813559309 0.0006009050266070726 0.007734260709791434 -0.0006426372553134836 0.001377982064932847 
-0.002673256967016137 -0.001660426858428971 0.001237078587185117 0.002758965065735224 0.0004358449053215705 
-0.009212571553895042 -0.0004215871851349697 0.01301540734232814 0.0005289404044139868 0.001224344940666714 
-0.001607360628633368 -0.002211999027530488 0.000789063369765029 0.00226065910755087 0.001583434077814215 
-0.004437008121995926 -0.00254969827275597 0.005504115785458242 0.0007338374057117229 -6.287579942899877e-05 
-0.02140185720539685 0.001429987642179953 0.02422976998322381 -0.003225661200674604 -0.004862699329457215 
0.003639211265815373 0.001512391804383875 0.001497963531447129 -0.003857399855693608 -0.002177640108636864 
-0.01065016563844615 -0.002915258543953059 0.02073380791147599 -0.00372251315628035 -0.0008585792946671155 
-0.00981645782829796 -0.001655240480866973 0.0206390952321359 -0.008866928430723339 -0.002658738282249818 
-0.01829338870057915 -0.009406708969762435 0.02017382328890632 -0.00888441703918192 -2.747658625017171e-05 
-0.006514519080215347 -0.001558939861183219 0.01372380480325385 0.002060244856666878 0.0002962383097226126 
-0.02048522780587655 4.055892108392863e-05 0.03806401269438944 -0.008910652183117471 -0.003303426783436792 
-0.01769277558655943 -0.005862747468312389 0.0339535802017828 -0.004164611570631743 -0.01512478080207962 
-0.009874950894860339 -0.001500535693543552 0.01254641364590448 -0.003087289707746001 0.001386974807202786 
-0.006824282895924949 0.0004269686581326035 0.01532107767750789 -0.006469013992022658 -0.00197947132168714 
-0.0008725151770261477 0.0003283682094339536 0.01063943097299552 -0.004455223917627254 0.000228767366424475 
-0.01283324573954171 0.0003158600210479784 0.01224521908443408 0.001346017117929339 0.001176572074567271 
-0.00433457984190277 -0.0004337863343615216 0.003261834354527446 0.005360339050675974 -0.002756196955486785 
-0.004087576119226105 -0.0004820618696737188 0.0007455098400464057 0.007553186737493742 0.001526491885861071 
-0.007758616981733318 -0.002574852293134592 0.01997215280215999 0.0009540676449437014 -0.003394237036075653 
0.001002676234022801 -0.002197044691454449 0.01110836733334776 -0.001284516561869325 -0.002839064100906116 
-0.003621960578574909 -0.000521400368587725 0.004747023181840754 -0.001911201408845944 -0.008506968198065368 
-0.001574328187461884 -0.001955804245696213 0.01944288399612655 -0.000530131852882789 -0.004871804178779505 
-0.008030372099367519 0.000959504335990997 0.01511185690155965 0.001604676673106286 -0.005553658841503726 
-0.006173266986403115 -0.00680820609299814 0.02601769272951134 0.002886275226721014 -0.001352008432064592 
0.005482403097200873 -0.002384528971340217 -0.001474275333104513 -0.000371261550158431 -0.002083450936297099 
-0.005016371930315114 0.001266986457665245 -0.0009784961886011229 0.01076755067565185 -0.005903794255769454 
-0.003800964418238184 -0.0003805525794548909 -0.003232268779963337 0.01021166124192089 -0.004564558321729409 
-0.002199969222431271 -0.001062470284186714 -0.0002637325563195482 0.003145891729961052 -0.002432032562837475 
-0.003194970060288047 -0.00111383951252216 -0.003313748322394506 0.004571239130902592 -0.003318446366218164 
-0.002700076724416279 -0.00500003331140214 -0.0002260152421299558 0.005512618023111797 0.0002958813462237683 
-0.003961157665713603 -0.005669512134022319 0.0007018502580131979 0.01086191104865528 -0.00139250028232126 
-0.004299975511594649 0.001639662773855054 -0.0009438989550591216 0.008505536089175128 -0.004397120077267011 
-0.0003736798243758099 -0.004900959255499788 -0.004611680005606687 0.007565611036613804 -0.000816277927338228 
-0.002599450115825657 0.001208115890498164 0.0005001598867537397 0.003329621599663247 -0.00198458754390705 
-0.001909598964793019 -0.0005600922964625884 -0.0005774164058017633 0.003486963577665287 -0.0007345822486775049 
-0.001909598964793019 -0.0005600922964625884 -0.0005774164058017633 0.003486963577665287 -0.0007345822486775049 
-0.001909598964793019 -0.0005600922964625884 -0.0005774164058017633 0.003486963577665287 -0.0007345822486775049 
-0.001909598964793019 -0.0005600922964625884 -0.0005774164058017633 0.003486963577665287 -0.0007345822486775049 
-0.001909598964793019 -0.0005600922964625884 -0.0005774164058017633 0.003486963577665287 -0.0007345822486775049 
-0.001909598964793019 -0.0005600922964625884 -0.0005774164058017633 0.003486963577665287 -0.0007345822486775049 
-0.001909598964793019 -0.0005600922964625884 -0.0005774164058017633 0.003486963577665287 -0.0007345822486775049 
5.204979476856262e-05 -0.001011349968128869 -0.002234949983618803 0.00290334657817913 -9.646463050878132e-05 
-0.001690508031113857 1.137567411259474e-05 -0.0001081946129318739 0.002243272812668259 -0.002386665607664207 
-0.0006994577877877962 -0.000451958335774672 -0.003606147260664648 0.003930956391310567 0.001176630328057371 
-0.002983197388757628 0.0009079899762464162 0.0005396677439551665 0.002874468181016208 -0.001025373560864873 
-0.002983197388757628 0.0009079899762464162 0.0005396677439551665 0.002874468181016208 -0.001025373560864873 
-0.002983197388757628 0.0009079899762464162 0.0005396677439551665 0.002874468181016208 -0.001025373560864873 
-0.002295110785728926 -0.005163649292793404 -0.001047351722600599 0.01626994483432404 -0.002553711899515396 
-0.002983197388757628 0.0009079899762464162 0.0005396677439551665 0.002874468181016208 -0.001025373560864873 
-0.002983197388757628 0.0009079899762464162 0.0005396677439551665 0.002874468181016208 -0.001025373560864873 
-0.006431212136758117 -0.0001821082140971345 -0.003915476063850109 0.01819572643101577 -0.00353192732193421 
-0.0006920776531511644 -0.001731799927948266 -4.58214489084515e-05 0.002812292376182158 0.000587462730321741 
-0.006590186318212888 -0.003799220557626768 -0.004575873213939903 0.02051475271035016 -0.001610057506276993 
-0.004651035283427121 -0.002985466261544506 -0.0009641445330635438 0.02034388194594955 -0.003017581526731498 
0.000769256615970342 -0.0008513208770087612 -0.002040502394566541 0.003939466782484509 -0.001434271057387341 
-0.007198825078372944 0.002954415177613283 -0.003891671999712183 0.006861458306368685 -0.003063815730249297 
-0.005895120205289487 -0.0005453169159693839 -0.002673481688862711 0.007447242080249656 -0.001335258973802455 
-0.005895120205289487 -0.0005453169159693839 -0.002673481688862711 0.007447242080249656 -0.001335258973802455 
-0.007198825078372944 0.002954415177613283 -0.003891671999712183 0.006861458306368685 -0.003063815730249297 
-0.007198825078372944 0.002954415177613283 -0.003891671999712183 0.006861458306368685 -0.003063815730249297 
-0.003968005094886244 -0.003928992279106557 -0.002769535883207956 0.01288112441211196 -0.005490653874603693 
-0.001812851249505359 -0.001922462260403759 -0.002197604465520606 0.02103425513979726 -0.005039521184233561 
-0.0005311074376587421 -0.003106540302919958 -0.0004767880824817811 0.003222054617189942 -0.0006885389170157142 
-0.0005311074376587421 -0.003106540302919958 -0.0004767880824817811 0.003222054617189942 -0.0006885389170157142 
-0.0005311074376587421 -0.003106540302919958 -0.0004767880824817811 0.003222054617189942 -0.0006885389170157142 
-0.0005311074376587421 -0.003106540302919958 -0.0004767880824817811 0.003222054617189942 -0.0006885389170157142 
-0.0005311074376587421 -0.003106540302919958 -0.0004767880824817811 0.003222054617189942 -0.0006885389170157142 
-0.001850512292607541 -0.001914330444157236 -0.006830844723243775 0.009847047067992221 -0.004235009858277918 
-0.001850512292607541 -0.001914330444157236 -0.006830844723243775 0.009847047067992221 -0.004235009858277918 
-0.0003891114383327171 -0.000727803002716327 -0.0006891201316474397 -0.003480415274577737 0.001008687054939623 
-0.0003891114383327171 -0.000727803002716327 -0.0006891201316474397 -0.003480415274577737 0.001008687054939623 
-0.0006887527455561767 0.005449536323844196 -0.0006788409301225466 -0.003924339563385022 -0.004405099230406165 
-0.0006527276432558749 -0.0008474876523134492 -0.0008158636176380095 -0.003142946276797011 0.001381809198580534 
-0.002214790209080968 -0.001683225255697202 -0.001011430014466722 -0.002679193632471639 0.003470561230666397 
0.0009491066167339824 -0.003078999669807355 -0.003362672475825797 -0.004342159469582653 0.005448949921212086 
-0.0009144645349795326 -0.001184081028428688 -0.001886765915563866 -0.003447861725246457 0.002571037329002396 
0.0009491066167339824 -0.003078999669807355 -0.003362672475825797 -0.004342159469582653 0.005448949921212086 
-0.00027838573427284 -0.002913293246185288 -0.0005805217169373539 -0.004096437994118901 0.003067499987469576 
-0.0008285894358820259 -0.0005216859594001554 -7.138851271920561e-06 -0.002784650052481135 0.002638084779261375 
0.0003758926246964854 -0.002522802910811122 0.0007816904126338553 -0.003474504986843097 0.003590456106028126 
-0.0008285894358820259 -0.0005216859594001554 -7.138851271920561e-06 -0.002784650052481135 0.002638084779261375 
-0.0008285894358820259 -0.0005216859594001554 -7.138851271920561e-06 -0.002784650052481135 0.002638084779261375 
0.001340301198186285 -0.005574016566418641 -0.007567668405388584 -0.002530533315010603 0.01191360257400642 
-0.0008285894358820259 -0.0005216859594001554 -7.138851271920561e-06 -0.002784650052481135 0.002638084779261375 
0.001140361104991862 -0.003569762657900129 -0.002541314470390825 0.001777762385698289 0.009749291295038541 
-0.003318692534434458 -0.003483457104314483 -0.002273990164841838 -0.0005966721314777673 0.007941621226290723 
-0.001408354353781094 -0.001330339028303052 -4.951011076017117e-05 -0.003135729519237132 0.003739511827157808 
-0.00803644659625926 0.001589307036946453 0.002760584329001195 0.003454287933207249 0.003113481835915575 
-0.006059923198049824 -0.008549154798519152 -0.002715781528537599 0.005455143342412165 0.01974512537615351 
-0.0007483008235532466 -0.0008648191621498665 -0.0005163272190996228 -0.001129410646255856 0.003777568987929234 
-0.001763294588125536 -0.003281371069339508 -0.002696759621970206 0.001148970335799928 0.006085739976003807 
-0.002108819477491176 -0.003262800826175688 -0.001476553827974198 0.0005500765597769909 0.005794096245142353 
-0.001702682198284785 6.269069805587088e-05 -0.0002035482878477102 -0.0007145697683831277 0.002856791004630953 
-0.002199168016147075 -0.001419787117174478 -0.001168244293634046 0.0006908216621412408 0.003347435320473352 
-0.001489456249677415 -0.009176226365972304 -0.005578935957310888 -0.004800817090402986 0.02039321892593179 
-0.00386644343455191 -0.00726774324091441 0.001802889528020827 -0.0001296726922854454 0.01880756217791479 
-0.000775716368820679 -0.006119920868693101 -0.009218541768743309 -0.0002052013897645337 0.007512717420873704 
-0.007253590297752943 -0.003991974032910435 -0.00185496489577275 -0.003007006317287688 0.01527666353773276 
0.003369991129676671 -0.002595869869867431 -0.002326302428246395 -0.002987931890207724 0.00102078468499023 
-0.000615231401067481 -0.001631783846883375 -0.003806319464847658 -0.007635626884449221 0.01537034580931079 
-0.001268952345079495 0.002354833816966792 -0.001320852348076015 -0.002365697919381794 -0.001340574548710347 
0.001671900846613302 -0.001612539879586442 0.001423361272827302 -0.001095387214520907 0.0007302838844311745 
-0.009794726122642771 -0.002176807036857325 -0.005207506993066873 -0.002255711479510468 0.01916696761974532 
-0.005128039020380525 -0.005077136427395565 -0.003633218385089024 -0.0009324406553608234 0.01715168501588071 
-0.003474853645472569 -0.000802940161076962 0.001488555414381845 -0.0005132093708457519 0.01148097382032094 
-0.003822615685666603 -0.004043635536812821 0.001297673380538299 0.001394582211972026 0.01246928042130365 
-0.001355743755076806 -0.001574239648326282 -0.0052223929931246 -0.003625230903684515 0.0140292664127999 
-6.456729731782695e-05 -0.000256967812361164 -0.0001478841156207921 -0.003365339374900155 0.006211011632612471 
-0.0002347996416385635 -0.004308664444131579 -0.001694962843542817 -0.002735867484238728 0.005767960563140617 
-0.00206964823185749 -0.001293010673356749 -0.003153990627579915 0.002121075756158356 0.005204507759365672 
-0.002205385474200544 -0.004790918391804517 -0.002300745164785708 -0.002216541138891153 0.01492518364432153 
-0.000473290060095805 -0.004204367027860406 -0.0009434822579465031 0.000312757069427493 0.01252146628815562 
-0.001759691131287968 -0.002134157163045768 -0.007787552599148046 -0.004285659123023174 0.02141165454459549 
-0.0002347996416385635 -0.004308664444131579 -0.001694962843542817 -0.002735867484238728 0.005767960563140617 
0.001320096256094524 -0.0009221215119460763 -0.0003307727801955362 -0.0006827129571167338 -0.0005426513152082135 
