solver_type L2R_L2LOSS_SVC_DUAL
nr_class 4
label 1 2 3 4
nr_feature 909
bias 1
w
3.722674926469556e-05 -9.873920395136157e-05 -0.0001566254100047172 0.0004218369489841796 
-0.0003574616024447716 0.0004185635768013107 0.0001094395884283847 0.0001102497922886225 
0.0001274257595293309 -0.0001212013106030783 -0.0002261911354293113 -0.0001794497046518633 
-0.0001997787547092344 -7.406574996515613e-05 0.0002156722532870917 -0.0004432743569280328 
0.0001468845561337524 -6.287774766507135e-05 -3.149300536690439e-05 -6.513628494766557e-05 
0.000232375890068764 -0.0003672391469919405 -0.0004064503015145355 0.0005411364123925392 
3.371558303003566e-05 -5.863901986668371e-05 -0.0001394685754861456 2.667133983951075e-05 
-5.281955911359547e-05 4.989590758247983e-05 0.000114175348133279 -0.0001118915092434672 
4.203214899959825e-05 9.357162515622406e-05 -0.0001429853605239915 2.068202876682021e-05 
-4.7316597465076e-06 -0.0001067351353809862 2.106076074421372e-05 0.000112217495266891 
-0.0002288578467685201 -0.0001423410081206471 -0.0001345474047654876 0.0004791482373937165 
-0.0001022119203333709 -7.811223935714398e-05 -8.401996332402833e-05 0.0003177523607819708 
-2.707706942742375e-06 1.40780594206158e-05 -0.0001250643928698562 -5.038938504912252e-05 
5.254877310422093e-05 -0.0002365592132216352 0.0001411916572438458 -6.235247770699836e-05 
-0.0001237581073015743 -3.750838081903874e-05 4.300093655804628e-06 0.0001569088881370376 
0.0001302607647344777 -0.0003864596319074363 0.0001333389850469645 -0.0001371859639872112 
-0.0001072911645228072 -0.0004606184183118658 0.0004663669709553314 8.647474603220365e-05 
-3.330966141934292e-05 -3.738923910594585e-06 -4.194232495801887e-07 0.0001563727746812455 
-3.703000509790255e-05 -9.49579300912771e-05 7.704478105568854e-05 0.0001559711819681125 
-0.0001822587397498464 -9.086594451384213e-05 -0.0001937869553426085 0.0003122045100155739 
0.0001743204635575062 0.0003070772753358734 0.0001182048777806423 -0.0005451291153254609 
0.0004678344641180453 5.522819237218281e-05 -0.0004569437876818962 3.208751029623096e-05 
5.440578677759259e-05 -9.129791810414144e-05 -7.701920596817873e-05 7.621781493964923e-05 
0.0004082366123642251 -0.0003054959123625473 6.816236097676764e-05 -0.0002302135516365209 
-0.0001109598691469018 -0.0002197145971600537 7.445619237494121e-06 2.002512358727323e-05 
-6.021190107154736e-05 -5.863104198803549e-05 8.339352101771383e-05 -0.0001483139277847747 
-0.0001455217371661124 -0.0001491558669621888 4.429847798773057e-05 0.0002115546091485051 
-0.0002895735735153817 0.0001134473956700061 -0.0002722967547672091 0.0002011697336590786 
-0.0003121323695212344 -0.000516153297903283 0.000729919547773592 -4.540289889670032e-05 
-0.0006133405854694076 0.0001304867780495999 0.0001860154919493764 3.803144063674306e-05 
-2.585584989557176e-06 -5.62878621026757e-05 0.0001119366184547777 -0.0002513784653408106 
-0.0001345280027224004 8.13904443017844e-05 0.0001461985518025998 -0.0001789600619072216 
-8.700646475812336e-05 -4.274341601255433e-05 0.0002653777079366464 -0.0002362838118111171 
-6.370352437342231e-05 -7.230573249883383e-05 -0.0001891311649841126 0.0002894252051482377 
-3.24786993670831e-05 -0.0003006879181308123 0.000115172222784509 0.0002569873800816726 
-0.0001937317895290199 -0.000423723576349868 0.0004851671963786919 -0.0002536757269534111 
0.0003293444391727239 -0.0002503334513324833 -1.661018654751967e-05 -3.885844967404917e-06 
0.0002409651584485454 -0.0008200726022503983 0.0004010094054591028 -0.0001349190231487459 
8.561008451009437e-05 -0.0003623479796342981 -0.0001932532036588058 0.0004663182050190941 
0.0001626599909234937 -0.0002335252962503219 -4.560363650973384e-05 0.0001500233873453966 
-0.0004234983254932355 -9.194506705206955e-05 0.0003642063603900906 0.0001609263067828467 
-0.0003351860403964785 -0.0005224242326405134 0.0009218812914583321 -0.000407714753733893 
-8.095513674917377e-05 -3.428437520921495e-06 0.0003273815118262288 0.000345732828683713 
-0.0001138963424888395 9.396873814171197e-06 -0.0001927760951929274 0.0002679867343710629 
1.598849916979129e-05 -6.940628084276767e-05 0.0003753011374676065 -0.0004782311373633951 
-0.0001600068946835299 0.0001732417032281713 -0.0002010080308707878 0.0002080755278967599 
-4.663624955481009e-06 -0.0001213014738631077 8.543281111852732e-06 6.751382223223017e-05 
-0.0001667940591143916 -2.333217555194934e-05 0.0003108582327152003 -2.582513343010367e-05 
-2.551965821338873e-05 3.898003378964367e-05 -2.454169934889711e-05 -0.0001216222879026699 
0.0001221570177536413 -8.886203421738101e-05 -6.158087281909992e-05 -1.617726877549533e-05 
4.397272537705422e-05 -7.222770404240948e-05 0.0001988836146013802 -0.0003761344156026905 
-9.099158089050699e-06 -1.226308977046993e-05 -4.537779047615956e-05 0.0001369256460879639 
2.508375243560414e-05 1.300593504585474e-05 0.0001615164996690663 -0.0005730751473727978 
0.000764557980074574 -0.0004191749765868939 -0.0009824149854547918 0.000182922074960193 
-3.633718489826161e-05 -2.677801503847214e-05 -1.635381608508696e-05 -1.600099355986403e-05 
0.000179974799129586 0.0004725424059649523 -0.0002307372169595324 -0.0006858889263630536 
4.46428825386211e-05 -0.0006653731429995837 0.0001639822845440782 0.000315248953131293 
-4.353213968003448e-05 -0.0001480737227314029 0.0002753815842366077 -0.0001307831080545212 
-0.0001109709690813357 -0.0001453868829157452 -0.0002221851493344226 0.0004745375727832449 
0.0003818563459139636 -0.0003668906141929324 -0.0003639996836673428 -0.0002000043898581839 
0.000219508530400787 0.0002170657826155156 -0.0004487472948496894 -0.0001996263544436326 
-0.0002294111255397437 0.0003483553076128396 0.0002136476412478671 -0.000280905545198353 
4.887240959371437e-05 -4.612834934191455e-05 0.0004287561374839435 -0.0001584593981116522 
-0.0003551766787063409 0.0004230601174090732 -0.000147840673904134 0.0003836713051358177 
-0.0002439672212211654 0.0001131291589068045 -0.000580840622845919 0.0006301905177232139 
5.082133271832225e-05 0.0001604773721327382 -0.0001689473970109427 -0.0003925633122166581 
-0.0002892222323643719 -0.0002639626808476046 0.000205537680254778 0.0002978985268286951 
-0.0001609313302547051 0.0002651423408063954 -0.0003940326086658649 0.0002138094622141508 
-3.118669218576196e-05 -0.0005603856239976203 8.030381524273514e-06 0.0003987453402126079 
-0.0001179869569122701 -0.0003231036150845403 0.0003816480459938096 7.584032835807517e-05 
-0.0002258678764841254 -2.375709424800836e-05 -4.374151845571895e-05 0.0001900835259429831 
0.0003628994112460163 0.0002495231426307781 -0.0005208187909596152 1.499615141644682e-05 
-0.0001449935708545887 0.0001214108274675648 -8.335245701790923e-05 0.0003487181148351442 
-0.0001086381587207807 -0.0001231164086030995 0.0001187857747377734 0.0001700807644796355 
-5.291146561615693e-05 -2.653294816679828e-06 -5.598437619572379e-05 -0.0001329741869990271 
9.93065876088403e-05 -5.039666421591455e-06 6.646421260810604e-05 1.721506815101234e-05 
0.0001396596510788624 -0.0001869015415584547 8.246187566628145e-05 -0.0001162113876232223 
-8.68664695458672e-05 3.35830193454724e-06 -6.905179598699103e-06 3.540507692054389e-05 
-0.0004358656166100282 0.0002999130950081882 -0.0001240966259322618 0.0007242261810713352 
-4.046945114684011e-05 0.0002003223121605264 -0.0005179545897272676 -9.63511570323018e-06 
-2.196920174820649e-05 -0.0001374380498801102 0.0002916829540516825 7.379545305647422e-05 
-0.0002416148227074546 -0.0001751162035768255 -0.0003923176326886601 0.0002034019302187716 
0.0001988465262382836 -0.0003006981281146334 -1.325905545428784e-05 -0.0006027274567993305 
7.491223443542771e-05 -0.0001676425629710743 0.0003895743899706433 -3.454121120178862e-05 
3.946167648089079e-05 -0.0001683429592629165 0.0003807624105522517 -7.562976528318814e-05 
0.0002796574642888326 -7.391421213363658e-05 -0.0002787641528377439 0.0001327954249738057 
8.619503509453723e-05 -0.0001337611459016621 -0.0001560342743995735 0.0002650305793635072 
4.233951691866516e-05 0.0001868701485273181 -0.0001304952572789304 -6.540615732634668e-05 
-1.305998245965217e-05 6.62999621773349e-05 9.67669489568689e-05 -6.863847898012035e-05 
0.0001966518002628009 -0.0001301575680232209 -0.0001249156412765406 0.0001022999964287661 
-0.000137164267636208 -0.0002842034703839046 0.00021399205140797 0.0001717494366983748 
0.0003076898012308246 -0.0002140300548837912 -0.000304268583661824 -8.998487169400419e-05 
0.0002347094649285725 -5.226292908499712e-05 -0.0002787556854820103 0.0001930753555758121 
-0.0001422921261919853 0.0002175901888121438 -0.0002916153686941926 -9.847949279095622e-05 
0.000242769251444315 -0.000319910882184069 -0.0001272050696522546 -0.0001263553197090545 
7.887185221358388e-05 -9.853818751214533e-05 -6.961708437637395e-05 -0.0003683050806988604 
-0.0001080408420445766 8.447675424179112e-05 0.0003996884643861605 -0.0004867835131269109 
-8.095150069623563e-05 -0.000118630268427565 -5.315592966264271e-05 0.0002377759171846376 
-0.0005985786966903107 8.130851884091545e-05 5.630798362196972e-06 0.0006745248604073534 
-0.0002744798290714874 0.0001242036312850496 0.0003017305785675404 -9.630615240979466e-05 
-0.000280480175889559 0.0001282564727638267 -6.317930281317053e-05 0.0005802943436916888 
-5.439874958621264e-05 -1.93576781774556e-06 0.0001287310895197975 -3.504081655076365e-06 
-0.0002506241007069677 8.546122399990756e-06 1.257737175793281e-05 0.0002354869589179952 
-0.0002084275204599329 -0.0001467021037125489 0.0005175798655187368 -9.077254741646062e-05 
0.0001374559299750774 -0.0002750603326079083 3.837444192343016e-05 -9.574787212598143e-05 
-0.000135371444942136 0.0001840145705210177 -0.0002406032326503213 0.0003122865759414329 
0.0002952918353686833 1.977479995046897e-05 -0.000381060424817897 -0.0003010215427708803 
0.0002721646186355431 -7.508632216548909e-05 -0.0003300940087486031 3.433712090400248e-05 
0.0002918309156325922 -6.234755420894069e-05 6.609850500081713e-05 9.885133972608687e-05 
0.000236839481065555 0.000225283085702212 -0.0005211078934745856 4.815677416153376e-05 
-0.0001260521889475999 0.0001335788544327839 -0.0002675296033113443 0.0005123200668674934 
0.0001173391109356957 8.988189270538015e-05 -0.0004295413318606496 1.648024152562879e-05 
-4.905056751098901e-05 -0.0002433735745612125 0.0001732314559010705 -0.0001115538157455565 
-0.0001447206130490457 0.0002945832981952322 -0.0002964927140215151 0.000128275371942437 
-6.43435001212943e-05 -7.014127266853074e-05 3.87609355360492e-05 -6.192897916241492e-05 
-6.706959720828574e-05 -0.0001367113334385216 9.464215840022658e-05 -8.254822060052411e-06 
2.150047572592034e-05 0.0002655614004604755 -0.000190215359398911 -0.000147983713194398 
7.061721423045411e-05 -0.0001582299818245178 -3.974991537196675e-05 -0.0001489902677382239 
0.0001405599729514288 0.0002192701579233749 -0.0002375013916621509 -0.0001495965108451645 
0.0001379503655705542 -0.0003161736153114004 -0.0001480581627223802 0.0001430118895597739 
0.0002470018539128104 -0.0001294696528721482 -0.0001027366474501987 -0.0001460238056774859 
0.0001469426665841833 -0.0002362141814658464 -0.0002135784980038757 0.0002083934241275121 
0.0001024514919622595 3.810008522461609e-06 0.0001483383054283498 -0.0002188179045764689 
-0.0003903937739153391 -2.407405503652296e-05 0.0004058098722209371 8.159812585536008e-05 
0.0001355743998125738 -0.0002236085429859198 0.0001712605325512684 -0.0002090265338966522 
0.0001044399421560376 -1.957372849754577e-05 5.553752664255658e-05 -0.0005205538344993513 
8.479305427072475e-05 -0.000369532543121071 0.000936435915950379 -0.0005629421620090188 
-1.876120483355186e-05 8.175814933754572e-05 4.671549020519136e-06 -0.0002051486223025373 
2.920167878990074e-05 3.346460772599029e-05 0.0001377866330468859 -0.0004069931699654176 
-0.0001011017103980862 0.0002842917433752695 -0.0001417396191816001 1.292937668530536e-05 
5.994257154075857e-05 -8.978438157002892e-05 0.0001784191684387545 -6.905606731699659e-05 
-0.0001830107119547389 0.0001070897196217679 0.0002540581452139651 0.0001005845538277805 
-0.0002794885651888739 -0.0006479741798465527 0.001585031949883197 -0.0004525088963955085 
0.0002462554709889916 0.000118363071687707 -9.868622463458318e-05 -0.0003034144413147188 
-9.246878667872827e-05 -2.128108385846867e-05 0.0001474618103319802 0.0001954919936893 
-0.0002404973031307975 -7.813342997585098e-05 0.0003727161831810249 8.665621471107726e-05 
0.0003325216925626627 -7.647376422780987e-05 -0.0001601902202034917 -0.0001163056902341109 
0.0002286269138935103 -0.0002431015506892237 0.0003857419996038979 -0.0005178655733638826 
-0.0002696554725860929 -3.271292340907991e-05 0.0001957786796126256 5.024884210574849e-05 
-0.0004629610230808832 0.0007369579886144216 -0.0002908840648218113 -0.0002179244039307144 
-0.0001842271025274096 -0.0002166172584604747 0.0004814263197459829 2.94486214448261e-05 
-0.0002139114783770288 0.0003225113251314654 -0.0006523543847436729 0.0004842504741437333 
-0.0001220178462356709 0.0005700669214921777 0.0003937585568947858 -0.000201451832795412 
-0.0003054244290100985 0.0001118655485986722 -0.0002265936401422851 -0.0002486573391993113 
0.0001217547306062305 -0.0003266684247983781 -7.658413100452155e-05 0.000125914871390202 
-0.0002782448968016317 0.0003154594383488684 -0.001383789930437843 0.001111670903027561 
-0.0001016090736002064 0.0001113657293886102 -0.0001092151109659535 -0.0002729103874553629 
-0.0003631705420493252 0.0001578494163948666 -0.0003315124401381019 0.000426410781570802 
0.0001972043886196782 -8.320902049408653e-05 -0.00035087769573933 0.0001757059904706595 
1.796400402453978e-05 -0.0001606917056916452 0.0001686007020190788 7.801954003009905e-05 
4.81573347511564e-05 -0.0002224002443343465 -0.000122576814881383 0.0001053211207306592 
-0.0002141292915472372 8.357262684182297e-05 0.0001076171827852547 0.0001676769429201962 
-9.142089158521202e-05 4.648884347197376e-05 -0.0001864382456031323 0.000330739523423346 
-4.854543449189905e-05 -1.094516464531153e-05 1.088539050735753e-06 6.040465297924512e-05 
5.117097974436861e-05 -3.67157485964082e-05 4.934608757446362e-05 4.564794093159191e-05 
-2.9529507895606e-05 -0.0001327220890077173 0.0002289645889598286 -5.047435361177084e-05 
-0.0001308152066069397 -0.000353137583079271 0.0002357501442817889 5.089545676247394e-05 
0.0001938843216075252 -0.0001734074966280734 3.057516526996662e-05 -0.0001625878335597921 
7.635978602846415e-05 -0.0002782013775040065 -3.071338020581016e-05 -4.154503152599723e-05 
-0.0004717847415248301 -9.274855521411489e-05 0.0005055552028247482 -3.681659794385737e-05 
-5.711837080369654e-05 2.802141298162497e-05 0.0002132411782936783 -1.296592828110185e-05 
0.0002294338012932595 -0.0006074880200113083 0.0004981846424494793 -0.0002652385752225922 
-0.0001062703363730188 0.0002861789844759712 -8.270096161790952e-05 1.042522159574862e-05 
-0.0001933269512673135 0.0002828986042433904 0.0001242090206758053 -5.693167924824148e-05 
-0.0001255071784760492 -0.0005438307644250885 0.0007913109610240401 -0.0002842847829266516 
0.0003581624919943913 9.137738000870521e-05 -0.0001756042182540448 -0.0005636797385168371 
0.0001524433079970801 -0.0001791681173396898 0.0001775001603758302 -0.0001112794881339519 
9.597469867375986e-05 3.293259352221819e-05 -0.0002046192942701436 -0.0001466759894233745 
-0.000126213535203656 0.0002295597205993648 9.378247812103901e-05 -0.0001688580575266417 
-0.0003583415718110849 -4.147996355165979e-05 0.00065727663817961 -0.0001918183292323604 
0.0001174677336709827 0.0001376926087313199 -0.0001011575055940582 -0.0001440005596406647 
-1.33502665814174e-05 0.0001204736539089763 -0.0004341225595987848 0.0003597731506778725 
-0.0001263571419527834 -0.0002889299788378413 0.0001256722277431179 -0.0002502866574659563 
0.0002515063527726314 -0.0002491037064398503 -0.0001528126872262264 0.0001986379936108541 
-0.0003600813916422612 -0.0005758950327506997 0.0009559692210660755 -0.000398335718977589 
2.566039393446817e-05 -6.6766054236456e-05 -0.0001419369716397949 -4.867147852096967e-06 
0.0001314621434801852 7.182170078957137e-05 -0.0002811124437725184 -2.013872523657459e-05 
-9.864689864859806e-05 8.305244813546167e-05 -0.0001359750819050706 -0.0001196368171853181 
0.0001579390918495677 -0.0004158292525709581 0.000487388536390514 0.0002171793560686655 
-0.0002417456839160019 0.0002685299065466974 -3.823075985510376e-05 -0.0007809491516646241 
-0.0001069443545254017 1.1563324229836e-05 -0.0003000249708539189 0.000390318461914385 
-1.504367467321945e-06 0.0001526306782335849 -0.0003821789831266707 0.0004817093573657032 
2.268511892716619e-05 -0.0001417914259698508 0.0002448745721698501 -0.000245300678797449 
9.809054956285047e-06 -3.006850701679894e-05 -9.383466539990382e-05 -0.0002596363660199434 
-1.457975672852457e-05 -0.0002911835062323686 0.0002917641337151601 0.0001107833816714436 
-0.0001749263534315907 0.001337381499837731 -0.001236358937469179 -0.0002934971006912238 
0.0001565155625440435 7.69006233159774e-05 -0.0001452337892681961 -0.0001802022799984015 
0.0001265108805102119 -2.744609184067977e-05 -0.0003505555084058883 -0.0001394645871123956 
0.0003202698748318123 -0.0002163252646697313 -0.0003804947389298774 0.0001093036314035472 
5.570824720766385e-05 0.0005873694540110128 -0.0007015927092298024 -0.0003096202592270638 
-5.290634244671349e-05 -2.146807811921993e-05 2.865977357386888e-05 4.74450939096734e-05 
-5.534269353053899e-05 -0.0002378994528900328 -1.846850523923678e-05 0.0002848920252049832 
6.885358841072118e-05 -3.05810852106093e-05 4.715390106620706e-05 -0.0002284336788563063 
8.406835586552007e-05 -0.0003107856996342042 0.0001746983858817886 -0.000263353231056201 
9.326112434852912e-06 -0.0002184208677633411 0.0003087426258506636 -0.0001122498788709771 
2.596248827066374e-05 -0.0001067964701126811 0.0001168780518791366 -0.0001807010460119129 
-0.0002172896399902058 -0.0002594878151264468 0.0004356819913473509 0.0001931176774487536 
4.736270325528153e-05 -5.145630722648883e-05 -2.58456105115605e-05 0.0001949448022955699 
-0.0002488497058922236 0.0004928511741629025 -0.0002703908483871508 -0.0002896455048239282 
0.0001889522362747424 -0.0001196350989559037 -0.0001549968783248721 0.000101365405767778 
9.90675836599726e-05 0.0003873643984465937 -0.0003743845685430115 -6.846674392434731e-05 
-0.0002636452377474032 0.0002357225950773951 7.587485245357568e-05 -0.0007117571356095177 
-0.0003072633369045744 0.0005018236280778967 -0.0001504923632530669 0.0002392540531135268 
-0.0003196596696304497 0.0004244097806212482 -0.000773982447723925 0.0004639024611331693 
-0.0001541546759491919 -7.396469488026972e-05 1.278113555268195e-05 0.0004337675471266438 
2.367450469914947e-05 -0.0003511273457177871 -5.832902639356198e-05 0.0001235345709494464 
8.107887117638904e-06 -0.000108440242889132 4.945783215242275e-05 2.910238907687108e-05 
-0.0001503356302848924 -0.0004155141657783909 0.0006447440915263497 -4.596543054059789e-06 
5.732800727679037e-05 -0.0004118962731277898 0.0001798170926370323 -0.0001307040212112452 
0.0002135080736726814 -2.034615339236631e-05 -5.708265213791161e-05 -0.0001792710825099111 
5.316333800272711e-05 0.0001142930585476626 0.0003033848577289135 -0.0002798027606404767 
-0.0002563737791543872 -0.0002377898198816014 0.0005355078627337953 -0.000550172122801616 
7.177948147654729e-05 -0.0003703494967508467 0.0003193443904359831 -0.0002219033675533927 
1.317316356959564e-05 -0.0001527821976910266 0.0002249581414757227 -0.0001096501063895157 
0.0002556566527064667 -8.027926071995223e-05 -0.0001473469817984132 2.034067212832931e-05 
0.0002828291831849565 0.0001144693220922836 -0.0002466292910938308 -0.0002703641012687113 
-2.771260977423435e-06 -3.430495442052101e-05 -2.887599998474873e-05 -1.364354577058218e-05 
-4.102210253761876e-05 -0.0003420178586948944 9.38013413463102e-05 0.0001995904421184958 
0.0001761001329408544 -0.0001499333084766939 0.0001202992665678458 -0.0002227006592936028 
0.0003354717578678501 -0.0001330514502004305 -0.0001315850526452386 7.149699649413587e-05 
1.136311228613762e-05 -0.0001451401792849947 0.0002573226326605264 -7.064588159019266e-05 
0.0001047376004236513 1.397921451685212e-05 7.616369687103468e-05 -0.0001109485702041394 
0.0001559727137551347 0.000325660613715583 -0.0005326541512412387 0.0001494114250433732 
5.404674044633857e-05 -8.146051531258656e-05 -0.0003219664616980846 0.0002956556863249334 
1.55717186152345e-05 -0.0001639532648044422 0.0002073110177458854 6.045438164240763e-05 
2.772950680533295e-05 -6.427059620446733e-05 -5.75711450551319e-05 2.607183980902055e-05 
-0.0001238417154839406 4.874725873974057e-05 7.274071751762368e-06 0.0002095523082576001 
9.284078863417832e-06 -0.0002879780406696478 0.0001223341894596809 -5.524602066155461e-05 
0.0002645508645331564 -0.0001103258782701935 -0.0003738008436824682 -0.0001680511274655098 
-0.0002218512308180868 0.0002583221255511937 -0.0001925884746821483 1.834001408664792e-05 
1.678293517907508e-05 0.000203259982982297 -0.0002287277641874159 1.929904101087997e-05 
0.0003169924169803107 -0.0003128071465176534 3.866820814855846e-05 -0.0003831493749513472 
0.0005360672933484628 -0.0001972813866834867 0.0002988937577895151 -0.0005683648447283691 
0.0007778838724258075 -0.0005426603972898132 -4.631861278000968e-05 -0.0005282276617229486 
-9.667243581448691e-05 -0.00115799153624405 0.001011115536921067 -0.0002034603923482142 
-0.0001372226723980771 0.0005653644176160308 -0.0004290178209396638 -0.000102622636639889 
0.0003943074816124933 0.0001454241651440574 0.0005124300227653787 -0.0004054526201179841 
0.0002589293113238851 -0.0001526434572301334 0.0004332030511942732 -0.0003703462708387433 
0.0004053032399156024 0.0006170619111476392 -0.0007424879381997133 0.0001375129551430462 
5.139396229765435e-05 6.819700435796688e-06 -9.415105765676828e-05 5.805601588589023e-05 
-6.302961413548895e-05 -0.001945852915803963 0.001611077351629506 0.0003564477496209171 
7.893469222554701e-05 0.0003757532690993398 -0.0004752686929815081 0.0001844939246609958 
0.0002109092109518282 -0.0002700989971069113 4.802586840393489e-05 -0.0003730457526440051 
-0.0003809382768194397 0.0001855075778653264 0.0001152351308251063 0.0003173108452492845 
-0.0001115190655273068 0.0002776905867339564 -0.0002112734467198966 -0.0001018959328162706 
0.0005418359669830909 0.0002874968859016722 -0.0006383511167368138 -0.0002776413237664505 
-1.591550589057546e-05 -7.71639609894378e-05 2.466458858547767e-05 0.0001258181318451011 
-0.00019111281149012 -0.0002113071184168234 0.0002309602451480577 -2.824660385922981e-05 
-0.0001283084807510989 7.117269909665741e-05 4.681066758358392e-06 0.0001490611755789304 
-8.574121801659651e-05 -0.0002008917613776418 0.0004834225827705889 0.0001985057346932097 
-0.0001962401977943965 -0.0003134671503764328 0.0002646571843333815 0.0002553249055952033 
-0.0001907038081622353 -0.0005279275095134639 -0.0001081163236126505 0.0009251409743228609 
0.0001002637175615851 -3.718966884401157e-05 -0.0001108643909380565 -4.109498952635354e-05 
-0.000159587935015182 -0.0002693612902917496 0.0002339162740192122 0.0003426142874596015 
-6.005950022781159e-05 -0.001047049614445393 0.0008895130919871559 0.0001269019708831066 
-0.0002143617834359283 3.397948815265731e-06 0.0003069399629369495 3.392285138701018e-06 
0.0001636310569068178 -0.0006537297587478267 -0.0001200192504838355 0.0005652338856433171 
-0.0002077892199094444 0.0002929293495842781 1.193023434900896e-05 -0.0003965632662663619 
-0.0004809104741913674 0.0003933321300440806 -4.501980426680502e-05 1.782665266514414e-06 
1.805763439747902e-05 -0.0006514285648387207 0.000340474283199398 0.0001576779746483091 
-1.666195485206443e-05 -0.0004145252444980722 -0.0002675921213923491 0.0001773932828753846 
-0.0002682081732832082 -0.0001337275514578127 0.0001803132216268064 5.982539479013281e-05 
0.0001289939336886607 3.662715825772977e-05 -0.0005276952977255953 -0.0001110421944667291 
-0.0004635377068489622 0.0005169186122226379 9.903804553791871e-05 -0.0001888334779453211 
-0.0002956599487875565 0.0003948013767316946 -0.000286542855661507 0.0001356400100136898 
0.0001141131733907719 0.0002110827968877774 -0.0001805902566536301 5.000236041158705e-06 
0.0002344359730837915 -0.0001051331717742053 -0.0004654844068567623 -0.0001602057939771494 
-0.0001621256282237214 0.0001421362431982707 -0.0001098933471406498 0.0001161112158733237 
-0.0001990783370242455 4.68887493333198e-05 -0.0002212551187741398 0.0002385141322037947 
0.0001772278486756382 -0.0005046851046691639 -1.123590704675441e-05 -0.0002134567150205727 
-0.0001839619652006721 -0.0006511341792862562 0.000788286219730951 -1.609443030849933e-05 
2.027596233712523e-06 -0.0003231568890805782 -0.0003551750285936435 0.0002346141740347033 
-0.0003268613174187431 0.000257668237662587 5.292623793031228e-05 1.964757495173463e-05 
2.155265095345242e-05 -0.0005370969540729873 -0.0002134161491856949 2.278168968189218e-05 
-0.0001597738437769776 -0.0002144832768094891 -6.011121596396067e-05 0.0002614724260036585 
-1.135720356647182e-05 0.0004079272402740613 -3.25788680224041e-05 -5.740790578766952e-05 
-1.478715574392224e-05 -4.038660788210268e-05 4.626909162191934e-05 -0.00021127391619551 
-0.0001566877002134468 -6.481150835238082e-05 -2.860669537335961e-05 0.0001972378925838719 
-7.778920671129441e-05 -0.0001463875497719015 -0.0001624299037057833 0.0003883436020339425 
7.191408216393774e-05 -6.548344957375066e-05 4.248988235672192e-05 -0.0001726892521313517 
-0.0002386414538740585 0.0002039433472992268 1.838764191429335e-05 0.0001600655970445483 
0.0007615630708912615 -0.0005347864941422807 0.000224105036410445 -0.0008351917362379714 
-5.322134977695302e-05 -0.0003134885930056325 -0.0001193518014121644 -9.827927160049225e-06 
5.403110749822974e-05 0.0006038539722038904 -0.000738573083548251 0.0003290658442520706 
0.0001823636867817923 9.474963385350596e-05 -1.124161406964345e-05 -0.0003779499703444144 
0.0001023310265575129 -5.744253691520537e-06 -0.0002138059014018576 -0.0001560968733680966 
0.0002047011534733445 0.000261202089542958 -0.0006696572445729674 -0.0003784810966150029 
-0.0003742875976344766 0.0003490265985968423 -7.666154111905816e-05 -7.061642740117966e-05 
-0.0001697192428963762 -0.0001338586883387106 -0.0001774933479149907 -3.364478683101734e-05 
-0.0007961191649787604 0.0004097287149671524 0.0003672228002522161 -0.000342927179213691 
-0.0002102991083261682 0.0005124758718920805 -0.0001253940452638441 -0.0001753175974303584 
-0.0002948769953630614 -7.587014159703686e-06 6.501941126006039e-05 9.790832443529396e-06 
-3.670303499163988e-05 0.0004238409423907289 -0.0002378676710873494 -1.945431258722435e-05 
0.0001652821223694195 9.295452018702595e-05 -0.0003034144396655388 -0.000100449775421722 
-0.0002413054501909175 5.611824347426726e-05 0.0002128829724091025 -8.500944929818362e-05 
3.332216683199732e-05 4.383330538145569e-05 -0.0002162967343723423 0.0004536812500863956 
0.0001986177065832848 -0.0003000405761316474 4.565451846118517e-05 -0.0001256869027829699 
0.0001611371011801355 -0.0004362186019192098 4.662483311878623e-05 5.497277400674981e-05 
3.101595874103264e-05 -0.0001254546822375087 -0.0001367600995239825 0.0001868898270631958 
-0.0003492658874578617 5.729413077884492e-05 -8.120548556653653e-05 9.544726994525668e-05 
0.0001265139629189064 -9.764435341626865e-05 0.000696475374011589 -4.851333796485628e-05 
-5.599054130202025e-05 -0.0001665020166907519 0.0002101425568753192 0.0001876561712862421 
-7.743147165811653e-05 -0.0005545367316575686 0.0007975905185163935 -5.509922277418982e-05 
-8.233217523630763e-05 -0.0004212788313820637 0.0002034372434094607 0.0001636204060926536 
1.529835749482518e-05 1.623407298746544e-05 -0.0002059971506795875 0.0001280690758261678 
-0.0003845579670194623 -0.0008393299573536559 0.00112318999689359 0.0004267228036438142 
-0.0001195683552124894 0.0003113878515244436 0.0007675259814229647 -0.0006456465450002025 
0.0001669964304323352 -0.0002381352318957202 -0.0004369239731793976 0.0001837620695012545 
0.0001272296045458594 0.0001174698996153222 -0.0002064834411180777 -4.634199858433105e-05 
3.173050011481045e-05 -0.0001157822488766543 -0.000343038304461564 0.000195528893154308 
-2.777722080645847e-05 -0.0002952486677362444 0.0006387797012188136 -0.0003146641563248787 
-3.454113848853702e-05 -0.0004512189021982182 0.0007613385805771924 -2.392504636563994e-05 
0.000258814892025209 -0.000395408172066921 -2.300914155112887e-05 -0.0004306039856789198 
0.0001206189750146943 0.0002186125682625529 -9.323224666741893e-06 -0.0003421638275728888 
0.0001065310162315685 -0.0002339070417153969 -0.0002296936808859754 5.494686267329171e-05 
-0.0004170637858307092 -4.867658215162592e-05 0.0005434028739684468 0.0002246175050212509 
5.910591609685632e-05 -4.425694965282021e-05 0.0001507052663457767 -1.605921565930304e-05 
0.0002336722673163839 0.0003398939617281508 0.0002367745671696488 -0.0005554502293714745 
-4.526137722168057e-05 0.0002960146593235912 -0.0002562554280929835 0.0002475651560560514 
0.0001392300100042335 -5.894732644251763e-05 0.0003452374766603846 -4.224404542948114e-05 
-0.0002578612960675078 0.0004658897082684785 -0.0003650621528788328 0.0003185034707688652 
0.0002009383307890236 -0.0003647248624649033 5.085468017165393e-06 -0.00017877752051764 
-7.996915055103497e-05 -8.935857548558735e-05 0.0002368545673918145 -0.0001075948384525827 
0.0002670897393538278 -6.448502893396571e-05 0.0003226099416968148 -0.0003157593045483498 
-0.0004303316544681473 -0.0003575622162313968 0.0008099035902520631 0.0002488801080946278 
0.0003477567484613207 -5.448934246114533e-05 -7.56379760309108e-05 -0.0002006499537685319 
-5.592902698917905e-05 4.59235164695618e-06 -0.00016110445649612 0.0002247184213734974 
-0.0003031300411861233 0.0002620426269825082 -0.0001819478363972684 -1.982175585924939e-05 
-9.817514820254567e-05 0.0005665799155084266 -0.000159167282998916 2.867165209783133e-05 
1.452247386723405e-05 -0.0001916889637227003 0.000766042249102122 -0.0001777491720299677 
4.963322351973831e-05 -4.583646601999463e-05 0.0005803763171064411 -0.0001626170690708642 
6.814157396643398e-05 -7.155621107193931e-05 -0.0001308294298404181 -3.885562207781184e-05 
1.120918577982661e-06 -3.507732214877129e-05 9.350322731120204e-05 -0.0001593904095003461 
-0.0001309614037103836 -4.791609317632204e-05 0.0001933336641417467 0.0001549200111371787 
-2.456304032838028e-05 -0.0001973639390304728 -9.586749166230739e-05 6.505217537351335e-05 
-9.289435958556518e-05 0.0004996144703696546 0.0002571407954917362 -0.000192869572533786 
1.40682870307187e-05 -0.0004932243817515615 0.0003737139672675931 -9.405310652334909e-05 
-0.0001173036042348263 -0.0002165243820744677 0.0002459688077303598 0.0001286162625759489 
-0.0001035161106251307 0.0003954858911951057 -0.0004509610624000528 3.950302347478416e-06 
-3.274839490403914e-05 8.597161622755734e-05 -0.0002192792303096731 -0.0001126647531479292 
-0.0002603385135523798 0.0002270332809385071 -6.376717114033357e-05 0.000119676683215227 
7.772447551088414e-05 7.176957802935906e-05 -0.0001003482138450806 0.0001812718668881246 
0.0005376445310333511 -0.000209665755489058 -0.0007940709981137018 -0.0003139949471304998 
-0.0001836202575904981 7.292886961708734e-05 -0.0001835343785976808 0.0002167010428862712 
-0.0002037697990820718 -0.0001676348828173532 -0.0002456661374841162 0.0002197246775506311 
-3.140934643474042e-05 -0.0001631425286075805 0.0002075896361264901 -0.0003434999098116768 
-0.0001528622658290663 -1.351496511003998e-05 -0.0005437787833547568 0.0001994898337360683 
-6.233648218543651e-05 0.0002398237776533289 -0.0003020210382690865 -0.0004342818024808088 
-0.0003633232860373394 -0.0001419149000478466 0.0001492824498554334 5.854144564835555e-05 
-3.469718636220677e-05 0.0002617712088212173 -0.000418031809015341 4.956155867928513e-06 
-0.0002050954083844906 4.275673949164142e-05 0.0004281933748622599 -9.35256364664315e-05 
-0.0003274635361929481 -0.0003279119492529829 0.0004097692413706419 0.0002423870150540358 
-0.000370002050659035 0.000613963302366046 -0.000504390691216884 -0.000102888575552699 
-9.744652461206542e-05 -0.0005462031168381655 0.0005322319273932983 4.084914256764918e-05 
-6.577964095723659e-05 0.0006954324420439954 -0.0009632901885367431 0.0001646929302155061 
7.312987685980415e-05 -0.00034923843312532 -7.762172930293977e-05 5.123550575790443e-05 
0.000135705245493953 -0.0003038486020293944 0.0002559256082200324 0.0002297673923059182 
4.595655709070322e-05 -0.000667697081614871 0.000430008343949797 0.0001012248327937058 
-6.584301775976241e-05 -0.0007204474551401449 0.001239316870013991 -3.874456772126862e-05 
3.521380474547763e-05 0.0004030956059124612 0.0004870408147264777 -0.0003904689999492104 
-0.0001446265315643313 -5.832171969515516e-05 0.0002741744859776744 0.0001045340477290941 
-0.0001475020007708151 -9.475321227849461e-05 -6.740481414082796e-05 0.0003429862607653306 
-1.235026903009813e-05 -0.0004059039939047471 9.880145855381266e-05 0.0001640621467703609 
0.0001570148316550585 0.000173270517408435 0.0002432158462944519 -0.0001673607602796548 
-0.0001195546099227635 -0.0004475019683646952 0.0003152211320664415 0.0002204296182619742 
-8.158079924602844e-05 0.0001421207039187054 -0.001060657753645107 0.0004369919003881018 
-0.0001003242199530782 0.0001150961468580937 -1.250534798905828e-05 -0.00011154688621296 
1.591948501556419e-05 5.68790404637e-05 -9.101188030047324e-05 2.260202701127435e-06 
-0.0001045424753911014 -0.0003074174556184654 0.000218069024723915 -6.206140660956185e-06 
6.049604390889616e-05 0.0002297092222292577 0.0004352872952330823 -7.298789341763584e-05 
0.0001929127530317416 -5.631747461474704e-05 -0.0001477221122428514 -6.15471224339739e-05 
-0.0001199014795984541 -2.334343576610676e-05 -0.0003111775439702587 1.389532025346364e-06 
-0.0001708520575744949 0.0004401565225782735 -0.0004566228736503309 0.0004646244216487872 
-0.0003314653948685713 -0.0006830911868716236 0.0005972899134779546 -2.310488053395026e-06 
-0.0001216733486905147 0.0004470741473905768 -0.0001798333984804701 -1.120740224954723e-05 
-4.192559264544745e-05 -0.0003583895871287938 0.0003020667063109056 -0.0001351969105200123 
-0.0001481693086088608 -0.000114520940150617 0.0002020458547362636 5.003577890991408e-05 
-0.0001470061456888758 -4.260335201044525e-05 0.0001463882082653572 0.0002176483967819094 
9.259823640483678e-05 -0.0003084920378429128 0.0001322549159081914 0.0001668915549596627 
6.009666646765583e-07 -0.0009668530485806036 0.001409352491700988 -0.0002113411600059708 
-4.36657027544816e-05 -3.881719200252485e-05 4.876819232460599e-05 0.0001998156225695024 
-6.805991430283754e-05 -0.0002499275669663768 0.0001969333922150172 -0.0001209375546059712 
-2.498628479300488e-05 -0.000104932294379818 5.420922223923169e-05 -1.396996911194378e-06 
7.039456134712708e-05 -2.982645271024507e-06 -5.482579896902895e-05 2.197681158934618e-05 
7.396336847031542e-06 0.0006415414004410924 -0.000285832479603287 0.0002010101863304663 
-6.636229311975114e-05 -0.0001313981667405829 0.0006181185285672224 -0.0001496293531081691 
-6.931130642554743e-05 -0.000193731262099854 -5.661968500302678e-05 1.539615770390431e-05 
0.0001397441759436924 -0.0001816681463956804 8.06761284866535e-05 4.221952984702945e-05 
-7.094111206986254e-06 -1.363156122768645e-05 -7.344372262755977e-06 2.264413276499698e-05 
0.0005282138121005938 -0.0003106897272713536 -8.468402641999778e-06 -0.0005174082650285662 
9.013282879416579e-05 -0.0001560627600403792 -0.0002260292236582888 0.0002151859727889032 
8.220242971821783e-05 7.146239629804191e-05 -0.000197745493778472 2.68764528015091e-05 
0.0002494357724419197 -0.0004204983147371771 -0.0001315302778175278 0.0002336961060455682 
-5.281144437631397e-05 5.022781106822346e-05 0.0001991691136114855 -1.820634452103607e-05 
0.0001038363381878181 -0.0002005205883133427 0.0001705978386204556 -0.0001863913259404251 
8.443888958723823e-05 -0.0002405820873650388 5.491938561199439e-05 -7.40980604527094e-05 
-0.0001539317645411491 -0.000306119807611366 0.0002349314725106187 0.0002124547265236707 
-0.0003043960600762005 0.0001117254803129049 -0.0007619188562297997 8.787977064678234e-05 
-0.0001363541338319449 0.0002363496023577144 -0.0001893032956301104 0.0001690136627013921 
-5.758371349690983e-05 -2.188665733166917e-06 -5.267352483776261e-05 0.0005206640767834987 
-0.0002043983545256604 -5.583819801973993e-05 7.129660961781955e-05 0.0003807148990979053 
0.000272204614336004 -0.0001826482098836779 0.0004695739452807637 -0.0003091632102927587 
-6.042020233537591e-06 0.0007273583917415665 -0.0005497986828244324 -0.0005108913829716973 
-0.0002256140622726836 9.075548548856586e-05 0.0002889155896318583 -0.0001040621890866549 
-0.0001932993473219697 -0.0002279768319060949 0.0002675273058013898 0.0003336094528665556 
0.0002641330784616235 -0.0004805500038025094 -0.0002311144213212984 0.0004632574577008448 
-0.0001023609767518926 -0.0004907896337654233 0.0005274416860931361 0.0002310149802033035 
-0.0003453447055040108 0.0005429042113361457 -0.0005588195867614032 -0.0001837145360134778 
-0.0002392379561902518 -0.0004891093523981296 0.0003036234925248066 0.0005209347294762472 
-0.0003199304862041042 0.0002781891257882623 -0.0002912522698440765 3.059379295651265e-05 
2.746530589764078e-05 -9.896592893373131e-05 -0.0001861901238020503 -0.000215163286529905 
-0.0001389261672609768 -0.0004587116861522051 -0.0002624403665565237 0.0006041012656797777 
3.474412461029843e-05 -0.0001896186649982071 -0.0001597178237440717 -5.460550084663212e-05 
0.0001111217743840813 -0.0001958786092125943 -0.0002721264625406469 4.767737034021186e-05 
-7.787563905387058e-05 4.198561195124772e-05 2.936354658578155e-05 6.054703387103393e-05 
9.808790934642747e-06 -0.0003099008128076237 0.0003616085013696248 -0.0003113942861506262 
9.8470763301963e-05 5.584428894928579e-05 -5.692721351466918e-05 -2.631946279710266e-05 
-0.0003842439787027738 0.0003733904563895688 -0.0002076469382839217 0.0001194792901272794 
-7.241247157185525e-05 3.386200985207194e-06 0.0001373115633327654 -9.327872174600078e-05 
-3.395647346794408e-05 8.239460164608354e-05 -0.0004996932115382695 0.000297921837138451 
-8.025833270426354e-05 5.876983924519641e-05 0.0002643901803238649 -0.0001420348716805807 
0.0001401466727554384 -0.0001473212558330468 -0.0001464422266692406 -0.0001938791201293564 
0.0001369758670695588 0.0001156621139845262 0.0003416372825375262 -0.0003287365148995698 
-0.0001237515848675971 2.183412068561805e-05 -6.035243022549227e-05 0.0002543165281991748 
3.359152240429967e-05 -0.0001449761349105278 -0.0002713733925163293 0.000391871229336671 
0.0001042560011360953 -0.0004036055349760319 0.0004386951997221067 -0.0003643552033161795 
0.0002359700839140212 8.027273193340961e-05 -0.000783393175542576 -0.0001767918135044685 
-2.805644905149048e-05 -0.0003094567173817946 0.000337696880150231 -0.0001635281490875437 
0.0001915642620000281 0.0001892170318384936 -0.0004286897194493925 -0.0002409070335344928 
-3.733922155826442e-05 -0.0003936533927145103 0.0002965275417496415 1.582644150283934e-05 
-0.0001156502841616319 0.0005948199149890871 -0.0004934928345995774 -0.0002623054723269206 
-7.60820248375652e-05 -0.0006175249565747459 0.0005767345072584056 0.0001173255334604137 
-0.0001614127202277852 6.396789841528487e-05 3.121461201150575e-05 0.0001966273968982948 
-0.0001169926625190885 6.232970548909467e-05 -9.643147824557003e-05 0.0002901781025908028 
-0.0001655325924452987 -0.0002728020026525038 -0.0001283386179993698 0.0001339277912212773 
-0.0002069044432196091 -0.0002759421209877951 0.0003487769251388261 0.0001241151521680321 
-0.0001679380006805276 -9.465067757214344e-05 0.0003649381203461003 5.174600269251085e-05 
-0.0001114942138136343 0.0001237890290277073 -0.0003238774711154066 8.563477394939443e-05 
-0.0001460226468129851 0.0003364692361026725 -1.842384308748307e-05 -0.0004148641185916175 
-0.0001028389336477374 8.425933867179499e-05 1.929667822827954e-05 2.690771741609223e-05 
4.958314797241856e-05 0.0003300228128081121 -0.0002615172806202314 0.0001989135273616581 
0.000171028679694317 -0.000185435262706086 0.0002168710637738767 -0.0002734653669233298 
0.0001137804406349172 -0.0001734695125274726 -6.43429723658046e-05 -9.803721309845421e-06 
-6.990337917706727e-05 -0.0002463971265821643 0.0001202686292496585 0.0002406778064369456 
-1.15771276013073e-05 -4.867287650442072e-05 0.0001751083922095453 -6.419217244061417e-05 
-0.0001003925324369016 0.0009609134329492387 -0.0008111128617893474 -0.0003782656698972196 
0 0 0 0 
3.609451535904776e-05 -7.745205766344977e-05 -2.135780127737015e-05 9.442698541309285e-05 
0.000112206186977565 0.0001063687560555442 -0.0001052431473725266 5.485000928185543e-05 
0.0001397322810172149 0.0003048354792599789 4.859963079229881e-05 -0.0003689972952523136 
-0.0001050524949362356 -0.0001782740781710969 -0.0001844032695752952 -7.682439522644987e-05 
8.325066566113058e-05 0.0002721082662396435 -0.0003564732607405813 -7.129231159532546e-06 
0.0003526150135247941 -0.0003151558921432311 -0.0005676431959936417 -9.162156659389781e-06 
-4.726512562938321e-05 -6.048988526226514e-05 -0.0003100193935050919 0.0002320511516366483 
7.294487173707073e-06 -0.0001122439280363886 -2.737025987998531e-05 8.902008034364053e-05 
0.0002105232197439874 0.0001381381610057303 -0.0003103795336363753 -0.0001605456869531855 
-0.0001844672681582275 0.0003159505229887638 -0.0006555837551364002 0.0001578832579767565 
5.575589118207824e-05 -0.0003906528254660987 8.098747645936881e-05 8.394849714025244e-05 
-0.0001417143014144572 0.0003596223322976631 4.358828244609983e-05 -0.0002166483174364077 
0.0002234707884358862 -0.0002861251498953779 -1.355191262929127e-06 4.212869464450712e-05 
-8.364932245651277e-05 -0.0004771280346318485 0.0003778952767562045 0.0002177889664468262 
-4.345451309348274e-06 -0.0003602186790084674 0.0002657821334746128 9.568689187558838e-06 
0.0002324140636092609 -2.746595806628584e-05 -0.0002026370577079759 0.000161266115748439 
-0.0001177979350825327 -0.0001411182044614576 -4.839284170811396e-06 0.0001288861550604756 
3.972134253161482e-05 -0.0001085975650381377 4.722494397456714e-05 -7.060489757791155e-05 
-4.344558177608651e-05 0.0001023046055939024 -6.861387295224773e-05 -5.646840380240138e-05 
0.0002487867263512968 -2.983093635626402e-05 -0.0004975641130620478 -0.0002586105657386699 
4.706064902898478e-05 -1.787245738027692e-05 -0.0002964691384390976 0.0001013090575035947 
-0.0001214391673927155 9.701802192735407e-05 9.346848076612031e-05 -8.56651875151855e-05 
5.647068537846564e-05 0.0001114229772503857 0.0002538476293683105 -0.000289373159861258 
0.0001815766787001808 -0.0001500954405446581 -0.0001152370254255944 -0.0001915453983984491 
8.10413885677319e-05 0.0003221758318305982 -0.0002737951400660665 -0.0001347937878296102 
-0.0001324208322642236 8.893171747862735e-05 3.309476348572785e-05 -0.0001471582730546208 
7.135677711284055e-05 0.00029910987755461 -0.0002156002396875681 -0.0001512271742695919 
-0.0002505774748624805 -0.000226298422478207 0.0002949439841566184 -0.0002693761715874921 
9.178985240541849e-05 -0.001251834997987115 0.001222759957724282 8.747458178380497e-05 
-0.0001278603865923273 -7.435274667680518e-06 -0.0001674347415269598 0.0002354079541597465 
0.0001569462742440964 -8.246259900209204e-05 0.0007599540304367158 -2.449318834830203e-05 
-0.0001722891218186516 0.0001467793565621598 0.0002537366516126047 0.0002416389073962739 
-5.978928695230338e-05 3.180718455503566e-06 -8.505074171768938e-05 0.0002130382550652204 
0.0002774338062524457 -0.0003523932691764225 -5.552110480034641e-05 -8.176942478464002e-06 
-8.019213633433937e-05 -0.0001881534507229093 0.0004412627939731585 -9.298356818719157e-05 
-1.711665572631181e-05 0.0001334835805000874 -0.0002967792535313128 2.061542270579697e-05 
-2.062990149066427e-06 8.634961954031429e-06 0.000175712354929984 -0.0002423595072146037 
0.0003025461640405869 8.551361748589432e-06 -0.001028737146023982 0.0003723928667500387 
-0.000135442597332156 0.000282364811588775 -0.0001058313952115157 -0.000138880390480064 
0.0001580457859351682 -0.0001373691687886252 7.438768814594822e-05 -0.0003855707680294842 
-0.0002225808412459022 0.0001911563850566048 -0.0002769064186664835 0.0001198010231986912 
-0.0001007028408419728 3.626853412034444e-05 3.662465515129984e-05 -1.390651046863263e-05 
-0.0002696423676921084 3.246672306764405e-05 0.0001389960187837891 0.0001049875130683124 
-0.0002072870975935859 -0.0002092264330053918 0.0006384270734045592 -0.0001058888858200953 
1.81427964554771e-05 0.0001913333136752621 -0.000140550202428755 -1.293233793974924e-06 
-1.91932949000233e-05 0.0002782573972903341 -7.537543707808738e-05 -0.0002737620567499058 
0.0003156569390886847 -6.352229614186009e-05 -0.0001038985005314426 -0.0002923944227249316 
-0.0002291972001760311 -4.995965000798392e-05 0.0004662419530150581 -0.0002897669043640241 
0.0001632357397858217 -0.0005332285903365009 0.0006989124320632171 -0.0002437378747149878 
5.499389507688894e-05 0.0001481297584552626 0.0002408567338138513 -0.0002402850033509601 
-0.0001200423947741206 0.00117033719979291 -0.0006605882016136784 1.386381705944591e-05 
6.580096879040129e-05 0.0001423889393666927 -0.000267187746343809 0.0001781899944140821 
-4.863219735731785e-05 -0.0001117312521463555 0.0004396016815581205 -0.0001767859413878342 
9.539592540120307e-05 -3.791516256213239e-05 -8.257319312011038e-05 0.0001801123107654086 
0.0002062204349245745 0.0005455361250921215 -0.0007394306982651405 -2.773713954680941e-05 
0.0003418382201927073 9.40745371886648e-06 -3.312990592793606e-05 -8.403643157796691e-05 
-2.61024129644299e-05 0.000498904441590505 -0.000445385445757245 -7.843323437829921e-05 
0.0002641207860823688 0.0001903706396317645 -0.0002618694960803464 -5.236246328688215e-06 
2.712903778018258e-05 1.261450246046326e-06 -6.01829914298461e-05 0.0002059946165434458 
8.431264235942535e-05 -6.046244561110428e-05 -0.0001507474166169064 -0.000207611210414414 
-3.611315279302149e-05 -0.0002552589401393276 0.0001516567580108131 -0.0003614119021725559 
-0.000217370540208313 -0.0004020825392996499 7.683753414571274e-05 0.0002540174899400898 
0.0004439413287576405 0.0002071580692464943 -0.0006794182177724481 -0.0001633894770244507 
-0.0002888888019884077 -0.0002344023336234892 0.0002470009128541722 -0.0001931331013007649 
8.316599395366541e-05 -9.68986086096284e-05 -7.949517753041857e-05 -0.0001243475017530685 
2.613532750663657e-05 0.0003014608577340409 -0.0007026780151942029 0.000510572350901508 
-0.0002789537243531661 0.000365358820843445 -0.0005768005166021721 0.0003412242745178851 
3.053452324705324e-05 -0.0006029624868688985 -1.986279718415566e-07 0.0004339379671837354 
8.156840505320978e-05 -0.000402196895291584 0.0002124421150973487 -0.0004180625834661808 
-0.0003009043595716286 -0.0003102809089552097 -9.358138167272799e-05 0.0004134764693189423 
-0.0004078308438703003 -0.0001739219064611812 0.0005321374578134083 -3.497400984411868e-05 
-0.0002986480447419933 -0.0002688720704455557 3.408752466321146e-05 0.0002337527133337478 
-0.000289941323887574 -2.484205264554303e-06 0.0002034553633053843 -0.0001350217742543117 
-0.0001459911437732697 -0.0003203792654437685 0.0005506428910019654 -0.0001257128490991871 
-0.0001400374867599155 2.477330270537828e-05 0.0001903122700338843 4.604736014794918e-05 
0.0001281246096431943 -0.0001354043473768657 0.0005831223226796605 -0.0001806694199382262 
-0.0001523234508770637 -0.0003032264312344504 0.0005417647496338302 -0.0003063085304326185 
-0.0002981189653270651 0.0004820961328165409 1.561994698217618e-06 -5.735928371429226e-05 
-0.000111010932565282 0.0003746469729150132 -0.0001886140978727508 1.456352461963949e-05 
-3.646184073640803e-05 0.000430885536574289 -0.0002370846974769846 -5.178501207561712e-05 
0.0002506327815481551 0.0003169960754468033 -0.0003285077461077206 0.0001019529072061535 
-2.528119270786714e-05 0.0001298337173859112 -0.000196865202543338 0.0002372685594050585 
0.0001769058460485503 0.0003697135906707706 1.892371670295645e-05 -0.0004212492671059061 
-1.408843367602254e-05 0.0001337043121689672 -0.0002169516865331937 -7.643850893126446e-05 
-0.000248664437284168 8.310228082740841e-05 0.000389127131142706 -8.188825372544235e-05 
0.000611017344541923 -9.955480437368427e-05 -0.0004163530013845423 -7.436994912590323e-05 
9.023711283282358e-06 0.0001419967758454086 -0.0003080732647782638 -4.493794471064916e-05 
-3.846983103137673e-05 -0.000528643173901184 0.0007012532706964469 -0.0001217721221833168 
-0.0001785275401988379 -0.0001520482632490957 0.0005959159927957212 -0.0001859893319195858 
0.0002131163156143209 -6.838129799770643e-05 -0.0004606540801561577 0.0002448811428486995 
0.0001863351410315235 -0.0002147889600401213 -0.0001484430276651242 -0.0002028313320972045 
-0.0003572692133298906 0.0001509299929090025 -0.0001901519375299025 -0.0002442262361035769 
-0.0003105731282529411 -0.000128628565873066 1.08444046928959e-07 0.0001986714333134865 
0.00018502887547045 -0.0001052584559231611 0.0005546721730031238 -0.0006320098287904508 
0.0001525654558530903 0.0002780443197986553 -0.000183227930024034 -2.940520169189973e-05 
-3.32369583618095e-06 0.0001574715116356414 -0.0001798074013753214 2.148553819165542e-05 
0.0001562664110864868 0.0001358904194482577 -0.0001800517049878989 -0.0002383830934879179 
0.0001672880728356111 5.785425172027086e-05 0.0001391945145938142 -8.343780700651307e-05 
-0.000140731707289566 0.000166007190912173 -0.0002262391827974095 7.214243172500368e-05 
-0.0001092390256485686 0.0002157417966805103 -2.750718524717655e-05 -0.0001852016134846166 
0.0001178750182778752 0.0002964382774546025 -0.0005308346754338838 0.0001157143280990391 
-0.000155898686762437 0.0001385434121713121 -0.0001458021834826274 3.945391144727309e-05 
-7.934437525474498e-05 0.000671803662830303 -0.0006213307395492641 -0.0001462053900614218 
0.0001273274758603327 0.0001322500485238437 -0.0003150570281073619 0.0002358161485567782 
-8.458442025145653e-05 0.0002706043078038607 -0.0003827483206106564 6.310722875483114e-05 
0.0003601457574384317 -0.0003674000175252694 0.0001673854385572715 -0.0002093833196797458 
0.0001248542613637413 0.0006019332356692104 -0.0002950041328569714 -0.0002129255522998782 
0.0001175167242280522 0.0005967905013168206 -0.0004764374442568775 0.0003886103631708752 
0.0001624746520670692 0.0001916739812210425 -9.168814120270604e-06 -9.626861121640185e-05 
0.0001512939389667809 0.0001495231620490492 0.0003539797081879319 -0.0006514658852336565 
0.0003371434303579145 -4.760743105218857e-05 -0.0003797958255748234 0.0002803679090594508 
0.0006098905029683419 -9.496049899054791e-05 -0.0002526518189196385 9.076360502096339e-05 
-0.0001869726925539649 -1.565739927592384e-05 7.212290416283549e-05 -2.772784582970903e-05 
-0.0002359764153008742 8.731767937817778e-05 -0.0001788558334794444 0.0002418275712039234 
-0.0002024093590271284 -2.629338042698191e-06 2.370596077626243e-06 0.0001230609020206349 
-0.0002656054918629997 3.642061626566628e-05 0.0003617656267363244 -0.0002877223790271816 
0.0002853499359350738 -0.0002382428339148746 -0.0001410898243723292 -0.0001857101395816224 
-8.043372339655537e-05 -0.0001158491146436311 0.0002850243592337522 -0.0001266760451635901 
6.729725199172435e-05 -0.0002878179728899771 0.0002922209912247489 -0.0001708121847685838 
-0.0001713290316039635 0.0001545280366858917 9.858432399678061e-05 -0.0002006329019353632 
8.244680638564619e-05 -0.0003209759818280824 0.0002675820054077173 -0.0002909411588491785 
-1.275537549553561e-05 -4.368933836901459e-05 0.0006506768064342203 -0.0003801764979829708 
-0.0003323228904982616 0.0002551791638210125 0.0002754318059843579 -0.0003479929667131825 
4.266633453443463e-05 -4.340931364171303e-05 -8.358266958418737e-05 -3.886210009240121e-05 
-0.0001635019503722093 4.704163643060889e-05 0.0003285057453037675 -5.638798107323454e-05 
-9.855514333577811e-06 -0.0005621439358047464 0.0009212789844967831 -0.0003097348814863852 
-0.0001156167426028051 0.0001054574506103221 0.0003351365171748306 -0.0002208453926341897 
0.000146803366151577 0.0001686924688587506 -0.0003193449851712879 -0.0002588503951954346 
-0.0001460148417917387 0.0002579842734574985 -0.0001098788867817223 -0.0002304404687566764 
0.0003261356136878316 0.0001450861639110862 -0.0003102019810369191 -0.0001789991225698748 
0.0003192184323221965 8.398793299852544e-05 -0.0003514619317388752 -5.087608555181501e-05 
0.0001074718649434321 0.0002611793026947188 -0.0003757146342175386 0.0002139733691580981 
-0.0001502567751820682 -0.0001633841867288066 -0.0004256114375006554 0.0002168632440009658 
-0.0003669181759374948 0.000176122698546749 -0.0001324053223780217 -0.0001018472095293927 
-7.154232929148697e-05 4.935231964046301e-05 7.199073103617462e-05 -0.0001360263532701989 
0.0001590244856814133 0.0002907870891471108 0.0001307670740683707 5.523646645402548e-05 
0.0002177784676221228 -0.0003394468279427888 0.0002737577125691111 -0.0003751908802594444 
0.000164430734492461 0.0002324205318549115 -0.0001122848273193255 1.558485977934779e-05 
0.0002955779404327563 -5.858059506719199e-05 -0.0001490327240464053 -5.624698064215957e-05 
0.0002219037505316678 9.860790349778283e-06 -0.0005358268244250028 -0.0001342924653470859 
2.486093851579896e-05 0.000217133982217974 -5.700904124321514e-05 1.360869344948631e-06 
0.0001587128975620968 -2.985233786882768e-05 0.0002271046829500973 1.680571049854986e-05 
-5.574284606813142e-05 -0.0002636769057240031 4.648733766978991e-05 0.0007716783760045626 
-0.0002157545872091176 -0.0001081548919398373 5.665760272383667e-05 0.0006475517742271229 
-0.0006079573236003433 -0.0004591649328382782 0.0002663167166886144 0.0004208448176655825 
-0.0001831562939930708 0.0004371990204400468 -0.0003886615072722961 0.0004173438385520438 
-0.0003467699062858254 -7.472052390693769e-06 0.0002737466487786225 8.54208894264389e-05 
-0.0002529531598596669 0.000555694084570751 -6.804509637876866e-05 -0.0004451976089091869 
1.700262979843025e-05 -0.0003818902722258025 0.0003208649264769077 -6.289287828798118e-05 
0.0001266300207095378 -0.0002081097026947956 0.0003583911490425508 -0.0003591583490076074 
-0.000272637494894181 -9.205921250227421e-05 -0.0001414591038635083 0.0003775361619835593 
8.137198724698168e-06 0.0002100375392106688 -0.0003521440613622664 -0.0003122381408967675 
0.0002948287712886717 6.485932842347626e-05 -0.0001695838717866307 -0.0001317298333251044 
-0.0001300593252796427 0.0003187181171261446 6.530056440616423e-06 1.204483489033227e-05 
-5.914065777421018e-05 0.0002915621474109875 -0.0001790192426064548 -4.357986408617117e-05 
1.489628682640294e-05 0.0001571149147591669 3.280582505603506e-05 -0.0002578353753914034 
0.0002842124620137784 -0.0002288070489697136 0.0001026254131521793 -2.407171761353772e-05 
0.0002843633104334932 -0.0002085675307589086 -9.51994951336499e-05 0.0002265438902081608 
-4.091261130760452e-05 -0.0001400812073478169 0.0003459577356243853 -9.069722915168278e-05 
7.611734788380079e-05 3.735257120642823e-05 0.0001702877374413651 -0.0002928607104607544 
-0.0003456217428618252 0.0001361964754520893 -0.0003523625670489558 0.0005109506373852312 
-8.742055128461424e-05 -0.001822506872268986 0.001505925185245015 -0.000381756733926648 
-1.997799135582643e-05 3.363313027233238e-06 2.900291390194621e-05 -0.0001339296694328096 
9.637305447248193e-05 0.0001012540745931471 -0.0001133124319132327 6.269334762246889e-05 
-5.080855256469452e-05 0.0001260293870080789 6.210315154908254e-05 -0.0002649313627388555 
-0.0001246535468296797 0.0001492977280333785 -1.869115279318808e-05 -0.0002398565614432713 
0.0001075392136446638 -1.29097121214854e-05 0.0001096835872225241 -9.256694052485186e-05 
-0.0001873289406245469 0.0002913727479813395 -0.0002530130514654207 0.0001660531256358342 
-0.0002497123035014177 0.0001332023189943548 0.0001107568143175419 -1.367088294333925e-07 
-2.340514859250679e-05 0.0003792026731816181 -0.0003873666768314741 -0.0002135616911664906 
-0.0001634654825908379 -0.0002543571026864028 4.042111303218067e-05 0.0001088531591810183 
0.0004168110207463191 -0.0003456087126962806 2.177575135975761e-05 0.0004260012553765387 
-2.882429025485134e-05 -0.0009028027626291369 0.000439405467171625 0.00029209409215431 
9.618686736663891e-05 -0.0003664867048534051 0.0007039802766275223 -0.0007145731449452671 
5.371988843271171e-05 -8.018256619214406e-05 0.0001832155031571515 -0.0001368964864673971 
2.912465554828316e-05 -0.0002027165177063149 0.0002374411000159869 -0.0004506361465315776 
0.0001811748029168455 0.0001664905117951661 -0.0007034887291946224 0.0003730251629059667 
0.0001364618599406885 0.0001760227563756629 -0.0001900997600792561 0.0002423060761185689 
0.0001300271393240032 0.0002818337715115463 -0.0003313504762613833 7.39716530624738e-05 
3.880901274734572e-05 0.00053630642217765 -0.0005427305959269389 0.0002212375981513192 
9.988171178673905e-05 -1.656729885659105e-05 -0.0001994236549141523 0.0001258894086696707 
0.0001961927495934924 0.000379398137428618 -9.499122750687572e-05 -0.0001155147246084741 
-0.0001773035468396351 -2.582413992329739e-06 0.0002531571937883195 -0.0001138194901850053 
-0.0002460533851653592 0.0009034028872962114 -0.0006644292960332395 -0.0001243226392928574 
1.283158283814992e-05 0.000232702252425258 -0.0002326910634050457 7.05132060038844e-05 
-0.0001199805807760678 -0.0003140976878759047 0.0005611847539572486 -0.0003032413589417321 
0.0001213050975493633 0.0001662099321907546 -0.0003114232577134475 0.0001501696936922345 
-5.442081230647985e-05 9.643782951395197e-06 0.0003680473338233858 -0.0005377535774411185 
0.0001652607045614902 -0.0004578961548395684 0.0005328955794314034 -0.0002925023039883504 
-0.0002674412806215619 -0.000473417580402731 0.0008654118430515767 -0.0004178906687556185 
-2.611096635847898e-05 0.0007248900412881556 -0.0009168460444611779 0.0002192571680550107 
0.0001048500456391966 0.00036147242366705 -0.0002621025071653339 0.0001435422645348149 
9.360610568999951e-06 0.0003580499453456233 -0.0001227432722427513 8.973161318051907e-05 
-8.167986391265404e-05 -0.0001176618772023122 0.0001184270918784118 4.993487084224977e-05 
2.778596759667247e-05 0.0001880955739084306 -0.0002535824103869312 -2.284950755136972e-05 
-1.088309050692926e-05 8.597849936660901e-05 0.0001155716916947032 -2.01154767041576e-05 
7.84601432497e-05 -0.0004108671509083311 0.0003609795712387559 8.98592125409316e-05 
0.0002559747302877073 -3.105431971970911e-05 -7.165677360774333e-05 0.000149941638853135 
-0.0002033310277423317 -5.98979867732298e-05 0.0003237534274141271 -3.765795685867034e-05 
-3.587356018197096e-06 0.0001779381621990313 -0.0002523696175893334 6.692062366859422e-05 
3.370035151731787e-05 0.0003066446952397989 -0.0002982096747507496 -4.798299443742503e-05 
4.20533167345607e-06 0.0001953102111888058 4.213364669477049e-07 -4.993976373115928e-05 
-0.0002746845735673424 0.0003572216173599499 -4.329181952657496e-05 0.0001801487010144583 
0.0003531246836128188 -9.606917241435802e-05 -0.0002423012710205938 -3.358694542222095e-05 
0.0002883478016282205 3.170657437364003e-05 -0.0004656527321936501 1.943310660313145e-05 
0.0002511782477773728 2.316096280071544e-05 7.172118402144404e-05 -0.0002750231704414227 
6.727583978659651e-05 0.0002146579112622774 1.363540075702979e-06 -5.031941240511913e-05 
0.0001001297843675412 0.0002824136336300048 -0.0004997590628289399 0.0001035837412315257 
0.0002127875330295891 -0.0001440265707288353 -3.84225617360544e-05 2.156837629979e-05 
0.000148118611549278 -0.0004072997086571278 4.277667887099046e-05 -0.0003098799534744707 
3.476724259255419e-05 6.348549136876957e-05 4.471646223737281e-05 -0.0001482189125533175 
0.0001117567478940668 0.0001500010988303432 -8.497510720531363e-05 -0.0001447009210530818 
3.236281500389563e-05 -0.0007318779175944589 0.0007728816451508371 -0.0001417620700123486 
7.623183255291327e-05 0.0003704409304462062 -0.0005016007350365873 -8.217161759693336e-05 
-0.0001792556104210732 8.439625498615193e-05 4.614504740780485e-05 5.315902572058696e-05 
-0.0005865830217282045 8.515505047340324e-05 0.0002241951426445314 0.0004873434157367648 
6.207721410016417e-05 9.491679198011853e-05 -0.0001645221825852493 -3.133764798382133e-05 
-0.0002033317929076722 0.0001578889957505395 0.0002432096112020603 -9.813594361642031e-05 
-0.0002468473972384899 -0.0006409231339851748 0.0008723711674383059 -2.901898288469963e-05 
-1.462616505680821e-05 -0.0002763344109595344 0.0002053742996119557 -0.0001180109786791599 
-2.564509072674626e-06 5.123596250867851e-05 -0.0002828272130230865 0.0007001936446764159 
-3.608938375298789e-05 0.0004855747602251832 -0.0004030490827871266 -6.558423170138154e-05 
-0.0003495521821141767 -0.0003431105193367623 0.0002120527243580165 0.0001060868364163244 
-8.240112982807971e-05 -0.0005863443753976384 0.000620062872464127 -2.743370093022161e-06 
-7.099521514005152e-05 0.001075540253572716 -0.0007511456686062534 -5.356992689122461e-05 
-1.137387796925068e-05 -0.0003625236707422376 0.0001804633362637623 0.0001576297487000298 
-7.262778954157067e-05 -0.0005812077092221839 0.0001553273249726996 0.0005072164452906815 
0.0001832895866156027 -0.0003090402443309204 5.694935399651623e-05 -9.03229759396518e-05 
-7.099521514005152e-05 0.001075540253572716 -0.0007511456686062534 -5.356992689122461e-05 
7.35180149994138e-05 4.576600153031131e-05 -0.0001297774851466611 -9.523638014307427e-05 
-0.0002458197994590406 0.001043568389693522 -0.0007733407255942421 3.953586863447544e-05 
-0.0001242893178811843 0.0006647068931011714 -0.000896027142864656 0.0002144755337379248 
0.0005385586060079618 -0.0003571591135450043 9.67276806713047e-06 0.0001253033171417922 
-0.0005272046818170298 0.0002134198824077679 -0.0005235419436788903 0.0007375556817212135 
-0.0001648127775408234 9.020381852870865e-07 3.260128702841988e-05 -0.0002107770403847831 
7.142122896414684e-05 -0.0002374437312152293 0.0001919803493397542 0.0002585822920723532 
0.0002900758520725097 -0.0001319614897106858 -0.0004209309149072423 0.0003609339220315556 
-0.0002079547300683178 -0.0003801696478458534 0.0007702855859781381 -0.0001681704155467635 
-8.940425955345348e-05 9.571051146189098e-05 1.258892512214175e-05 1.247204375557086e-05 
0.0001058361936265697 -2.87023544754046e-05 2.882157083316309e-05 -0.0001836437207925013 
-6.056493929627285e-05 -3.527529152194811e-05 0.0001433371112036895 -0.0003082436008882855 
-0.000109808553970269 0.0002868666203257961 -0.0001363847891578948 -8.39997281672992e-05 
0.000147845546391824 2.59311952814814e-06 0.000256795750531719 -0.0003038270643526499 
-8.335687303734617e-05 0.0001513914178890057 0.0001065654333768229 -0.0001136496658602445 
0.0002577977083185835 4.592145157251444e-06 -0.0001936723572305887 8.391720720979567e-05 
0.0001030336655591442 2.484509483905026e-05 -6.338880555668956e-05 6.424847652324744e-05 
2.685735473982567e-05 0.0001135106519497914 -3.977306773006101e-05 -7.926138349737535e-05 
0.0002065124706678725 -0.0004239770309293783 0.0004163688361373454 -0.0001457448146612674 
2.534711187403522e-05 -4.243581837047981e-05 4.692898483417839e-05 -7.558680605099176e-05 
-8.741953085500821e-05 0.0001617261409200293 -0.000312219510419861 0.0003083331706422451 
-9.75440587951531e-05 -0.000349291249037731 0.0001753941114504211 -0.0001304891972591994 
-3.417148896628458e-05 -0.0002795359435267206 0.0001617524561183228 0.0001880651420525954 
6.215381186789894e-05 -0.0002559767969220631 0.0003689343497655564 -0.000350647475445455 
7.850656275123165e-05 -0.0001892168397884001 0.0001352439048209738 4.653246750455491e-05 
3.793289135716699e-05 0.0004241013095122436 -0.0004468655362318859 -4.430122044029848e-05 
-0.0001005383094793655 -0.0004524185380107241 0.0004026068212024456 6.911291754315087e-05 
-0.0003114109733880011 0.0006328632706911975 -0.0005368539865709672 0.0006417228456136012 
0.0001836006666028495 0.0002745019932459108 0.0001552257507044044 -0.0003721096548332613 
-0.00027981888454789 0.0008208959156006741 -0.0005375400654339006 -6.882260839032404e-05 
-0.0001629628010326848 0.0005038217251173806 -0.0003114599101955093 -0.0001419648008579635 
8.043116608040726e-05 -6.274776909521633e-05 3.855397179252186e-05 -0.0001072777214882816 
2.996135971809384e-06 0.0001565785145211726 -0.0001440177303603966 -0.0001927850082883338 
0.0003011981844659261 0.0005331248978181875 -0.0002738713685443429 -0.000747843666699348 
-2.500964262824042e-05 -0.0002385547401151191 -0.0001770307246493364 0.0002476484821083519 
-0.0001775843058142732 6.33288149866674e-07 0.0002983418853676045 -3.557954532516987e-05 
-0.0002541424033627277 0.0002048637874671796 -5.794851297841551e-05 -0.0001759304862917403 
-8.948796739835749e-05 0.0002257270470569084 -0.0008435109471690804 0.0003147664931055289 
-2.539773782234501e-05 -0.0006217625502299254 0.0004699117869380989 4.85164464889281e-06 
-0.0003073377594224867 -0.000185201079288689 1.156416591977516e-05 0.0002222396164298901 
-0.0004031692559874208 4.707373313790789e-05 -0.0003417749092396161 0.0003615915185583915 
-5.068722463505257e-05 -0.0001240463558882576 0.0002015108951984132 -0.0003386431265303554 
1.090346247719254e-05 -0.0005131735594191176 -0.0003519469125065201 0.0005353723017676089 
0.0005028560434640765 -2.809202529271443e-05 -0.0001396916527862344 -0.0003721383615695382 
0.0002690730863910433 -4.63114253954578e-05 -0.0001792319686793079 -5.653381425054805e-05 
0.000600192192169773 -0.000131290025980708 3.433552651282738e-05 -0.001047564092865464 
0.0001074745187988955 -0.0001872200182453092 -0.0001056103484800035 -3.053280041652369e-05 
0.0003419963580597318 6.655244332019035e-05 0.0002662504346563828 -0.0007726179406802432 
-9.103445567762123e-05 -0.0001211635583616485 0.0007491227536621543 -0.0008853643459525339 
0.000155707429249047 0.000295929947562561 -0.0001031699582149864 -0.0001883365784906842 
-0.0001658533961963537 0.0002443926299133971 0.0001290537837426054 0.0003484657593244329 
-5.01633091411096e-05 0.0001179316146416263 -9.052255488036863e-05 -7.69417130232091e-06 
0.0001786887486154709 0.0002610414709615495 0.0001497349256759701 -0.0005164903980811583 
0.000118488755256789 0.0001097568274815018 -0.0002117426354300998 0.0001026010275961134 
8.274351621919844e-05 0.0001619097673981108 -2.864946031817784e-05 -0.0001045897552036452 
0.0001112920100075937 0.0002926974344121078 -0.0002893503169371098 -0.0001409031188103594 
5.548041084552567e-05 0.0001447585383898009 -5.531450878221486e-05 1.526197025970536e-06 
6.24147430197374e-05 -0.0001608137425768064 -1.410814642522292e-05 5.834396833990255e-06 
0.0001050098481153103 -0.0002396306998004293 -0.0004623565865707372 7.120868664409724e-05 
-8.379493602102353e-05 -0.0001448031298878152 -0.0004942039060745532 0.0006265131093690697 
3.611554286572527e-05 -2.669257429319588e-05 -0.000345816456248755 9.278462987557655e-05 
5.955471620118423e-05 -0.0004788658527044937 -0.0001387568925744595 7.409994857571502e-05 
-0.0003595314019254703 0.000257984554426666 0.0003313095666204876 -0.0001355525848731433 
-7.432800279010289e-05 -7.435685909722124e-05 -6.817406968405355e-05 0.0002207670614542344 
-0.0003551019751403175 0.0005119075892642507 0.0002968110650607262 -0.0006591313345565094 
6.662004742703692e-05 -0.0001565088342940781 -0.0003587888124731958 0.0002286936091423645 
1.245788905251296e-05 -0.0005447254795981706 6.409295023549297e-06 0.0008389609355699203 
-0.0003943167243292908 -0.0001973140363681384 4.298978146148825e-05 0.0002261570165095265 
2.156492698355961e-05 0.0002889276148010309 -8.565317407023273e-05 6.866725867479451e-05 
4.763299680662451e-05 -0.000216210878909096 0.0002402605797406113 0.0002353274481905283 
-0.0001842780359066494 -0.000445170793127298 0.0005335627974820106 0.0001015815359648077 
-6.676741245475876e-05 -0.0003689707536896403 0.0006687483079385016 -0.0004468137432047566 
0.000105704531868886 -0.0001703018883575349 0.0001498081694979928 -0.0001749873989785283 
-0.0001673567623199507 -0.0004487278992086383 0.0009053539845827627 -0.000102558682440738 
6.797228709848487e-05 -0.0002015321053143647 0.0007742953136630239 -0.0004478373618373013 
-0.0002534596295789376 2.771305509640795e-05 -0.0001514386583326702 0.0003055405638656168 
0.0001095761531653913 0.0002776671545134009 -0.0002290070997673735 -7.6034693889215e-05 
9.519567666373133e-07 -0.0002006240812906011 0.0001161564858988844 -0.000170956602014456 
7.070009002607725e-05 -0.0001320247571150722 -2.938420556197284e-05 -0.0001372809641371292 
0.0003464161289723582 0.0001446582915071496 0.0001447896873537957 -0.0004155433449255382 
-0.0003016742000518455 -0.0002827820339438039 -4.636056703641439e-05 0.0005687730190730853 
6.052513126125738e-05 0.0003406742821141618 4.281041462550467e-05 -8.2751389444835e-05 
4.582791997015617e-05 -0.0002922123165890467 9.010251188058707e-05 0.000257941756982814 
-3.522053611227138e-05 -6.607891064347872e-05 0.0003585241843368305 -7.484678163537855e-05 
-0.0002404924984755567 0.0003371737824168004 -0.0002373422705388236 0.0005032449841898198 
-5.650057832570317e-05 -4.409853103812439e-05 0.0002768131271204302 -0.0002561465836534924 
-0.000134300271336511 -2.349760009769551e-05 0.0007064319856981462 -0.0003418582578337752 
0.0001672871532568601 -0.0002645259442027827 0.0006390325573584233 -0.0004299960453647126 
-0.0004031083447907629 0.0005966642019795393 -0.001041735890252174 0.0008466413028483987 
5.013812169142741e-05 -5.037832748073161e-05 0.000206041273420527 1.752661908073433e-05 
-3.991452518147398e-05 -2.701314639149531e-05 -1.370916524318312e-05 0.0001076979910133864 
1.081244571824697e-05 0.0001134261606243753 0.0006867142337726284 -0.0005614378282563199 
-7.837287210326238e-05 9.985974199049608e-05 -0.0002436789975280651 -0.0002944976333076967 
0.0002098819963783579 -6.345331377264115e-05 0.0004266633456905624 -0.0001679519379265028 
-0.0003107481919775853 0.0001165334341807483 -3.922064494377687e-05 0.0003837539154532558 
-7.541995507886123e-05 -0.0001226624134836805 9.553912694903514e-05 -0.0003097504193752754 
-0.0002710515544321989 -0.0003275778954398206 0.0005060164226351177 4.376936413698584e-05 
1.914859327051174e-05 0.0001454185230819109 0.0001232925547975738 -0.0002599348232428039 
-0.000160895813489295 4.751820459992847e-05 0.0002860091001029411 -0.0002014902148871974 
-0.0001368480270628739 0.0001504083650191042 -6.08853012515194e-06 -0.0002265952793823136 
-0.000209122625588907 0.0004268598260610402 -0.0003849129727459318 -2.441786070964453e-05 
-0.000271883282444721 0.000137095735089208 0.0001410817080537594 -4.807603265852299e-05 
-3.72985317883215e-05 -5.486696047692958e-05 0.0002150606491498992 5.750218892981451e-05 
-5.629792467277649e-05 -0.000180426123728378 -0.0002171139134907468 8.651494894683529e-05 
-0.0001406715798972784 9.964033496330581e-05 -2.223342446339513e-05 0.0001393677756276204 
0.0001518927277358133 -0.000197395621409224 -0.0001375509589237953 1.794830400479321e-05 
-0.0001356710666582648 0.0007924354721018317 -0.001035213820162423 0.0006266576691090677 
-0.0001736224483691347 0.0001806889974665418 -0.0001956018383337011 0.0001619328315763046 
0.0001755321800527094 -0.0007618707359481128 0.0001591892000998494 0.0008839838933546251 
0.000186204434214838 0.0004324160029055039 -0.0004677002338335511 -0.0001912290410842346 
-3.78774601752894e-05 6.198013680018199e-05 -0.0002745867155340304 0.0002514675995749378 
-0.0001391903253811917 0.0002858984417021571 0.0003310934089091099 -0.000132784659603482 
8.125857981491689e-05 0.0001005050430864357 8.098303949025467e-05 -0.000497191302723366 
-3.838269286431518e-05 2.459134529731652e-05 0.0001554101961735731 -0.0002071948827023032 
-0.0001185330436481071 -2.690876164424471e-06 -5.066204093510699e-05 0.0003065458027630381 
-0.0001647482269959943 -6.095836293141677e-05 -0.0001733109531516445 0.0005480917127800959 
0.0002000252291061435 0.0001036650404816269 -0.0004430059949410353 0.00035215068873963 
0.0002124810322396267 0.0003023012364474386 -0.0002385435236350117 5.971100812277581e-05 
0.0002103043707333281 0.0001952177490803452 -6.020013371320616e-05 -0.0002014726523802578 
-1.997416845367371e-05 -8.881085362463314e-05 -0.0001166940618148499 4.713302636979925e-05 
-6.924160207071458e-05 0.0001216238094599119 -0.0001202922721374661 0.0001965641012321796 
0.0001067708570222444 9.09431461628931e-05 0.0001956487015926831 -0.0002821143579335421 
0.000189720180519981 -0.000342422622540374 -0.0001441880082804269 -0.0001806567828855793 
-0.0002528124213706429 -0.0005611272269069255 0.0002451945768557193 -5.417478082173034e-05 
-0.0001210821464961481 8.453624991440587e-05 -0.0001047916876809453 0.0004979648993356609 
0.0001201259310357094 0.00022031154519447 0.0001718942616234433 -0.0001675977415821388 
-0.0004633336397230872 0.0002614984583800629 -0.000239688604332587 0.0003606206653153052 
-0.0002212229043112867 -0.0006794327701226279 0.0002724744448747619 9.225849751013924e-05 
0.0002394635439575727 0.0001446284710668396 0.0003031125373771408 -0.0005389529187879058 
0.0001534639597479523 0.0003357261060793222 -4.422460543706639e-05 -0.0004570352748929582 
-2.098475329827529e-05 -0.0004217117189089564 -0.0002982211451184852 0.0004407898141278054 
0.0003801889886738604 0.0002056353235441196 6.774380113052556e-05 -0.0005145861358920965 
3.450159821726471e-05 0.0005328362701770725 -0.0002563947010982531 -0.0004797909324686873 
0.0002871978112544545 -0.0001401447141803081 0.0002303325133461222 -0.0001958179729551138 
-7.155764265711651e-05 0.0002688479841443946 -0.0004778470137861142 8.6398773775408e-05 
-0.0001602379780752785 -6.180107599051749e-05 7.005045329768717e-05 0.000481088205361654 
0.0001336255795670378 -0.0001375940999907581 0.0001446891900182357 4.97183096247725e-05 
-3.312213655917164e-05 -1.839617813578122e-05 3.378752785579265e-05 6.323805809635003e-05 
-8.476412545109781e-06 0.0001265304464451271 -0.0002471965196522796 0.0003615963727056712 
4.581370674171172e-05 0.0006012048535472709 -0.0004659616307738164 0.0001315857221101061 
3.454671257188511e-05 -0.0001168174217318706 0.0001276928562860868 5.487325336646536e-05 
3.020513713627952e-06 0.0004013343414244055 -0.0004585426042388261 0.0001729803682810618 
-0.0002905591330898825 -0.0001802462040566685 -0.0001211318726541029 0.0002975975066352777 
0.0001371338500140813 -0.0001256222014583751 -0.0001928751379859658 0.0002755484905335355 
-2.720125722782536e-06 -0.0001122778493169453 0.0004683855485013254 -0.0004448786354231814 
0.0003106562628781359 0.0002405725177031581 0.0001719990558845507 -0.0009742346027741416 
-3.61334378823884e-06 -3.498646238748633e-05 4.722653936016666e-05 -0.0004527005179194704 
0.0002591443110794883 0.000213296266551364 -0.0002847199543132844 6.703067175506092e-05 
-2.268989881021457e-05 1.290273739847567e-05 -7.367761404607654e-05 -0.0001351165671959971 
0.0001859579455653295 0.0003715287409578617 0.0003065911621937092 -0.0006836363964967649 
-5.069863780405937e-05 0.0008991016342457112 -0.0006791983643749399 -7.102948021971924e-06 
0.0002435060183959453 -6.890018742527439e-05 0.0002113670276003263 -0.0003369606532126045 
0.0004273425857778932 0.0002611627591026953 9.278174410099785e-05 -0.001138540434490218 
-0.0001859188658370502 -0.0001043372466288656 0.0003617319033335067 5.61223695555408e-05 
9.378301348303785e-05 -2.026295000229699e-05 0.000249258899467404 -0.0001188098488306888 
-0.0001256957722454283 0.0004737912264173159 -0.000396627397230618 0.000150477387153088 
0.0001313389390295902 -4.471449339067499e-05 0.0003002273817866046 -0.0002735202755435962 
-6.584276941151306e-05 -0.0001749639308926599 -0.0002075124152915484 0.0002082700679815129 
-5.392446102655106e-05 0.0001466323136032962 -0.000114676477068326 0.0002335753483840988 
3.454620405757479e-05 2.977658812147743e-05 0.0002203919601860448 -0.000278592866585442 
-4.373000462395506e-05 0.0003073517829852193 -0.0001726530415687733 -0.0002334845075356224 
7.425653939692388e-05 -0.0002822231304972379 1.69738829432719e-05 9.677365738047971e-05 
9.86443781508295e-06 -0.0001415148814383838 4.48643469241567e-05 -2.556834824117293e-05 
0.000140913436261525 0.0002890150006610211 7.078803575065697e-05 -0.0003632679549872029 
7.382454990159703e-05 6.678248768119942e-05 -0.0003153297904349349 -0.00014203005866517 
0.0002048132013877571 -0.0001423253583833436 -0.0001293742829253612 -0.0001398045377618293 
0.0002909188293409598 -0.0002902909528054871 0.0002267333509553139 -0.0002980720349626935 
0.0003357389000215497 6.189669218191152e-05 -0.0003223459314867255 4.612468444378195e-05 
0.0001795276114601713 0.0003411150908579114 0.0001346278919329851 -0.0003226148106447904 
0.0001195467584096819 0.0003193619897547117 -0.0001791476406241612 -4.444951572119925e-05 
-0.0001522107216350729 -0.0001730158809166807 0.0002468964966511778 -4.498469264895342e-06 
0.0002964150748872962 0.0002207211650841045 -0.0002073165819633522 -0.000210841665401048 
-0.0003147441910012655 -0.0001986075920029353 -0.0005176759349545706 0.0006855935710532285 
0.0001838442137122381 -0.0001886099604155456 -0.0001701022623032681 0.0002586800459937296 
-0.0003003405212291811 4.35789671238019e-05 0.0003102672641623887 -0.0002101261193952865 
0.0002194145535984332 0.001149339966624797 0.000273977577014966 -0.00134889926933115 
-0.0002618151694208246 -0.000402340177686105 4.366786805502025e-05 0.0001657041049768839 
4.059523842625596e-05 6.474997978533347e-05 1.45336613590998e-05 -2.811931206277449e-05 
-0.0003237136602943272 -6.044826696382381e-05 -2.775031392863641e-05 0.000291292265460797 
-0.0001744764476562082 0.0001694988823015624 0.0001841433993973253 -0.0001344732153959589 
4.42103088073532e-05 1.47243340308123e-05 0.0003379320638226022 -0.0002478076332193561 
-1.804002930545794e-05 4.292697977749579e-05 -2.676775517018194e-05 -0.0002229931757075778 
6.687825271840955e-05 1.509008188186665e-05 -0.0001864076119194482 0.0004713593773425067 
9.648007666241499e-05 0.0002337700978952067 -1.21804765741942e-06 -0.0001519835374397811 
0.0003510132552004127 -1.498292473626587e-05 2.831200585638997e-05 -0.0004939233056112507 
0.0002931040038150189 -1.121462327242762e-05 0.0003620850846308201 0.0002570470159036542 
0.0002081208963638568 -0.0001700625991459751 -8.076816131209885e-05 -4.635193730329989e-05 
0.0002036946990892708 0.0004144689009123911 -0.0004691133383659791 -0.000301941022295112 
0.0002047362454208052 -0.0002300488164492827 -0.001015028608122479 0.001157635707105018 
-0.0001169127809179002 1.092888336492823e-05 -0.0002127815105613993 0.0001665969550461111 
0.0001229693799049352 0.0004762610849916142 -0.0006140081818419979 0.0002951096778903649 
0.0001661656744571817 -0.0001062754304986036 -0.0002068644890147577 -0.0002350977390216745 
7.978368272007533e-06 -0.0003704565120466526 6.763300156904572e-05 0.0001800863738508247 
0.0001707051500027042 -0.0004860933495300324 -0.0005807680482819144 0.0005426865098312926 
0.0001580684619463745 6.359571552040194e-05 -0.0007333209283768902 0.0002711001106115178 
-0.000369308186323233 -0.0004761612321615263 0.0002895732165561949 0.0001049147426454622 
0.0002024815935887044 0.0001933447044514789 -0.0006898979696893218 0.0005397803668951677 
-0.001242499111626045 -0.0006516980644775961 0.000382992775839187 0.001105730130639 
0.0005649254063687227 -0.00064669915393479 5.984267196694446e-05 -0.0004573797353714246 
-2.809732067269623e-05 -2.939103461108502e-07 0.0002293187275803336 -0.0002796894632018751 
0.0002088940692075641 -0.0003507472819766645 0.0004700137432849984 -0.0005266942450588646 
0.0001473417791061788 -0.000355911949671918 5.549902641181229e-05 -0.0001444852006302826 
2.128964406890158e-05 7.747771173150155e-05 -1.344017974670555e-05 -0.0002566488793407721 
0.0001189060694252192 -1.545083771083931e-05 0.0002929460941770992 -0.0004645959892219826 
0.0001783674597076195 0.0001063918676138681 0.0002984422839799085 -0.0002582091667451261 
7.292023964796415e-05 -6.968587097142069e-05 -0.0004576961667237982 2.444192985639654e-06 
3.604224196602369e-06 -9.676722877622364e-05 9.577920996121674e-06 0.0003387315775741594 
-3.374016260509423e-05 0.0002660293730790149 -0.0001063523998017872 0.0001736444512270514 
8.888987579435907e-05 0.000241661976913079 -0.0001361418850284026 -9.504262205098272e-05 
0.0002405459390732543 0.0001912294899288362 -9.645216587679864e-05 -0.0001147990482942134 
0.0001143986320940102 0.0002532615955140324 -0.0003196002781280372 -0.0002527715648031692 
0.0001545934016491608 6.832536365691602e-06 5.684788374949175e-05 -0.0005965833357538092 
0.0003048123909760226 0.000196109514787181 0.000239917062415345 -0.0008501144440453113 
-0.000197400289062315 0.0005602022957315266 -0.0003881149803087162 0.0001958819829265885 
-0.000163360446370322 4.994973391406655e-05 -0.0002962410989851334 0.0006720829329841825 
-4.123428218604368e-05 -1.840472009616197e-05 0.0002431085058328713 8.473343160140475e-05 
9.572556749106688e-05 0.000158541524549256 -0.0002941516058872006 -1.077676462739177e-05 
6.643461247607793e-05 -0.0004963861776462502 0.0002401722703439003 -0.0002649252173166266 
-5.331435795315105e-05 0.0003669208429439772 -0.0003567097173376564 -6.070046557326903e-05 
0.000181488798160565 -3.472640428545958e-05 -6.188435462386434e-05 -7.893643913345911e-05 
-0.000161342091529782 -4.516500793316434e-05 0.0001799458554713498 3.22116544702831e-05 
0.000142072674025872 -0.0001332301489964175 0.0003182494795566573 -0.0004383156434285696 
-0.0001085932731622812 -0.0006336442341496095 0.0002483039094696541 0.0003864170624041329 
0.0001465908799997787 8.293138926655619e-05 1.675585461063343e-05 -9.125494237924809e-05 
0.0001818007201833896 1.203466492616981e-05 -0.0001484512413341875 1.659808044036733e-05 
-0.0001256751365511618 -0.0005181891353858001 0.0005353453230082944 0.0001074305516188044 
-0.000152221108940451 -0.0001967082029542698 -2.291362689165574e-05 -3.368176107388223e-05 
-0.000203197507032631 -0.0001041130640987116 0.0002807151754467836 3.548982974528289e-05 
-8.982139682974842e-05 -0.0002916068438672043 0.0005734495147403019 -0.0005192615270852204 
-3.793756211794826e-05 -0.0001859192980780671 0.0003791888415328568 -6.222708844118543e-05 
-0.000299048231093782 -0.0003741914930709244 0.0001572229229760571 0.0005357314670861693 
9.293800012456995e-05 0.0004374812582327246 -0.0008502669195346966 0.0002940150183326794 
0.0001095929471071721 9.897589449614364e-05 -0.0001631436500526987 0.0001436145365724182 
-3.717534573802166e-07 -8.145514399370949e-06 -1.982329135986682e-06 -4.974550450182683e-06 
