solver_type L2R_L2LOSS_SVC_DUAL
nr_class 5
label 1 2 3 4 5
nr_feature 225
bias 1
w
0.4675915773235256 0.0212350122049617 0.01875905266366891 -0.3891779466401849 -0.01300690465129131 
0.2422950893041591 0.4332941609203113 -0.05262349478615701 -0.5066240457898886 -0.007018458167992079 
-0.09058974093743365 -0.3022262426585358 -0.3171745657318979 0.814752597330257 -0.01189539946100609 
0.7691182492602346 0.05919671668382499 -0.107978040883622 -0.6232256680260723 0.002449565168920769 
0.7655013069088128 0.08366705763638858 -0.2546901142633005 -0.5261252255287263 0.03176799772998189 
-0.4495107495800358 -0.1400922259769725 -0.1313455201873503 0.6572411938617152 -0.05763288208856195 
-0.5439622952831715 0.1955274853505554 -0.2536771016509069 0.4220242742440652 -0.02998613946107047 
1.548190626090362 -0.0005953169747997532 -0.3741533427215067 -0.7121943600717315 0.005261394804185637 
1.796336868041655 0.102514914705065 -0.4563559165897665 -0.9488408855667977 -0.04709468271309119 
1.12134269412006 -0.07686933625844904 -0.9842881565277991 -0.05235517952442727 -0.04602395365268201 
0.9506157530981084 -0.1176041848136427 -0.7956646426903246 -0.1071116817008798 -0.1275212296208924 
1.339139680374152 -0.04469646368504016 -1.042423065531312 -0.1045387832446544 -0.07140129834219082 
1.531224836660583 -0.1635283436394099 -1.21865952634286 -0.07785768075271592 -0.05084011603692098 
1.654277209842343 -0.1800402924870761 -0.7326185453460616 -0.4573472457302258 -0.1079306738380396 
1.07628021222265 -0.02922525449219383 -0.805696668861116 -0.09880960535987432 -0.0531122637403802 
1.191329321475504 -0.0257160716131906 -0.868246851635785 -0.05557211739707779 -0.06267148328903767 
1.461219995431127 -0.01853108343872871 -1.215911997948022 0.04030382007604216 -0.2104892472109157 
1.060274205086913 -0.09650073122560124 -0.6145068884158692 -0.3101440288213761 -0.04656378239526537 
1.400649012787091 -0.1029061443930243 -0.765417344557017 -0.1277335690136274 -0.2598396679573063 
1.088448643716174 -0.3220341052805903 -0.6533945993210467 -0.1432155322585551 -0.1269918734653012 
1.395797084026495 -0.1465682065559471 -0.4954225507140527 -0.1244724397969001 -0.2150000135164758 
0.08960299134185505 -0.1622129432331952 0.2610769678406366 -0.1954967798092563 -0.08882223543147427 
1.150187847782981 -0.09965758828233483 -0.2898380463153164 -0.0141916405161508 -0.2011698587132389 
1.136114624774572 -0.07030524856034191 -0.6844879684191829 0.02880790549283285 -0.1493314310858345 
0.3691510245964059 -0.2230599013935253 -0.3969889951570167 -0.09768978783538573 -0.05963439907812101 
1.48560853910051 -0.2287683620330725 -0.8316267871150845 -0.4306847894975892 -0.1627169631290113 
1.413443361632282 -0.293252035230976 -0.472045091649114 -0.3565579972596367 -0.06252765819853616 
0.2931104591918799 -0.1026965323985106 -0.06733076193152758 -0.02184275201203112 -0.1004288100969703 
2.472370322678171 -0.133982762242532 -0.09012373154282435 -1.874957362068407 -0.1203869795074889 
1.584295959051355 -0.1478529928067745 -0.3030071330411516 -0.426879675185694 -0.3244396623480678 
1.464043989803812 -0.03780064545539046 -0.2643666621611246 -0.3374675815734008 -0.4651679224633758 
0.2727437446788833 -0.08571888542002794 -0.04466314987601384 -0.03155471194068416 -0.1051059591335709 
0.2868963468293176 -0.09475478981050894 -0.0606811991837749 -0.03304011391770063 -0.09807394239051387 
0.2868963468293176 -0.09475478981050894 -0.0606811991837749 -0.03304011391770063 -0.09807394239051387 
0.2868963468293176 -0.09475478981050894 -0.0606811991837749 -0.03304011391770063 -0.09807394239051387 
0.2902551798744922 -0.1188349382407866 -0.05892245846513211 -0.04570968638387141 -0.07514074349009234 
1.153327872511342 -0.2037453120375096 -0.2575854235464348 -0.4466177820297137 -0.2416105676316806 
1.387480069083275 -0.4849230033329087 -0.1573518813852397 -0.1888372138957952 -0.3851304061250028 
1.531112135102144 -0.2497876726647287 -0.4526347464967472 -0.1122263968394305 -0.2918972070343253 
0.3360011201104102 -0.1168895714456345 -0.1218452780961295 0.03100279954989302 -0.1085526346274455 
1.608182005704226 -0.1734041639258002 -0.737047496283425 -0.07747418856221096 -0.3618426684505157 
0.9775290790529023 -0.1541863282602171 -0.3343444695190168 -0.2139203123497611 -0.2600262709622032 
0.9507913436276453 -0.1992667166644695 -0.3955367748305591 -0.1838296441665495 -0.2211082305626881 
1.745506453298054 -0.6102251154602496 -0.3149839271839158 -0.1482204988563552 -0.3884654571748792 
1.443387213913501 -0.1669253004084911 -0.2918286932236843 -0.4879510493079203 -0.191793551555683 
0.0599374586313904 0.3254591802165715 -0.2754714328773402 -0.1019292488157145 -0.09075523279454631 
0.05085630385244581 0.4082922478643355 -0.4029902385841148 -0.02864501180296788 -0.1155766857421912 
-0.1138594010085662 0.3015983847972253 0.04836005782500531 -0.2178642057023003 -0.07947685909780082 
-0.09862858592794195 0.2853516938437737 0.0561355699333966 -0.2437298603237396 -0.0706556245672551 
-0.09884036693205854 0.3086116253524538 0.06503579701270841 -0.2535782120585998 -0.08629882841123827 
-0.1130848234977877 0.19561082267505 0.02170936337044294 -0.158241068273617 -0.1720457170041834 
-0.1179429242174044 0.5656715373666427 -0.2310270412677155 -0.1403214229208457 -0.2432500241990039 
-0.04124839343148409 0.5854912765710636 -0.4153941401891523 -0.1261036091784536 -0.2162164258110193 
-0.1879903421918805 0.6797282211670875 -0.06249594461374431 -0.1423479979261824 -0.2200751852988239 
-0.1200734095672882 0.8431255348946783 -0.1500004736443519 -0.07205707104536538 -0.2965836820587664 
-0.2224085277627802 0.5063729700469987 -0.07564126197999196 -0.06559074448451688 -0.2055830863763274 
-0.1479417417125849 0.5784565277384526 -0.1661925486358503 -0.09692969239786364 -0.3045574974336291 
-0.1312994874573593 0.9497201122712726 -0.2624808058194498 -0.08865355505429813 -0.4997980098939634 
-0.2188630256769868 0.8966105601435842 -0.09905311309537299 -0.1288385079703906 -0.2895185656652361 
-0.1814694457662147 0.6226144259936787 -0.1205184452866057 -0.07515221037953017 -0.2086405170230701 
-0.3624803594873285 0.6063624256809443 -0.1693151491434516 -0.00132441116297399 -0.3266892929116771 
-0.1256398759818279 0.505827790079288 -0.1964958667594185 0.04066265487962335 -0.2412576231103584 
-0.2197366047084718 0.4209792386836931 -0.05617219218980906 -0.1129204735353846 -0.3143568815766339 
-0.2039767945541613 0.4107473313109287 -0.1327564199140867 0.06827606446407393 -0.2458014517523074 
-0.2518260378384412 0.5073742809640617 -0.1173903420206902 -0.02238512696336531 -0.313638377264306 
-0.1973846312672896 0.4643064057164917 -0.08847928894469495 -0.09406571792624727 -0.2179050729867002 
-0.2373005332709402 0.4135480863138706 0.01654400087735869 -0.1050559616564779 -0.2309792760264553 
-0.4373704731403815 0.584265051389328 -0.3363378142688637 -0.09262967135151455 -0.4216195622571011 
-0.5258582968027807 1.531145911919541 -0.2250969060525437 -0.1301717603925816 -0.5353690615803931 
-0.1636667084869773 1.628480081334302 -0.2534026708809079 -0.2908205664948006 -0.7289278452520142 
-0.02997286256926713 0.7483286971644332 -0.1309891354087939 -0.06071540307761879 -0.7058266997571971 
-0.02997286256926713 0.7483286971644332 -0.1309891354087939 -0.06071540307761879 -0.7058266997571971 
-0.2369751795168718 1.136599435552926 -0.2497555028435723 -0.2989756486713445 -0.2265167942187975 
-0.2203544822572155 1.140817267744784 -0.365005564355008 -0.2372689582434481 -0.3399027346280031 
-0.02997286256926713 0.7483286971644332 -0.1309891354087939 -0.06071540307761879 -0.7058266997571971 
-0.04764171642826642 0.009973777742094424 -0.1383572252612666 -0.03643964639028123 0.04668772977721108 
-0.2161029027919844 1.308723275710517 -0.2603537883956153 -0.2752352067324969 -0.3493861266777925 
-0.1441925998966739 0.9769837588343688 -0.3330186832035161 -0.1052331500993323 -0.3257923176809659 
-0.1072331851491047 0.3368331917415814 -0.1387932352719928 -0.08095284977167565 -0.09379448890882294 
0.2422950893041591 0.4332941609203113 -0.05262349478615701 -0.5066240457898886 -0.007018458167992079 
-0.09473458758288175 1.157468113929214 -0.2854247799176685 -0.2027596110541813 -0.3730323112823955 
-0.1213471408994679 0.3316127865851763 -0.1274493791982999 -0.07712163363003811 -0.08987138452352722 
-0.235323771384039 1.334036984465145 -0.2511861493756013 -0.2043204814584539 -0.4835730494983252 
-0.1331336286919635 0.8297669423651991 -0.03324997777647759 -0.1081116598836429 -0.5206718515787793 
-0.1285733384985795 0.3153446671550099 -0.1039946421430783 -0.00829289088667399 -0.1234687643361547 
-0.5439622952831715 0.1955274853505554 -0.2536771016509069 0.4220242742440652 -0.02998613946107047 
-0.4476935202190705 1.331216225733679 -0.2324633566759222 -0.1121869278254117 -0.3361777914003484 
-0.1332854911238076 0.3189235118692719 -0.08190861175666746 -0.02552867906598115 -0.128140151293882 
-0.1387331362114532 0.8318224625955415 -0.009015972252454976 -0.1354653083253686 -0.5239752103319615 
-0.2180669583690334 1.403128612718367 -0.3062601473078586 -0.09743345162101205 -0.6539862950003028 
0.3691510245964059 -0.2230599013935253 -0.3969889951570167 -0.09768978783538573 -0.05963439907812101 
-0.8392385336710718 -0.4517041074852151 0.7350267220564194 0.09561794407837278 -0.05748243630522671 
-0.4422912492810124 -0.3472780293844091 0.6766713478583142 -0.02504832945559265 -0.003316767856409314 
-0.6193958300410517 -0.314983856212779 0.5581517923900408 0.07736522635721256 -0.1397116040668448 
-0.107084911807558 -0.2806326161429284 0.2434416149658667 -0.08054556133442825 -0.1097552839289724 
-0.1937531876908833 -0.3156084506392931 0.2036792954355634 -0.01123902419439878 -0.08628731584331877 
-0.1937531876908833 -0.3156084506392931 0.2036792954355634 -0.01123902419439878 -0.08628731584331877 
-0.2229173161617493 -0.3460387479156556 0.2489153923116393 0.003789985963776518 -0.01538083974354905 
-0.2004481937692906 -0.3346027622726923 0.2711600861676691 -0.003317879350200971 -0.03082218375875397 
-0.5369263507465786 -0.1133497535037494 1.038527395943553 -0.1108473147075904 -0.1992751931700777 
-1.029277260312458 0.05406697654923213 1.275210951093122 -0.03568587567929628 -0.216845549957242 
-0.3167229418406661 -0.1982834160357624 0.3164075978797279 -0.2265381522002912 -0.1860800981742015 
-0.7192502373734361 -0.03946704563903951 1.427276282863779 -0.08251585801416975 -0.07270460155296704 
-0.3167229418406661 -0.1982834160357624 0.3164075978797279 -0.2265381522002912 -0.1860800981742015 
-0.3167229418406661 -0.1982834160357624 0.3164075978797279 -0.2265381522002912 -0.1860800981742015 
-0.3167229418406661 -0.1982834160357624 0.3164075978797279 -0.2265381522002912 -0.1860800981742015 
-0.7504092464476022 0.01303012698044629 0.9628075462492398 -0.02332251417991147 -0.2069049545697814 
-0.3167229418406661 -0.1982834160357624 0.3164075978797279 -0.2265381522002912 -0.1860800981742015 
-0.1752155060654334 -0.1114537378402543 0.6462960334849516 -0.2915390361559578 -0.04970878663079378 
0.08960299134185505 -0.1622129432331952 0.2610769678406366 -0.1954967798092563 -0.08882223543147427 
-0.1573184286729724 0.05818037329932157 1.175491813694404 -0.6082805728960418 -0.1061799397748629 
-0.2392417868860279 -0.1185562788504374 -0.2635629081625827 0.3958216179623978 -0.0078496517272171 
-0.7202013643854243 -0.2316532609166983 1.165812903831302 -0.237879398499706 -0.03585236729373328 
-0.2537100711677006 -0.05479959461936575 -0.2807236359380188 0.4053881933530562 -0.04086818290104962 
-0.2257207809464697 -0.1194000332893605 0.5577658750664601 -0.2142911360721227 -0.1230355535940895 
-1.644655541771703 0.03382430313906472 1.876878728006778 -0.1693391140413691 -0.065222469011695 
0.2337337055812287 0.1050119153118318 0.1260302715648758 -0.3285529337876668 -0.02490706635331548 
-0.787377997180993 -0.2335730800390139 1.40687670994114 -0.2459129682853424 -0.05421567997107062 
-1.30978081188074 -0.3721559219657336 2.299781105787469 -0.5651270911737527 -0.02807673878211155 
-0.7148415838516095 -0.1719956344441933 1.353480921014334 -0.2802419667108642 -0.1564640163624934 
-0.4913680117462793 -0.08554121047964149 1.204720135940788 -0.02386659279241424 -0.2288639200926293 
-0.6941291485111131 -0.1043281527621507 1.379722589130565 -0.2138570349209533 -0.1288778691743082 
-0.9165553771430676 -0.2101725384324325 1.642393305815821 -0.1773295801983984 -0.2872406237417108 
-0.2704432157894811 -0.1501546320415446 0.900187305869525 -0.148068818891572 -0.1157783209999726 
-0.645068222428289 -0.150215265391606 1.277396082876001 -0.3053431181399668 -0.3304848358887917 
-0.3312402392846036 -0.4950308679517273 1.516268253184396 -0.1749591914125029 -0.3539699649715552 
-0.1816142650114968 -0.4033153762882853 1.367749915241161 -0.05286573102954514 -0.497886290287874 
-0.1848883974855295 -0.2579766150685072 0.9273564152943821 -0.07392922021450819 -0.2551674312224313 
-0.1653616617877062 -0.3367647510103668 0.9514107730312507 -0.06822200749520636 -0.2843684508897903 
-0.6196975490599405 -0.3070001329799247 1.470111463593851 -0.1355990920634547 -0.6175124984531375 
-0.3785428372244997 -0.4539658620921398 1.521682169678909 -0.2093329779965409 -0.424507898383521 
-0.3354306119097739 -0.5034760432760629 1.471415128768026 -0.1477315398062838 -0.2041075320778079 
-0.1162655423113031 -0.2339250923824852 1.407615163319957 -0.1200553216338676 -0.5257405778002305 
-0.3483905396951772 -0.1260247860763899 1.405819143145609 -0.03473298978540893 -0.4144828312872477 
-0.8190473677357966 -0.3077340144894934 1.756346976192977 -0.04791798024615091 -0.328226397533144 
0.3360011201104102 -0.1168895714456345 -0.1218452780961295 0.03100279954989302 -0.1085526346274455 
-0.2080772527423897 -0.2089124024502219 -0.2158048322688425 0.9477724221315988 -0.2246942018219482 
-0.3145579473126572 -0.2275919157546469 -0.3589061171123577 0.9238075567700379 -0.1677093003812321 
-0.1884689307354921 -0.07204028837244809 -0.08554566612149397 0.4282809191616606 -0.1594050910405433 
-0.2338209172714784 -0.1031136325153224 -0.1399552338770551 0.4242415281311919 -0.1114408239273142 
-0.2701041703596029 -0.1431911629439629 -0.2538221847435181 0.4255980882575715 -0.04315017352818125 
-0.2512436744098289 -0.2230745771665637 -0.06123299046302703 0.914282590724236 -0.1976346396562159 
-0.2856971454453818 -0.2270583686180546 -0.2970367187145586 0.9964155033653919 -0.1175969734188012 
-0.1800861900156977 -0.223852732644263 -0.0533360451272089 0.5493326332684173 -0.1419456692812247 
-0.0450001957996879 -0.013660447861908 -0.04074831707588403 0.2546986802903848 -0.1001821916556406 
-0.0365069650830716 -0.01254554116729048 -0.04551819200258969 0.2602076804603264 -0.1065674232083805 
-0.0365069650830716 -0.01254554116729048 -0.04551819200258969 0.2602076804603264 -0.1065674232083805 
-0.0365069650830716 -0.01254554116729048 -0.04551819200258969 0.2602076804603264 -0.1065674232083805 
-0.0365069650830716 -0.01254554116729048 -0.04551819200258969 0.2602076804603264 -0.1065674232083805 
-0.0365069650830716 -0.01254554116729048 -0.04551819200258969 0.2602076804603264 -0.1065674232083805 
-0.0365069650830716 -0.01254554116729048 -0.04551819200258969 0.2602076804603264 -0.1065674232083805 
-0.0365069650830716 -0.01254554116729048 -0.04551819200258969 0.2602076804603264 -0.1065674232083805 
-0.03773182415422317 -0.02586444121305215 -0.04539869325523747 0.2411978273370018 -0.07524409492900476 
-0.2984065695607825 -0.03816406464862491 -0.06177782743200298 0.4050365252676114 -0.08013824355685943 
-0.259016487643401 -0.09119478507582653 -0.05339537528598824 0.5519685545246604 -0.054378664511728 
-0.3099426323678982 -0.05105089088909712 -0.05590199715638994 0.415826862749469 -0.09223113358911651 
-0.3099426323678982 -0.05105089088909712 -0.05590199715638994 0.415826862749469 -0.09223113358911651 
-0.3099426323678982 -0.05105089088909712 -0.05590199715638994 0.415826862749469 -0.09223113358911651 
-0.4480111789192345 -0.04155718613549465 -0.232539870507587 1.454859595541977 -0.4288135672713632 
-0.3099426323678982 -0.05105089088909712 -0.05590199715638994 0.415826862749469 -0.09223113358911651 
-0.3099426323678982 -0.05105089088909712 -0.05590199715638994 0.415826862749469 -0.09223113358911651 
-0.5889100532914607 -0.2490949416152822 -0.2769268248904816 1.460349311494971 -0.2868506936745979 
-0.2393407303905504 -0.1181761677917302 -0.385606110997336 0.5390121766672324 -0.00897947820562622 
-0.3027123996623955 -0.5183438330811729 -0.2014393816622937 1.50064534809688 -0.2508248181348323 
-0.3643090980766448 -0.2646891994804434 -0.252174361286332 1.485807045884355 -0.4240535381883643 
-0.09058974093743365 -0.3022262426585358 -0.3171745657318979 0.814752597330257 -0.01189539946100609 
-0.5439622952831715 0.1955274853505554 -0.2536771016509069 0.4220242742440652 -0.02998613946107047 
-0.4495107495800358 -0.1400922259769725 -0.1313455201873503 0.6572411938617152 -0.05763288208856195 
-0.4495107495800358 -0.1400922259769725 -0.1313455201873503 0.6572411938617152 -0.05763288208856195 
-0.5439622952831715 0.1955274853505554 -0.2536771016509069 0.4220242742440652 -0.02998613946107047 
-0.5439622952831715 0.1955274853505554 -0.2536771016509069 0.4220242742440652 -0.02998613946107047 
-0.1991886899827141 -0.331591138319464 -0.3020755109329668 1.0539366207098 -0.2287364313355053 
-0.2984055893551494 -0.2772573571200981 -0.1998397226379179 1.759897758747748 -0.6529245661429554 
-0.1027458090082892 -0.07137934219064739 -0.08491175375507776 0.305689555721933 -0.07217422801012593 
-0.1027458090082892 -0.07137934219064739 -0.08491175375507776 0.305689555721933 -0.07217422801012593 
-0.1027458090082892 -0.07137934219064739 -0.08491175375507776 0.305689555721933 -0.07217422801012593 
-0.1027458090082892 -0.07137934219064739 -0.08491175375507776 0.305689555721933 -0.07217422801012593 
-0.1027458090082892 -0.07137934219064739 -0.08491175375507776 0.305689555721933 -0.07217422801012593 
-0.288983270122469 -0.1289550370198813 -0.2970043797228989 0.7385255001437506 -0.2454084667619137 
-0.288983270122469 -0.1289550370198813 -0.2970043797228989 0.7385255001437506 -0.2454084667619137 
-0.04808912956688607 -0.1485781527884409 -0.1287813720088716 -0.04554372132440219 0.1822045573122252 
-0.04808912956688607 -0.1485781527884409 -0.1287813720088716 -0.04554372132440219 0.1822045573122252 
-0.02997286256926713 0.7483286971644332 -0.1309891354087939 -0.06071540307761879 -0.7058266997571971 
-0.03572842232044497 -0.09303060658438583 -0.1379000804548307 -0.03256461996428602 0.1273779927643316 
-0.06863874184021182 -0.4506487518213347 -0.1133972840097212 -0.04802314861935064 0.4970506603670754 
-0.03430138976840698 -0.5767935387539754 -0.1368566924460127 -0.08704487817788151 0.6439185606468912 
-0.01898336755399254 -0.3765705526162332 -0.1488666767689167 -0.02022446642883189 0.4068847822926401 
-0.03430138976840698 -0.5767935387539754 -0.1368566924460127 -0.08704487817788151 0.6439185606468912 
-0.05393577566139683 -0.5657858883180092 -0.1431917247972424 -0.02674701360496513 0.6073430981824199 
-0.06523535513384487 -0.04066691876788915 -0.1053959601080365 -0.05757345091811608 0.23149906685967 
-0.05808993433005924 -0.1267461591606929 -0.06612209364665675 -0.06349758272989364 0.2711128956075645 
-0.06523535513384487 -0.04066691876788915 -0.1053959601080365 -0.05757345091811608 0.23149906685967 
-0.06523535513384487 -0.04066691876788915 -0.1053959601080365 -0.05757345091811608 0.23149906685967 
-0.2335382170801222 -0.5181299305537443 -0.2091767165874231 -0.1899996226023175 1.126371128136223 
-0.06523535513384487 -0.04066691876788915 -0.1053959601080365 -0.05757345091811608 0.23149906685967 
-0.3633919462628405 -0.3493518880796295 -0.426926628190057 -0.06563550217378679 1.451275688507747 
-0.3349457728855532 -0.4366762124396042 -0.1133670747383896 -0.2023943595526984 1.094751482864039 
-0.1096412108423549 -0.09326119167923065 -0.06754243797193094 -0.05524944401353129 0.273755736915018 
-0.2087090897256474 -0.1295636977955476 -0.1851659418136824 -0.06394526297049938 0.4971886210146994 
-0.2620961578781438 -0.7733425108459027 -0.3811922302660881 -0.181082598534666 1.555096799021064 
-0.08317918943493829 -0.1926633525307541 -0.1895230222794118 -0.01479376320055374 0.5065985172038986 
-0.04583526968336321 -0.1020622711263863 -0.09470535803965399 -0.1239319967018057 0.3491399922691686 
-0.03344871040643858 -0.1255816832209864 -0.08828054901681053 -0.1185352405472912 0.3489098601522171 
-0.1169835643901915 -0.1663393349737138 -0.1940421070187744 0.01366876629010003 0.4763811044607816 
-0.0782987153703141 -0.1919347202728792 -0.191022194400942 -0.003777915279821716 0.4908105710586271 
-0.1980536372298032 -0.5622244852136018 -0.290610438139109 -0.3313316058649189 1.62024152655572 
-0.3687398540619559 -0.6700882728438934 -0.1680158859007683 -0.08781056753009785 1.489891213778501 
-0.399675489107539 -0.5341518875608816 -0.3306166635725863 -0.1645260782580235 0.9721759392663507 
-0.2773080927901341 -0.4237817376490526 -0.5562591904301298 -0.08972792400264033 1.458781079082751 
0.0301386795055633 -0.08153808432405504 -0.07308544373447119 -0.1210065746980136 0.2372219844499802 
-0.3006611536036688 -0.3469765586028593 -0.2589199889313255 -0.4371887742434089 1.297307306349299 
-0.09294920892101916 -0.08044469058230062 -0.08800010970490252 -0.0728882187283981 0.2570697657465938 
-0.2333592051089612 -0.1002853791564193 -0.04632108051019116 0.01684108122377289 0.2833837031871708 
-0.5832827840670715 -0.2259807734374641 -0.7022889673980899 -0.1007392504958871 1.547489912647967 
-0.3130427117159018 -0.3430950987951556 -0.222821984310412 -0.1004709080542121 1.445186772919812 
-0.2661481874407783 -0.2996294777567455 -0.1747357438400916 -0.3455852935357912 1.22384226631639 
-0.2444605564047164 -0.5316541705468364 -0.09158938211312208 -0.1149949834318104 1.077498369700844 
-0.2358417904862332 -0.15784755243808 -0.3485402582129757 -0.1313364679639824 1.162144843182494 
-0.2889390191703949 -0.546826932008182 -0.295648535847562 -0.01524273656042136 1.158557539898585 
-0.07104983923865452 -0.1211179476323941 -0.05150349772112936 -0.07769566497453678 0.2860757015003037 
-0.1273788204816981 -0.6534103475698267 -0.4130049584454372 0.02283157656217531 1.255374945457539 
-0.5017436591706682 -0.3222348565900988 -0.1078012936775504 -0.3310914031425033 1.333480131729535 
-0.1888684438444689 -0.5492579101846564 -0.1401536643636181 -0.09621810505886173 1.282832983836917 
-0.2344849719799567 -0.5230306721265946 -0.4065042882365791 -0.3418460984658581 1.648502265097559 
-0.07104983923865452 -0.1211179476323941 -0.05150349772112936 -0.07769566497453678 0.2860757015003037 
-0.6484168228164022 -0.7040359646687933 -0.7463972922058811 -0.7335136228997258 -0.7159091207370765 
