solver_type L2R_L2LOSS_SVC_DUAL
nr_class 5
label 1 2 3 4 5
nr_feature 225
bias 1
w
0.4471230279360933 -0.001632667623121973 0.02929282130369011 -0.3588050261303107 -0.0970688619892537 
0.3280491641773491 0.3221680395829976 -0.03042404194522041 -0.480856323401311 -0.1075212583108879 
-0.008200528563429989 -0.2396711594908709 -0.2730071691748743 0.6262286078937592 -0.08528468034406309 
0.7268937420862633 0.03590038298613709 -0.07505387030090747 -0.5697377832930164 -0.09258041013707108 
0.5830740128954088 0.09213931146915079 -0.0968182105619423 -0.4758563441847662 -0.07470705584919761 
-0.4919820897070015 -0.06875585163951459 -0.2112525068326674 0.7007548600192059 -0.1243390606461723 
-0.6192301629718857 0.1903038493523777 -0.2908635080806012 0.5615032083955646 -0.1106966537595554 
1.678968466002021 -0.07757479260679563 -0.4154127470401982 -0.7487349204395087 -0.07851101043829639 
1.815717734981982 0.08946265913913944 -0.5327085222808291 -0.8847440893176289 -0.1080106892751774 
1.135751402172011 0.02691540543985518 -0.9894301004700409 0.04604498568870585 0.0125169297142514 
0.7883874343148062 -0.1751144092041626 -0.7992781912900351 -0.1578148309803907 -0.05557653219775096 
1.519176150776246 -0.02461267625144075 -1.338444125510258 -0.06543553229510203 -0.05943613236091743 
1.581817129032645 -0.08604250903880538 -1.255892684078595 -0.06781151329970925 -0.01334730254689047 
1.672773905498261 -0.07729393862453744 -0.9046656164530449 -0.4889875786669108 0.01408583969522417 
1.213381378748138 0.04151477566407378 -1.008110726595975 0.04930649060375271 0.04782577256070682 
1.299972100625159 0.07737033564088332 -1.068414727851363 -0.05263290566434702 -0.05023209015144422 
1.612459594964967 -0.02996869661226331 -1.413055046330905 0.0422410104211122 -0.09660279715017922 
1.036200160302026 0.03256482013620378 -0.4908143686816128 -0.2829281769265385 0.004464431718558344 
1.449914936760439 -0.1463913685610428 -0.8154134485676849 -0.02574060394325312 -0.200280261188222 
1.13395124773028 -0.306471567269667 -0.866720310340788 -0.1188521782292494 -0.01050096574489979 
1.360771977468618 -0.1016742211646733 -0.5794264721516574 -0.1977090874230822 -0.1081145876192995 
0.06149271186724059 -0.1222737338205314 0.2593685110535749 -0.2087477052967331 0.02921397171428449 
1.208022351652278 0.05045237409267263 -0.453070537111784 0.0857648259252935 -0.2266261633503266 
1.135776736693633 -0.06036086064127063 -0.7928914717589587 -0.009587372313894386 -0.0866350741919399 
0.4490140234186844 -0.2083934793354636 -0.5519397939978619 -0.1381702215004799 -0.03831142718251224 
2.041913225405842 -0.1963688924309238 -1.42595347321386 -0.3693002387898443 -0.2106106581923091 
1.45924196703285 -0.03145479406450188 -0.5867092041117469 -0.3978841415996873 -0.03889860909420913 
0.3583853382892524 -0.1257961961233212 -0.08451995074118006 -0.001696815748203338 -0.1112904366518963 
2.797992339959158 -0.1304858186348163 -0.1894449068645568 -1.946031086495161 -0.1157723980273824 
1.590568162314284 -0.1464320207704069 -0.2364166162195335 -0.4859179577345166 -0.2733863662552478 
1.609763531174048 -0.06275681469280701 -0.3430052923745699 -0.2582403213709666 -0.4164342503094354 
0.309647621703461 -0.1123873110768077 -0.04787496027863799 -0.01032983886404232 -0.1135133236286297 
0.3333444028026434 -0.1319380915956328 -0.06766379400623609 -0.01165966977628759 -0.09354964935247438 
0.3333444028026434 -0.1319380915956328 -0.06766379400623609 -0.01165966977628759 -0.09354964935247438 
0.3333444028026434 -0.1319380915956328 -0.06766379400623609 -0.01165966977628759 -0.09354964935247438 
0.3551051654349603 -0.1522299584018567 -0.07054512778752635 -0.0308110334940971 -0.07991972654613394 
1.156490580812704 -0.338334077941207 -0.2119429343744581 -0.3665344133995534 -0.2434789852514929 
1.477114382361696 -0.5091650030187929 -0.09314107118782458 -0.2151745243991189 -0.4684257848774939 
1.617884659814205 -0.1659551273526498 -0.6908109424235952 -0.142157110555525 -0.09186870664704493 
0.3596269172793939 -0.109572363761988 -0.1167666881289786 0.00406936283641072 -0.09646849293701566 
1.76356542384 -0.1269413100115065 -0.8761298081182461 -0.1286997112600509 -0.2828116417428034 
1.000424208841247 -0.2390744129644086 -0.2795119324273371 -0.1509924994137464 -0.2156072344591399 
0.9670947923482118 -0.2610768479802592 -0.3168567116086193 -0.1260662488673233 -0.1856909914562332 
1.829535127051249 -0.7074839310223933 -0.2237661661937705 -0.02130654856502266 -0.5569802352352913 
1.472540109116647 -0.05594403018871696 -0.3751877078934314 -0.4519780869666709 -0.1003655498168514 
0.177267378974741 0.4043838317971242 -0.4326703400263057 -0.1041807284467815 -0.1186486964086418 
0.114622732087438 0.5220928975654301 -0.4702050553935025 -0.0625945870727205 -0.1660535270522897 
-0.2293550153009342 0.3667719416006616 0.09035576796281648 -0.2022039014046386 -0.06772791742328411 
-0.1851866916124547 0.3568003683667737 0.05414630306798408 -0.2284823253741152 -0.05497986496133506 
-0.1805350796623543 0.3710740449478525 0.06105038973508498 -0.240662470840775 -0.06732826510222611 
0.007042494009416906 0.2633059976067532 -0.01002563769994052 -0.2226852079360164 -0.1026367426525069 
-0.02313096597982543 0.3826228430466959 -0.1730144905712926 -0.1044839361768008 -0.1497018107700001 
0.01618043572627866 0.4276492265926755 -0.3750455976274355 -0.03480214478497666 -0.1617545427268683 
-0.1329741831318487 0.5164711408147208 -0.06844234867470161 -0.04127713015502735 -0.2786089687961735 
-0.1535410468879711 0.5640769740284769 -0.04888053545767303 -0.1241229619195695 -0.2462791696434011 
-0.1727718304180531 0.491537420968583 0.008993036828790893 -0.07578313192576941 -0.217794466892157 
-0.2939763152459078 0.5005944059949895 -0.04705743435104832 -0.01423597462825558 -0.2357780382065792 
-0.03169608336613061 0.7467776996269969 -0.3472614682041675 -0.05540489014427648 -0.3263685799583426 
-0.1931689071454528 0.718547723439057 -0.2245272520128921 -0.1127506394048595 -0.2535772810461274 
-0.3921419611630736 0.4069009803602219 -0.005485445239539508 -0.04511166174030729 -0.1671682138674457 
-0.30312736301312 0.4393884168116831 -0.06212732327637706 -0.06393883563298358 -0.3446973752004117 
-0.2046537188011529 0.4437677373025586 -0.02739821946907552 -0.03681361572920328 -0.2813007713804188 
-0.2007546052881977 0.3106600670127188 -0.07149781967494886 -0.1034789202049101 -0.2224227651869935 
-0.2820929183300698 0.3000485287500272 -0.1070319348813336 0.07562750653108118 -0.2337076634003821 
-0.3206727611135902 0.556285131298527 -0.05938791493063308 -0.03944001666416894 -0.4164199534308383 
-0.3323041522433323 0.430511736830238 -0.07447444380547449 -0.0680248547548938 -0.147248326037991 
-0.3392371978308489 0.4408660203801312 -0.0313755071835647 -0.102378644167197 -0.1902075790199061 
-0.3893044169902229 0.5906319192233427 -0.2548708872362817 -0.03792736322837966 -0.3761969967919262 
-0.4550707272719396 1.429363551839273 -0.08658292684255084 -0.08910445704815975 -0.562923961947132 
-0.1655561645343398 1.581316280751225 -0.03851019176626534 -0.2509668150338148 -0.8202976726444247 
-0.03036877298421493 0.603529354177638 -0.07451601042975518 -0.04913004475159943 -0.5504437122795288 
-0.03036877298421493 0.603529354177638 -0.07451601042975518 -0.04913004475159943 -0.5504437122795288 
-0.2324107876592512 0.9140306273070782 -0.03290121268663583 -0.1558749575448811 -0.2011542808293881 
-0.2339971548864086 1.328479129352866 -0.5018863439402044 -0.2289974109858352 -0.4204108899704074 
-0.03036877298421493 0.603529354177638 -0.07451601042975518 -0.04913004475159943 -0.5504437122795288 
-0.03573163695390612 0.02059463552131682 -0.07088651433799281 -0.03144475282689886 0.02686904616776196 
-0.2019786154613234 1.476145791949991 -0.5211618799538031 -0.1203599659577008 -0.4779670022446658 
-0.09630138330879241 0.975629515454761 -0.4911945387196956 -0.1474633189825725 -0.2967193514001721 
-0.1184037293126486 0.4973949887259188 -0.2574721688579575 -0.1172586586792291 -0.1461577493331483 
0.3280491641773491 0.3221680395829976 -0.03042404194522041 -0.480856323401311 -0.1075212583108879 
-0.08866929809471757 1.037570848709084 -0.1567602019634088 -0.2090923600853512 -0.297141843438244 
-0.1444122967623319 0.4873007009625488 -0.2434177272529537 -0.1030765613364306 -0.1438552914409764 
-0.1495319578529592 1.390138815050052 -0.1815540766225771 -0.2274091499692567 -0.5060727223422761 
-0.1449632245721113 0.8371141714643865 -0.06938224433663244 -0.076092587347847 -0.6396795140553477 
-0.1290494058484456 0.447209766211232 -0.2448567239998943 -0.03914749074409085 -0.1177553845851912 
-0.6192301629718857 0.1903038493523777 -0.2908635080806012 0.5615032083955646 -0.1106966537595554 
-0.4041410510733408 1.232158394998362 -0.3053471477505867 0.0417605607209965 -0.312666018526844 
-0.1194569515531701 0.4617746886548473 -0.2307348647366826 -0.06461279520120583 -0.1258552354578965 
-0.1372526797349088 0.84165006388592 -0.07002508587720166 -0.08979766052813244 -0.6484230186959208 
-0.2894614566284291 1.352948562276252 -0.1519424067218052 -0.1177965504488954 -0.6297886947857867 
0.4490140234186844 -0.2083934793354636 -0.5519397939978619 -0.1381702215004799 -0.03831142718251224 
-0.7434477495605717 -0.4461131575417515 0.7802902680997839 0.2448274461233071 -0.02637486542204774 
-0.5830772091909899 -0.343316343826217 0.5454676812435194 -0.113166350128817 0.01611852918148392 
-0.783118091064317 -0.2277365355274221 0.5769270602116805 0.1407476456808623 -0.1811371079110935 
-0.1600396258967774 -0.1768498095456031 0.3384019502694178 -0.1362571712577955 -0.1635202327434654 
-0.210982951454007 -0.2240693327608904 0.3351145866152276 -0.08043148939088937 -0.1391645393791691 
-0.210982951454007 -0.2240693327608904 0.3351145866152276 -0.08043148939088937 -0.1391645393791691 
-0.1910982945434454 -0.2458021598209853 0.2975402024920195 -0.06477255407272096 -0.09475167291235383 
-0.1319157287895495 -0.2758735771532583 0.2627566831370677 -0.07011226005478344 -0.09138798793022138 
-0.5205212340997586 -0.08296647320182446 1.140108759075468 -0.2143587081767771 -0.2369343218255729 
-1.226991849606054 -0.01992876261621651 1.35361333856456 -0.05179886847372622 -0.04152835601484708 
-0.3700509179936682 -0.09123537478629808 0.3257405772315187 -0.3754408127630572 -0.194937529994382 
-0.846003374126588 0.1089782592141303 1.427703241382998 -0.07071759198404438 -0.1078083050352026 
-0.3700509179936682 -0.09123537478629808 0.3257405772315187 -0.3754408127630572 -0.194937529994382 
-0.3700509179936682 -0.09123537478629808 0.3257405772315187 -0.3754408127630572 -0.194937529994382 
-0.3700509179936682 -0.09123537478629808 0.3257405772315187 -0.3754408127630572 -0.194937529994382 
-0.9960118891773361 -0.05378873597311858 0.9938212763199603 0.167443981182796 -0.1291632476989273 
-0.3700509179936682 -0.09123537478629808 0.3257405772315187 -0.3754408127630572 -0.194937529994382 
-0.1672409044711525 -0.1055352941558073 0.5154594179588409 -0.3074562758683914 -0.003783340147438175 
0.06149271186724059 -0.1222737338205314 0.2593685110535749 -0.2087477052967331 0.02921397171428449 
-0.2679436996987833 0.08316906355164189 1.016072398871583 -0.4911387202986285 -0.1389135901125409 
-0.2374353588383039 -0.1261191327458617 -0.2519191995882065 0.4220253478110411 0.06957087219611387 
-0.7096450844135737 -0.2453956485173652 1.081623971628234 -0.1525392069508029 0.06087572913594155 
-0.2731187336174958 -0.09448548901326488 -0.2543257810569995 0.4173984629883044 0.06356645351237052 
-0.2638012652679865 -0.130595968624131 0.5943539005670336 -0.2646970689610207 -0.08448215198474837 
-1.865338251867124 0.1299429571247783 2.032333867219479 -0.09444541151347699 -0.004837570630699687 
0.3063110508602928 0.05739823295009844 0.1103970884277645 -0.3172572956780306 -0.1209703992601516 
-0.8912132536010885 -0.144966809861346 1.388892845465933 -0.1324056945664783 -0.0233684796418339 
-1.366666495257384 -0.02593547259755585 2.297394156999226 -0.654478708845037 0.00998352559704729 
-0.9945503636132207 -0.1415612886136344 1.528768917249806 -0.3476394124844922 -0.1355538848109898 
-0.6913103029727242 0.1564073063164321 1.218746045488268 -0.04069317476327552 -0.2159265151502044 
-0.9289351861480356 -0.1755881697191761 1.540908250972016 -0.2898068970688975 -0.1529225077985066 
-0.936343885575045 -0.2188329585317606 1.537871140700266 -0.3318699081766279 -0.3217652911786099 
-0.4941494274134109 -0.1260847111089037 0.8652183782085712 -0.006231560459943095 0.08216421175085972 
-0.6222963426331403 0.06716477608540762 1.127712840940865 -0.4251144383090537 -0.1743141833377487 
-0.2840817387102995 -0.7384648087672593 1.742266367831195 -0.2193533888936317 -0.4869298704604276 
-0.1741268405537119 -0.576181406024198 1.356876150203189 -0.1581266917762708 -0.4885169017771464 
-0.13521888884822 -0.3133558299981886 0.8879082841989586 -0.1646831061325352 -0.2891053223552523 
-0.1290245152217986 -0.3357516672720031 0.8806450470788661 -0.1569185052858884 -0.2958933306975563 
-0.7610118059052029 -0.2182165264666752 1.655436129408614 -0.1082386575866259 -0.5240909535633487 
-0.3802602941009697 -0.7293365831156455 1.831412834612081 -0.1292919600276052 -0.520374125662988 
-0.2792711558305138 -0.6534355074060237 1.548899599195317 -0.1300076153093019 -0.3934307385794661 
-0.2264805307005233 -0.1488995111061379 1.560581852076933 -0.1859230276102526 -0.5579597713251025 
-0.430070951204476 -0.05048608070271335 1.500826336372058 -0.05539186770051994 -0.4513460611813787 
-0.8885427491753641 -0.2240984708549006 1.762766897990418 -0.1785198758783287 -0.2351582731540401 
0.3596269172793939 -0.109572363761988 -0.1167666881289786 0.00406936283641072 -0.09646849293701566 
-0.1977576698968417 -0.06903808039344519 -0.101645783474271 0.7983097591580548 -0.2111601372400402 
-0.07829058024238503 -0.1591319975136452 -0.283351800961949 0.6927571005921612 -0.1581505266950288 
-0.1889955677481554 -0.03344222002778896 -0.1769963546441648 0.3580721858155611 -0.2308538515487057 
-0.1750469019318894 -0.05347191497032772 -0.1864153278535554 0.4326857186042167 -0.09355224610000297 
-0.1574387051544487 -0.1449163209142056 -0.2737934551087169 0.4629950589419725 -0.01044540078875291 
-0.2276405966218512 -0.1366108109336699 -0.07729825025563145 0.7428735339592937 -0.09756791024495014 
-0.372588104590273 -0.1982930624281857 -0.1047796214203271 0.9016171741950009 -0.1436126283530922 
-0.2676116621826868 -0.09776604632509431 0.01555722212735186 0.5344106041742036 -0.1893998219790423 
-0.0978462294552323 -0.02605217048512163 -0.0366287727372526 0.28530358095146 -0.06421794467475525 
-0.08590532832205786 -0.008632129699000735 -0.04493659714567974 0.2859561923464852 -0.07903120659448086 
-0.08590532832205786 -0.008632129699000735 -0.04493659714567974 0.2859561923464852 -0.07903120659448086 
-0.08590532832205786 -0.008632129699000735 -0.04493659714567974 0.2859561923464852 -0.07903120659448086 
-0.08590532832205786 -0.008632129699000735 -0.04493659714567974 0.2859561923464852 -0.07903120659448086 
-0.08590532832205786 -0.008632129699000735 -0.04493659714567974 0.2859561923464852 -0.07903120659448086 
-0.08590532832205786 -0.008632129699000735 -0.04493659714567974 0.2859561923464852 -0.07903120659448086 
-0.08590532832205786 -0.008632129699000735 -0.04493659714567974 0.2859561923464852 -0.07903120659448086 
-0.07707389110650652 -0.01959233019454154 -0.02593628243175242 0.2415366991513756 -0.04617458118175279 
-0.3501011748288532 -0.1155429728714823 -0.09218116992069325 0.5816547218138871 -0.08338522371808905 
-0.1097159700982391 -0.1337936800585457 -0.1108293700005743 0.5115398652467926 -0.07326271778990449 
-0.3991102149285779 -0.1218934278702508 -0.08770792355609745 0.6209402621816608 -0.09146927138520669 
-0.3991102149285779 -0.1218934278702508 -0.08770792355609745 0.6209402621816608 -0.09146927138520669 
-0.3991102149285779 -0.1218934278702508 -0.08770792355609745 0.6209402621816608 -0.09146927138520669 
-0.4380854903039561 -0.06720318100876613 -0.1051995935371739 1.460224435579741 -0.4017689068716019 
-0.3991102149285779 -0.1218934278702508 -0.08770792355609745 0.6209402621816608 -0.09146927138520669 
-0.3991102149285779 -0.1218934278702508 -0.08770792355609745 0.6209402621816608 -0.09146927138520669 
-0.6170695812931474 -0.2218392162055929 -0.2176865131433392 1.475168662925676 -0.2484832782485623 
-0.2406967476906509 -0.1273994168156663 -0.3210353631163758 0.5067060388046104 0.06208604897306618 
-0.3694124341129114 -0.5910025418868208 -0.05862803364933508 1.628795846803045 -0.2872709100434681 
-0.2770787736162337 -0.2385444739401143 -0.3197797330696783 1.421961479712477 -0.3974833170075296 
-0.008200528563429989 -0.2396711594908709 -0.2730071691748743 0.6262286078937592 -0.08528468034406309 
-0.6192301629718857 0.1903038493523777 -0.2908635080806012 0.5615032083955646 -0.1106966537595554 
-0.4919820897070015 -0.06875585163951459 -0.2112525068326674 0.7007548600192059 -0.1243390606461723 
-0.4919820897070015 -0.06875585163951459 -0.2112525068326674 0.7007548600192059 -0.1243390606461723 
-0.6192301629718857 0.1903038493523777 -0.2908635080806012 0.5615032083955646 -0.1106966537595554 
-0.6192301629718857 0.1903038493523777 -0.2908635080806012 0.5615032083955646 -0.1106966537595554 
-0.1028548146945928 -0.1716350412349625 -0.2757100249637434 0.8709150131700691 -0.3826068434424684 
-0.3849257539513048 -0.1218636872144184 -0.1606693377835761 1.755736313606334 -0.6876735531015761 
-0.1000578525884131 -0.06101540061635152 -0.1106805551582457 0.3062732929748929 -0.1333252360023535 
-0.1000578525884131 -0.06101540061635152 -0.1106805551582457 0.3062732929748929 -0.1333252360023535 
-0.1000578525884131 -0.06101540061635152 -0.1106805551582457 0.3062732929748929 -0.1333252360023535 
-0.1000578525884131 -0.06101540061635152 -0.1106805551582457 0.3062732929748929 -0.1333252360023535 
-0.1000578525884131 -0.06101540061635152 -0.1106805551582457 0.3062732929748929 -0.1333252360023535 
-0.2647380718444744 -0.06031398036782624 -0.2758527563741944 0.7440811608695358 -0.1801851250318499 
-0.2647380718444744 -0.06031398036782624 -0.2758527563741944 0.7440811608695358 -0.1801851250318499 
-0.04361214599164052 -0.07232457001545665 -0.07254765906888301 -0.03543757942848268 0.1110911499226904 
-0.04361214599164052 -0.07232457001545665 -0.07254765906888301 -0.03543757942848268 0.1110911499226904 
-0.03036877298421493 0.603529354177638 -0.07451601042975518 -0.04913004475159943 -0.5504437122795288 
-0.03613292968852981 -0.03674522896683503 -0.08184423876395829 -0.005516690623373419 0.06786326897169283 
-0.06742073762147605 -0.2935907349035246 -0.05420220774460168 -0.03968182723211065 0.341833613746098 
0.00759335113424799 -0.4657203199304863 -0.09608713968188613 -0.124076934514505 0.5496260954477872 
0.004098941510431504 -0.2653556701772499 -0.09620068621967967 -0.01367071870733754 0.2888931154747638 
0.00759335113424799 -0.4657203199304863 -0.09608713968188613 -0.124076934514505 0.5496260954477872 
-0.008707543332314121 -0.4132604709204405 -0.08633343682476526 -0.05177214788079736 0.45557228396108 
-0.0483973528832296 -0.03153477602645702 -0.1217914952860391 -0.0542254335650228 0.2340535192292201 
-0.07686508125789838 -0.1274322016591481 -0.0931960041518082 -0.02609615385800734 0.2976565023892584 
-0.0483973528832296 -0.03153477602645702 -0.1217914952860391 -0.0542254335650228 0.2340535192292201 
-0.0483973528832296 -0.03153477602645702 -0.1217914952860391 -0.0542254335650228 0.2340535192292201 
-0.3361125314476868 -0.5362159855792377 -0.6680196857970715 -0.1448450750413783 0.8511537973946568 
-0.0483973528832296 -0.03153477602645702 -0.1217914952860391 -0.0542254335650228 0.2340535192292201 
-0.3662155908694103 -0.5276901419576011 -0.3327780089914103 -0.08830146555479443 1.440532002066673 
-0.2001986622518117 -0.5892675965896813 -0.2157211390466576 -0.1510770752276308 1.07385031441977 
-0.1262869327965749 -0.05941959673538055 -0.08138865071905271 -0.0331234374068193 0.2733531658884944 
-0.2951956329681933 -0.2089036130700986 0.04733369206585871 -0.04564173439421579 0.351337541484435 
-0.3276596189263393 -0.6618180638966165 -0.2862435751754968 -0.1540001510387669 1.588752643742128 
-0.06603693953701793 -0.2681902346479316 -0.3423946029201952 -0.1397407949325201 0.6945533616707306 
-0.03169226785601205 -0.09585086904129925 -0.1302083007220841 -0.09901550199322208 0.3203161217690216 
-0.03143507626326132 -0.1129623223723398 -0.1350768314205597 -0.09082393657343278 0.3255336797256899 
-0.09291553316308282 -0.2512279473993701 -0.3465966598805515 -0.1203213162344985 0.6791751216267876 
-0.05929397304183682 -0.2654168507277812 -0.3403336891179278 -0.1333873106478765 0.6782460732730099 
-0.1743325769168693 -0.4162279643613782 -0.2596771892381637 -0.4419253848222394 1.708414987407127 
-0.3371522299153939 -0.428826874309042 -0.1687419841823082 -0.1552312953488688 1.418406637561881 
-0.3872042092081407 -0.4939770071222995 -0.3431809248164212 -0.1141222066856964 0.9118661891203136 
-0.3646954872811541 -0.4987921276053299 -0.3004373842018907 -0.03395076778058365 1.291963941492419 
0.0330331141156875 0.09890203808190036 -0.04952132829913886 -0.1566365532455254 0.09957614179679489 
-0.2998081901653584 -0.2698797733155716 -0.3018701196952794 -0.4353944381585403 1.287892717132402 
-0.09022644415572731 -0.06611827911460375 -0.0931303275970107 -0.04181450407935838 0.2019046158896629 
-0.1443408783492076 0.05361685150696047 -0.1813362544609717 0.06331715699840594 0.1073881325710708 
-0.6604338064075074 -0.4066404508184563 -0.9711227096123585 -0.2209843957746156 2.02017437041298 
-0.2768941469685874 -0.3443323712553634 -0.2232174674486927 -0.06360494727833305 1.39226394075267 
-0.19231425117582 -0.2666235964805682 -0.01792396345426961 -0.3839037471428506 1.148636862647679 
-0.4340977435605768 -0.2692440166067483 -0.03550338083179411 -0.05469053566680288 1.008746878799408 
-0.1802420657110941 -0.1491078923502663 -0.2531169067971525 -0.1166262811780157 1.138784694487356 
-0.2122865258191211 -0.6946157373280616 -0.2405299132286687 -0.05522408306397323 1.246486425620759 
-0.03994914600765143 -0.2078005232276339 -0.088464668998486 -0.06891070440808282 0.3793264893880283 
-0.2041041137945302 -0.7067698369040302 -0.6685567399761226 -0.08637928421280909 1.497479510001825 
-0.2585861880281853 -0.4206498134329629 -0.09571374851699507 -0.2935351242844908 1.151636246536419 
-0.1710184454909124 -0.6931569067976457 -0.1462736253698144 -0.06813466022397729 1.321148755335264 
-0.2633972230721796 -0.384985419675716 -0.4130516337921409 -0.4545369089597226 1.647589724940186 
-0.03994914600765143 -0.2078005232276339 -0.088464668998486 -0.06891070440808282 0.3793264893880283 
-0.6755618157995318 -0.7292762743502527 -0.7159353093256602 -0.8129625675197135 -0.8422034332359795 
