197 69 1
69 4263 1
4263 2073 1
2073 281 1
281 197 1
197 200 1
200 1149 1
1149 1 1
1 197 1
197 67 1
67 3585 1
3585 60 1
60 1149 1
1149 197 1
197 67 1
67 3445 1
3445 57 1
57 144 1
144 1149 1
1149 197 1
197 67 1
67 3504 1
3504 1152 1
1152 1149 1
1149 60 1
60 1149 1
1149 200 1
200 1149 1
1149 281 1
281 197 1
197 200 1
200 1077 1
1077 4261 1
4261 1404 1
1404 1149 1
1149 1 1
1 263 1
263 3585 1
3585 60 1
60 1149 1
1149 197 1
197 67 1
67 3445 1
3445 60 1
60 1149 1
1149 141 1
141 197 1
197 67 1
67 3504 1
3504 1152 1
1152 1149 1
1149 60 1
60 1149 1
1149 200 1
200 1149 1
1149 281 1
281 197 1
197 200 1
200 1077 1
1077 4261 1
4261 1345 1
1345 197 1
197 4 1
4 1149 1
1149 4 1
4 1149 1
1149 11 1
11 3476 1
3476 1152 1
1152 1149 1
1149 1 1
1 123 1
123 3511 1
3511 3445 1
3445 60 1
60 1152 1
1152 1149 1
1149 123 1
123 3511 1
3511 3504 1
3504 1152 1
1152 1289 1
1289 197 1
197 60 1
60 1149 1
1149 200 1
200 1149 1
1149 281 1
281 197 1
197 200 1
200 1077 1
1077 4261 1
4261 1404 1
1404 1149 1
1149 1 1
1 263 1
263 3589 1
3589 1404 1
1404 1149 1
1149 200 1
200 1075 1
1075 3445 1
3445 60 1
60 1152 1
1152 1149 1
1149 197 1
197 67 1
67 3504 1
3504 1152 1
1152 1149 1
1149 60 1
60 1149 1
1149 200 1
200 1149 1
1149 281 1
281 197 1
197 197 1
197 281 1
281 197 1
197 1 1
1 200 1
200 1077 1
1077 4261 1
4261 1345 1
1345 197 1
197 4 1
4 1271 1
1271 3585 1
3585 60 1
60 1149 1
1149 1 1
1 263 1
263 3585 1
3585 60 1
60 1149 1
1149 1 1
1 263 1
263 3585 1
3585 60 1
60 1149 1
1149 1 1
1 263 1
263 3585 1
3585 60 1
60 1149 1
1149 1 1
1 263 1
263 3585 1
3585 60 1
60 1149 1
1149 1 1
1 263 1
263 3585 1
3585 60 1
60 1149 1
1149 1 1
1 263 1
263 3585 1
3585 60 1
60 1149 1
