141 141 1
141 141 1
141 113 1
113 141 1
141 151 1
151 3373 1
3373 4061 1
4061 57 1
57 4 1
4 1075 1
1075 3427 1
3427 3389 1
3389 11 1
11 3417 1
3417 11 1
11 3389 1
3389 113 1
113 4 1
4 1271 1
1271 3595 1
3595 3557 1
3557 263 1
263 3511 1
3511 3501 1
3501 141 1
141 4 1
4 1149 1
1149 11 1
11 3557 1
3557 197 1
197 69 1
69 4061 1
4061 281 1
281 113 1
113 4 1
4 1271 1
1271 3595 1
3595 3557 1
3557 263 1
263 3511 1
3511 3501 1
3501 141 1
141 4 1
4 1149 1
1149 11 1
11 3557 1
3557 197 1
197 69 1
69 4061 1
4061 281 1
281 253 1
253 141 1
141 197 1
197 141 1
141 123 1
123 3501 1
3501 1 1
1 263 1
263 3585 1
3585 123 1
123 3585 1
3585 197 1
197 263 1
263 3585 1
3585 207 1
