6049 85 1
85 57 1
57 67 1
67 3641 1
3641 281 1
281 57 1
57 67 1
67 3641 1
3641 281 1
281 57 1
57 141 1
141 1 1
1 141 1
141 197 1
197 197 1
197 281 1
281 197 1
197 1 1
1 141 1
141 197 1
197 197 1
197 281 1
281 197 1
197 141 1
141 197 1
197 141 1
141 197 1
197 197 1
197 281 1
281 57 1
57 281 1
281 123 1
123 3519 1
3519 6049 1
6049 85 1
85 57 1
57 67 1
67 3641 1
3641 281 1
281 57 1
57 67 1
67 3641 1
3641 281 1
281 57 1
57 141 1
141 1 1
1 141 1
141 197 1
197 197 1
197 281 1
281 197 1
197 197 1
197 281 1
281 197 1
197 1 1
1 141 1
141 197 1
197 197 1
197 281 1
281 197 1
197 197 1
197 281 1
281 197 1
