141 319 1
319 3511 1
3511 3511 1
3511 3445 1
3445 57 1
57 141 1
141 197 1
197 141 1
141 141 1
141 319 1
319 3511 1
3511 3511 1
3511 3455 1
3455 3420 1
3420 1149 1
1149 197 1
197 141 1
141 197 1
197 67 1
67 3567 1
3567 3389 1
3389 197 1
197 197 1
197 67 1
67 3557 1
3557 151 1
151 3567 1
3567 3511 1
3511 3567 1
3567 3651 1
3651 3455 1
3455 3420 1
3420 1149 1
1149 151 1
151 3557 1
3557 4 1
4 1159 1
1159 3644 1
3644 1149 1
1149 200 1
200 1149 1
1149 200 1
200 1149 1
1149 309 1
309 141 1
141 141 1
141 319 1
319 3511 1
3511 3511 1
3511 3455 1
3455 3420 1
3420 1149 1
1149 197 1
197 141 1
141 197 1
197 67 1
67 3567 1
3567 3389 1
3389 197 1
197 197 1
197 67 1
67 3557 1
3557 151 1
151 3567 1
3567 3511 1
3511 3567 1
3567 3651 1
3651 3455 1
3455 3420 1
3420 1149 1
1149 1 1
1 200 1
200 1149 1
1149 209 1
209 4232 1
4232 1152 1
1152 1068 1
1068 1159 1
1159 3455 1
3455 3420 1
3420 1149 1
1149 197 1
197 67 1
67 3567 1
3567 3389 1
3389 197 1
197 197 1
197 67 1
67 3557 1
3557 151 1
151 3567 1
3567 3511 1
3511 3567 1
3567 3651 1
3651 3445 1
3445 319 1
319 3399 1
3399 3557 1
3557 197 1
197 67 1
67 3567 1
3567 3651 1
3651 3455 1
3455 3420 1
3420 1149 1
1149 141 1
141 319 1
319 3511 1
3511 3511 1
3511 3445 1
3445 57 1
57 141 1
141 197 1
197 141 1
141 141 1
141 319 1
319 3511 1
3511 3511 1
3511 3455 1
3455 3420 1
3420 1149 1
1149 197 1
197 141 1
141 197 1
197 67 1
67 3567 1
3567 3389 1
3389 197 1
197 197 1
197 67 1
67 3557 1
3557 151 1
151 3567 1
3567 3511 1
3511 3567 1
3567 3651 1
3651 3455 1
3455 3420 1
3420 1149 1
1149 197 1
197 141 1
