141 197 1
197 1 1
1 141 1
141 197 1
197 141 1
141 197 1
197 141 1
141 197 1
197 141 1
141 197 1
197 141 1
141 197 1
197 141 1
141 197 1
197 197 1
197 67 1
67 3501 1
3501 85 1
85 57 1
57 141 1
141 197 1
197 67 1
67 3501 1
3501 85 1
85 57 1
57 253 1
253 151 1
151 3641 1
3641 281 1
281 13 1
13 4229 1
4229 141 1
141 197 1
197 197 1
197 67 1
67 3371 1
3371 3585 1
3585 13 1
13 4089 1
4089 253 1
253 151 1
151 3504 1
3504 1151 1
1151 673 1
673 141 1
141 141 1
141 197 1
197 141 1
141 197 1
197 141 1
141 197 1
197 141 1
141 197 1
197 141 1
141 197 1
197 197 1
197 67 1
67 3501 1
3501 85 1
85 57 1
57 141 1
141 197 1
197 67 1
67 3501 1
3501 85 1
85 57 1
57 253 1
253 151 1
151 3641 1
3641 281 1
281 13 1
13 4229 1
4229 141 1
141 197 1
197 197 1
197 67 1
67 3371 1
3371 3585 1
3585 13 1
13 4089 1
4089 253 1
253 151 1
151 3504 1
3504 1151 1
1151 673 1
673 141 1
141 141 1
141 197 1
197 141 1
141 197 1
197 141 1
141 197 1
197 141 1
141 197 1
197 123 1
123 3585 1
3585 123 1
123 3585 1
3585 123 1
123 3585 1
