217 6731 1
6731 3641 1
3641 67 1
67 3473 1
3473 253 1
253 253 1
253 67 1
67 3641 1
3641 67 1
67 3641 1
3641 67 1
67 3641 1
3641 67 1
67 3641 1
3641 67 1
67 3588 1
3588 1056 1
1056 6451 1
6451 3399 1
3399 3588 1
3588 1056 1
1056 6665 1
6665 281 1
281 329 1
329 6955 1
6955 3641 1
3641 67 1
67 3473 1
3473 253 1
253 253 1
253 67 1
67 3641 1
3641 67 1
67 3641 1
3641 67 1
67 3641 1
3641 67 1
67 3625 1
3625 4176 1
4176 1149 1
1149 141 1
141 265 1
265 4176 1
4176 1149 1
1149 141 1
141 309 1
309 151 1
151 3641 1
3641 141 1
141 263 1
263 3641 1
3641 253 1
253 141 1
141 225 1
225 57 1
57 197 1
197 141 1
141 200 1
200 1289 1
1289 197 1
197 228 1
228 1009 1
1009 67 1
67 3473 1
3473 253 1
253 225 1
225 141 1
141 57 1
57 197 1
197 141 1
141 197 1
197 141 1
141 253 1
253 141 1
141 57 1
57 4 1
4 1131 1
1131 3588 1
3588 1056 1
1056 6441 1
6441 39 1
39 3588 1
3588 1056 1
1056 6665 1
6665 281 1
281 329 1
329 6955 1
6955 3641 1
3641 67 1
67 3473 1
3473 253 1
253 253 1
253 67 1
67 3641 1
3641 67 1
67 3641 1
3641 67 1
67 3641 1
3641 1 1
1 67 1
67 3641 1
