3511 3567 1
3567 3511 1
3511 3567 1
3567 3511 1
3511 3567 1
3567 3511 1
3511 3567 1
3567 3511 1
3511 3567 1
3567 3511 1
3511 3567 1
3567 3511 1
3511 3445 1
3445 197 1
197 141 1
141 197 1
197 1 1
1 141 1
141 197 1
197 57 1
57 57 1
57 151 1
151 3511 1
3511 3567 1
3567 3511 1
3511 3567 1
3567 3511 1
3511 3613 1
3613 85 1
85 253 1
253 281 1
281 85 1
85 263 1
263 3511 1
3511 3567 1
3567 3511 1
3511 3567 1
3567 3511 1
3511 3567 1
3567 3511 1
3511 3445 1
3445 197 1
197 141 1
141 197 1
197 1 1
1 141 1
141 197 1
197 57 1
57 57 1
57 151 1
151 3511 1
3511 3567 1
3567 3511 1
3511 3567 1
3567 3511 1
3511 3613 1
3613 85 1
85 253 1
253 29 1
29 263 1
263 3371 1
3371 3511 1
3511 3567 1
3567 3511 1
3511 3567 1
3567 3511 1
3511 3567 1
3567 3511 1
3511 3445 1
3445 197 1
197 141 1
141 197 1
197 141 1
141 197 1
197 57 1
57 57 1
57 151 1
151 3511 1
3511 3567 1
3567 3511 1
3511 3567 1
3567 3511 1
3511 3613 1
3613 85 1
85 253 1
253 29 1
29 263 1
263 3511 1
3511 3567 1
3567 3511 1
3511 3445 1
3445 197 1
197 141 1
141 197 1
197 141 1
141 197 1
197 57 1
57 57 1
