141 197 1
197 141 1
141 197 1
197 141 1
141 57 1
57 141 1
141 1 1
1 141 1
141 197 1
197 141 1
141 197 1
197 141 1
141 57 1
57 141 1
141 1 1
1 141 1
141 197 1
197 141 1
141 197 1
197 141 1
141 57 1
57 141 1
141 1 1
1 197 1
197 281 1
281 197 1
197 141 1
141 197 1
197 197 1
197 281 1
281 197 1
197 141 1
141 197 1
197 1 1
1 141 1
141 197 1
197 141 1
141 197 1
197 141 1
141 57 1
57 141 1
141 1 1
1 141 1
141 197 1
197 141 1
141 197 1
197 141 1
141 57 1
57 141 1
141 1 1
1 141 1
141 197 1
197 141 1
141 197 1
197 141 1
141 57 1
57 141 1
141 197 1
197 57 1
57 281 1
281 141 1
141 141 1
141 197 1
197 281 1
281 197 1
197 57 1
57 57 1
57 281 1
281 141 1
141 141 1
141 57 1
57 141 1
141 207 1
207 3557 1
3557 141 1
141 197 1
197 141 1
141 85 1
85 57 1
57 85 1
85 1 1
1 1 1
1 1 1
1 253 1
253 197 1
197 281 1
281 197 1
197 1 1
1 141 1
141 197 1
197 1 1
1 197 1
197 281 1
281 197 1
197 141 1
141 197 1
197 1 1
1 197 1
197 281 1
281 197 1
197 141 1
141 281 1
281 253 1
