159 6049 1
6049 197 1
197 159 1
159 6105 1
6105 141 1
141 141 1
141 197 1
197 197 1
197 19 1
19 6189 1
6189 1 1
1 197 1
197 141 1
141 141 1
141 197 1
197 197 1
197 141 1
141 1 1
1 197 1
197 141 1
141 141 1
141 197 1
197 197 1
197 141 1
141 281 1
281 197 1
197 197 1
197 281 1
281 253 1
253 141 1
141 141 1
141 197 1
197 197 1
197 141 1
141 141 1
141 281 1
281 253 1
253 197 1
197 141 1
141 144 1
144 1205 1
1205 197 1
197 141 1
141 141 1
141 197 1
197 197 1
197 141 1
141 141 1
141 197 1
197 197 1
197 141 1
141 141 1
141 197 1
197 197 1
197 141 1
141 1 1
1 281 1
281 197 1
197 197 1
197 281 1
281 253 1
253 141 1
141 141 1
141 197 1
197 197 1
197 141 1
141 141 1
141 197 1
197 197 1
197 141 1
