732 1291 1
1291 732 1
732 1152 1
1152 1217 1
1217 4176 1
4176 1149 1
1149 69 1
69 4313 1
4313 263 1
263 3448 1
3448 1149 1
1149 263 1
263 3504 1
3504 1177 1
1177 309 1
309 309 1
309 29 1
29 29 1
29 309 1
309 309 1
309 29 1
29 141 1
141 197 1
197 104 1
104 6497 1
6497 1 1
1 141 1
141 1 1
1 263 1
263 3511 1
3511 3501 1
3501 141 1
141 263 1
263 3513 1
3513 4361 1
4361 6833 1
6833 57 1
57 11 1
11 3417 1
3417 225 1
225 197 1
197 67 1
67 3511 1
3511 3371 1
3371 3371 1
3371 3371 1
3371 3501 1
3501 141 1
141 197 1
197 67 1
67 3595 1
3595 3557 1
3557 141 1
141 197 1
197 20 1
20 6453 1
6453 4173 1
4173 1 1
1 263 1
263 3511 1
3511 3501 1
3501 141 1
141 263 1
263 3513 1
3513 4361 1
4361 6833 1
6833 57 1
57 11 1
11 3417 1
3417 225 1
225 197 1
197 67 1
67 3511 1
3511 3371 1
3371 3371 1
3371 3371 1
3371 3501 1
3501 141 1
141 197 1
197 67 1
67 3511 1
3511 3371 1
3371 3371 1
3371 3371 1
3371 3504 1
3504 1149 1
1149 123 1
123 3511 1
3511 3511 1
3511 3371 1
3371 3371 1
3371 3371 1
3371 3585 1
3585 1 1
1 263 1
263 3669 1
3669 141 1
141 197 1
197 20 1
20 6385 1
6385 141 1
141 197 1
197 20 1
20 6385 1
6385 141 1
141 197 1
197 141 1
141 197 1
197 20 1
20 6385 1
6385 141 1
141 197 1
197 113 1
113 197 1
197 113 1
113 113 1
113 141 1
141 57 1
57 309 1
309 309 1
309 29 1
29 29 1
29 309 1
309 309 1
309 29 1
29 281 1
281 197 1
197 20 1
20 6385 1
6385 141 1
141 197 1
197 20 1
20 6385 1
6385 141 1
141 197 1
197 57 1
57 141 1
141 281 1
281 197 1
197 104 1
104 6705 1
6705 4201 1
4201 309 1
309 309 1
309 29 1
29 29 1
29 309 1
309 309 1
309 29 1
29 141 1
141 197 1
197 141 1
141 197 1
197 141 1
141 197 1
197 228 1
228 1149 1
1149 281 1
281 141 1
141 309 1
309 141 1
141 113 1
113 141 1
141 1 1
1 197 1
197 141 1
141 141 1
141 169 1
169 151 1
151 3445 1
3445 141 1
141 60 1
60 1152 1
1152 1149 1
1149 197 1
197 141 1
141 197 1
197 85 1
85 256 1
256 1149 1
1149 197 1
197 141 1
141 141 1
141 263 1
263 3501 1
3501 207 1
207 3501 1
3501 209 1
209 4173 1
4173 209 1
209 4173 1
4173 141 1
141 60 1
60 1037 1
1037 57 1
57 85 1
85 253 1
253 57 1
57 141 1
141 197 1
197 67 1
67 3557 1
3557 151 1
151 3560 1
3560 1159 1
1159 3644 1
3644 1149 1
1149 309 1
309 151 1
151 3389 1
3389 197 1
197 263 1
263 3567 1
3567 3511 1
3511 3567 1
3567 3511 1
3511 3595 1
3595 3422 1
3422 1821 1
1821 141 1
141 197 1
197 20 1
20 6581 1
6581 11 1
11 3420 1
3420 1012 1
1012 1012 1
1012 1149 1
1149 141 1
141 197 1
197 104 1
104 6705 1
6705 4313 1
