3623 3641 1
3641 67 1
67 3641 1
3641 67 1
67 3641 1
3641 67 1
67 3641 1
3641 141 1
141 141 1
141 197 1
197 141 1
141 197 1
197 197 1
197 69 1
69 4176 1
4176 1149 1
1149 1 1
1 60 1
60 1149 1
1149 125 1
125 4185 1
4185 4257 1
4257 57 1
57 141 1
141 125 1
125 4061 1
4061 244 1
244 6423 1
6423 3501 1
3501 300 1
300 6572 1
6572 6413 1
6413 70 1
70 4399 1
4399 732 1
732 1087 1
1087 7543 1
7543 3501 1
3501 207 1
207 3579 1
3579 7403 1
7403 3641 1
3641 67 1
67 3641 1
3641 67 1
67 3641 1
3641 67 1
67 3641 1
3641 141 1
141 141 1
141 197 1
197 1 1
1 197 1
197 69 1
69 4176 1
4176 1149 1
1149 1 1
1 60 1
60 1149 1
1149 125 1
125 4185 1
4185 4257 1
4257 57 1
57 141 1
141 125 1
125 4061 1
4061 244 1
244 6423 1
6423 3501 1
3501 300 1
300 6572 1
6572 6413 1
6413 70 1
70 4399 1
4399 732 1
732 1087 1
1087 7533 1
7533 125 1
125 4185 1
4185 4257 1
4257 57 1
57 141 1
141 125 1
125 4061 1
4061 244 1
244 6423 1
6423 3501 1
3501 300 1
300 6572 1
6572 6413 1
6413 70 1
70 4399 1
4399 732 1
732 1087 1
1087 7403 1
7403 3641 1
3641 141 1
141 141 1
141 57 1
57 69 1
69 4176 1
4176 1208 1
1208 1149 1
1149 125 1
125 4185 1
4185 4313 1
4313 188 1
188 6423 1
6423 3464 1
3464 6572 1
6572 6482 1
6482 4399 1
4399 732 1
732 1087 1
