197 67 1
67 3585 1
3585 60 1
60 1289 1
1289 57 1
57 141 1
141 1 1
1 197 1
197 67 1
67 3371 1
3371 3585 1
3585 57 1
57 141 1
141 60 1
60 1149 1
1149 141 1
141 197 1
197 67 1
67 3504 1
3504 1149 1
1149 141 1
141 60 1
60 1149 1
1149 200 1
200 1149 1
1149 281 1
281 197 1
197 1 1
1 197 1
197 67 1
67 3585 1
3585 60 1
60 1149 1
1149 197 1
197 67 1
67 3585 1
3585 57 1
57 141 1
141 197 1
197 67 1
67 3445 1
3445 60 1
60 1149 1
1149 141 1
141 197 1
197 67 1
67 3504 1
3504 1149 1
1149 141 1
141 60 1
60 1149 1
1149 200 1
200 1149 1
1149 281 1
281 197 1
197 1 1
1 197 1
197 67 1
67 3585 1
3585 60 1
60 1149 1
1149 4 1
4 1149 1
1149 4 1
4 1149 1
1149 11 1
11 3476 1
3476 1149 1
1149 141 1
141 1 1
1 197 1
197 67 1
67 3585 1
3585 60 1
60 1149 1
1149 197 1
197 67 1
67 3585 1
3585 57 1
57 141 1
141 197 1
197 67 1
67 3445 1
3445 60 1
60 1149 1
1149 141 1
141 197 1
197 67 1
67 3504 1
3504 1149 1
1149 141 1
141 60 1
60 1149 1
1149 200 1
200 1149 1
1149 281 1
281 197 1
197 1 1
1 197 1
197 67 1
67 3585 1
3585 60 1
60 1149 1
1149 197 1
197 67 1
67 3585 1
3585 57 1
57 141 1
141 197 1
