57 67 1
67 3641 1
3641 281 1
281 57 1
57 67 1
67 3641 1
3641 281 1
281 57 1
57 141 1
141 1 1
1 141 1
141 197 1
197 197 1
197 281 1
281 197 1
197 141 1
141 197 1
197 197 1
197 281 1
281 197 1
197 1 1
1 141 1
141 197 1
197 197 1
197 281 1
281 197 1
197 4 1
4 1205 1
1205 281 1
281 57 1
57 281 1
281 125 1
125 4191 1
4191 6052 1
6052 1093 1
1093 57 1
57 67 1
67 3641 1
3641 281 1
281 57 1
57 67 1
67 3641 1
3641 281 1
281 57 1
57 141 1
141 1 1
1 141 1
141 197 1
197 197 1
197 281 1
281 197 1
197 1 1
1 141 1
141 197 1
197 197 1
197 281 1
281 197 1
197 4 1
4 1205 1
1205 281 1
281 197 1
197 1 1
1 141 1
141 197 1
197 197 1
197 281 1
281 197 1
197 4 1
4 1205 1
1205 281 1
281 197 1
197 1 1
