3585 57 1
57 67 1
67 3641 1
3641 67 1
67 3585 1
3585 57 1
57 67 1
67 3641 1
3641 141 1
141 197 1
197 281 1
281 57 1
57 281 1
281 123 1
123 3585 1
3585 57 1
57 67 1
67 3641 1
3641 67 1
67 3585 1
3585 57 1
57 67 1
67 3641 1
3641 67 1
67 3585 1
3585 57 1
57 67 1
67 3641 1
3641 67 1
67 3585 1
3585 57 1
57 67 1
67 3641 1
3641 141 1
141 197 1
197 281 1
281 57 1
57 281 1
281 123 1
123 3585 1
3585 57 1
57 67 1
67 3641 1
3641 67 1
67 3585 1
3585 57 1
57 57 1
57 141 1
141 57 1
57 141 1
141 141 1
141 57 1
57 141 1
141 141 1
141 57 1
57 29 1
29 57 1
57 67 1
67 3585 1
3585 57 1
57 197 1
197 207 1
207 3585 1
3585 57 1
57 281 1
281 57 1
57 141 1
141 197 1
197 281 1
281 57 1
57 281 1
281 123 1
123 3585 1
3585 57 1
57 67 1
67 3641 1
3641 67 1
67 3585 1
3585 57 1
57 67 1
67 3641 1
