197 69 1
69 4117 1
4117 141 1
141 197 1
197 67 1
67 3445 1
3445 57 1
57 141 1
141 141 1
141 197 1
197 197 1
197 207 1
207 3641 1
3641 141 1
141 263 1
263 3445 1
3445 197 1
197 197 1
197 281 1
281 57 1
57 141 1
141 141 1
141 197 1
197 141 1
141 197 1
197 197 1
197 197 1
197 69 1
69 4117 1
4117 60 1
60 1149 1
1149 281 1
281 197 1
197 197 1
197 141 1
141 141 1
141 11 1
11 3557 1
3557 281 1
281 197 1
197 197 1
197 141 1
141 197 1
197 69 1
69 4117 1
4117 141 1
141 197 1
197 67 1
67 3445 1
3445 57 1
57 141 1
141 141 1
141 197 1
197 197 1
197 207 1
207 3641 1
3641 141 1
141 263 1
263 3445 1
3445 197 1
197 197 1
197 281 1
281 57 1
57 141 1
141 141 1
141 197 1
197 141 1
141 197 1
197 197 1
197 197 1
197 69 1
69 4117 1
4117 60 1
60 1149 1
1149 281 1
281 197 1
197 197 1
197 141 1
141 141 1
141 11 1
11 3557 1
3557 281 1
281 197 1
197 57 1
57 281 1
281 197 1
197 69 1
69 4117 1
4117 141 1
141 197 1
197 67 1
67 3445 1
3445 57 1
57 141 1
141 141 1
141 197 1
197 197 1
197 281 1
281 57 1
57 141 1
141 197 1
197 141 1
141 197 1
197 141 1
141 197 1
197 197 1
197 69 1
69 4117 1
4117 60 1
60 1149 1
1149 281 1
281 197 1
197 197 1
197 141 1
141 141 1
141 256 1
256 1149 1
1149 281 1
281 197 1
197 197 1
197 141 1
141 141 1
141 197 1
197 281 1
281 197 1
197 57 1
57 141 1
141 19 1
19 6049 1
6049 281 1
281 197 1
197 197 1
