116 1159 1
1159 3448 1
3448 1149 1
1149 141 1
141 197 1
197 197 1
197 197 1
197 67 1
67 3567 1
3567 3585 1
3585 141 1
141 265 1
265 4173 1
4173 141 1
141 113 1
113 151 1
151 3448 1
3448 1075 1
1075 3501 1
3501 281 1
281 253 1
253 281 1
281 263 1
263 3641 1
3641 253 1
253 151 1
151 3689 1
3689 6833 1
6833 57 1
57 87 1
87 729 1
729 141 1
141 116 1
116 1159 1
1159 3448 1
3448 1149 1
1149 263 1
263 3585 1
3585 197 1
197 197 1
197 197 1
197 67 1
67 3567 1
3567 3585 1
3585 141 1
141 265 1
265 4173 1
4173 141 1
141 113 1
113 151 1
151 3448 1
3448 1075 1
1075 3501 1
3501 281 1
281 253 1
253 281 1
281 263 1
263 3641 1
3641 253 1
253 151 1
151 3689 1
3689 6833 1
6833 57 1
57 87 1
87 729 1
729 141 1
141 281 1
281 197 1
197 281 1
281 253 1
253 281 1
281 197 1
197 281 1
281 253 1
253 197 1
197 67 1
67 3567 1
3567 3585 1
3585 141 1
141 263 1
263 3501 1
3501 141 1
141 116 1
116 1159 1
1159 3448 1
3448 1075 1
1075 3501 1
3501 281 1
281 253 1
253 281 1
281 263 1
263 3641 1
3641 253 1
253 151 1
151 3689 1
3689 6833 1
6833 57 1
57 87 1
87 729 1
729 281 1
281 253 1
253 281 1
281 263 1
263 3641 1
3641 253 1
253 151 1
151 3371 1
3371 3445 1
3445 57 1
57 87 1
87 729 1
729 281 1
281 253 1
253 281 1
281 263 1
263 3641 1
3641 253 1
253 151 1
151 3689 1
3689 6833 1
6833 57 1
57 87 1
87 729 1
729 281 1
281 253 1
253 281 1
281 263 1
263 3641 1
3641 253 1
253 151 1
151 3689 1
3689 6833 1
6833 57 1
57 85 1
85 57 1
