123 3511 1
3511 3511 1
3511 3501 1
3501 144 1
144 1149 1
1149 116 1
116 1292 1
1292 1217 1
1217 4257 1
4257 57 1
57 123 1
123 3511 1
3511 3511 1
3511 3501 1
3501 141 1
141 4 1
4 1149 1
1149 263 1
263 3560 1
3560 1159 1
1159 3567 1
3567 3641 1
3641 209 1
209 4043 1
4043 3567 1
3567 3641 1
3641 207 1
207 3504 1
3504 1149 1
1149 123 1
123 3511 1
3511 3511 1
3511 3501 1
3501 141 1
141 123 1
123 3511 1
3511 3511 1
3511 3501 1
3501 141 1
141 4 1
4 1149 1
1149 263 1
263 3560 1
3560 1159 1
1159 3560 1
3560 1159 1
1159 3501 1
3501 141 1
141 67 1
67 3427 1
3427 3511 1
3511 3511 1
3511 3501 1
3501 141 1
141 67 1
67 3427 1
3427 3511 1
3511 3511 1
3511 3560 1
3560 1159 1
1159 3567 1
3567 3641 1
3641 209 1
209 4043 1
4043 3567 1
3567 3641 1
3641 209 1
209 4176 1
4176 1093 1
1093 57 1
57 123 1
123 3511 1
3511 3511 1
3511 3501 1
3501 141 1
141 123 1
123 3511 1
3511 3511 1
3511 3501 1
3501 141 1
141 4 1
4 1149 1
1149 263 1
263 3560 1
3560 1159 1
1159 3560 1
3560 1159 1
1159 3501 1
3501 144 1
144 1149 1
1149 263 1
263 3560 1
3560 1159 1
1159 3560 1
3560 1159 1
1159 3501 1
3501 141 1
141 67 1
67 3427 1
3427 3511 1
3511 3511 1
3511 3501 1
3501 141 1
141 67 1
67 3427 1
3427 3511 1
3511 3511 1
3511 3560 1
3560 1159 1
1159 3567 1
3567 3641 1
3641 209 1
209 4043 1
4043 3567 1
3567 3641 1
3641 209 1
209 4176 1
4176 1093 1
