3445 197 1
197 67 1
67 3641 1
3641 215 1
215 6255 1
6255 3445 1
3445 197 1
197 281 1
281 197 1
197 263 1
263 3445 1
3445 197 1
197 281 1
281 197 1
197 263 1
263 3371 1
3371 3445 1
3445 197 1
197 67 1
67 3641 1
3641 215 1
215 6255 1
6255 3445 1
3445 197 1
197 281 1
281 197 1
197 263 1
263 3445 1
3445 197 1
197 281 1
281 197 1
197 263 1
263 3371 1
3371 3445 1
3445 197 1
197 67 1
67 3641 1
3641 215 1
215 6255 1
6255 3445 1
3445 197 1
197 281 1
281 197 1
197 263 1
263 3445 1
3445 197 1
197 281 1
281 197 1
197 263 1
263 3445 1
3445 197 1
197 281 1
281 197 1
197 263 1
263 3445 1
3445 197 1
197 281 1
281 197 1
197 263 1
