141 141 1
141 197 1
197 197 1
197 141 1
141 141 1
141 197 1
197 197 1
197 225 1
225 57 1
57 57 1
57 1 1
1 141 1
141 141 1
141 197 1
197 197 1
197 141 1
141 141 1
141 197 1
197 197 1
197 225 1
225 57 1
57 57 1
57 141 1
141 141 1
141 197 1
197 85 1
85 169 1
169 141 1
141 225 1
225 309 1
309 141 1
141 141 1
141 141 1
141 141 1
141 197 1
197 197 1
197 141 1
141 141 1
141 197 1
197 197 1
197 225 1
225 57 1
57 57 1
57 225 1
225 113 1
113 225 1
225 169 1
169 141 1
141 225 1
225 309 1
309 141 1
141 141 1
141 141 1
141 141 1
141 197 1
197 197 1
197 141 1
141 141 1
141 197 1
197 197 1
197 225 1
225 57 1
57 57 1
57 225 1
225 57 1
57 57 1
57 225 1
225 57 1
57 57 1
57 225 1
225 57 1
57 57 1
57 225 1
225 57 1
57 57 1
57 225 1
225 57 1
57 57 1
57 225 1
225 57 1
57 57 1
57 225 1
225 57 1
57 57 1
57 225 1
225 57 1
57 57 1
57 225 1
225 57 1
57 57 1
