1 62 1
62 1769 1
1769 1541 1
1541 1 1
1 62 1
62 1769 1
1769 1541 1
1541 1 1
1 62 1
62 1769 1
1769 1541 1
1541 265 1
265 4257 1
4257 125 1
125 4313 1
4313 283 1
283 869 1
869 141 1
141 197 1
197 197 1
197 85 1
85 197 1
197 57 1
57 141 1
141 62 1
62 1769 1
1769 1541 1
1541 1 1
1 62 1
62 1769 1
1769 1541 1
1541 141 1
141 197 1
197 141 1
141 197 1
197 141 1
141 197 1
197 141 1
141 197 1
197 197 1
197 85 1
85 197 1
197 62 1
62 1681 1
1681 281 1
281 197 1
197 141 1
141 197 1
197 197 1
197 85 1
85 197 1
197 62 1
62 1684 1
1684 1289 1
1289 197 1
197 141 1
141 197 1
197 141 1
141 197 1
197 141 1
141 197 1
197 141 1
141 197 1
197 141 1
141 197 1
197 141 1
141 197 1
197 141 1
141 197 1
197 141 1
141 197 1
