141 197 1
197 69 1
69 4313 1
4313 141 1
141 197 1
197 69 1
69 4313 1
4313 69 1
69 4313 1
4313 69 1
69 4313 1
4313 197 1
197 67 1
67 3501 1
3501 85 1
85 57 1
57 141 1
141 197 1
197 67 1
67 3501 1
3501 85 1
85 57 1
57 253 1
253 151 1
151 3641 1
3641 281 1
281 11 1
11 3557 1
3557 69 1
69 4313 1
4313 113 1
113 151 1
151 3448 1
3448 1149 1
1149 11 1
11 3417 1
3417 253 1
253 151 1
151 3501 1
3501 143 1
143 673 1
673 141 1
141 69 1
69 4313 1
4313 141 1
141 197 1
197 69 1
69 4313 1
4313 69 1
69 4313 1
4313 69 1
69 4313 1
4313 197 1
197 67 1
67 3501 1
3501 85 1
85 57 1
57 141 1
141 197 1
197 67 1
67 3501 1
3501 85 1
85 57 1
57 253 1
253 151 1
151 3641 1
3641 281 1
281 11 1
11 3557 1
3557 69 1
69 4313 1
4313 113 1
113 151 1
151 3448 1
3448 1149 1
1149 11 1
11 3417 1
3417 253 1
253 151 1
151 3501 1
3501 141 1
141 141 1
141 151 1
151 3557 1
3557 151 1
151 3557 1
3557 69 1
69 4313 1
4313 69 1
69 4313 1
4313 197 1
197 141 1
141 197 1
197 141 1
141 197 1
197 141 1
141 197 1
197 141 1
