1467 3511 1
3511 3371 1
3371 3632 1
3632 6675 1
6675 3373 1
3373 4044 1
4044 3781 1
3781 60 1
60 1167 1
1167 6049 1
6049 281 1
281 197 1
197 67 1
67 3445 1
3445 201 1
201 1413 1
1413 4173 1
4173 1 1
1 207 1
207 3632 1
3632 6675 1
6675 3373 1
3373 4044 1
4044 3781 1
3781 60 1
60 1167 1
1167 6049 1
6049 281 1
281 197 1
197 67 1
67 3445 1
3445 201 1
201 1413 1
1413 4178 1
4178 1681 1
1681 141 1
141 141 1
141 197 1
197 67 1
67 3445 1
3445 197 1
197 67 1
67 3519 1
3519 6049 1
6049 67 1
67 3589 1
3589 1467 1
1467 3589 1
3589 1467 1
1467 3589 1
3589 1467 1
1467 3585 1
3585 123 1
123 3585 1
3585 123 1
123 3585 1
3585 197 1
197 197 1
197 67 1
67 3445 1
3445 197 1
197 67 1
67 3373 1
3373 4044 1
4044 3840 1
3840 1149 1
1149 225 1
225 253 1
253 197 1
197 67 1
67 3445 1
3445 197 1
197 67 1
67 3373 1
3373 4044 1
4044 3840 1
3840 1167 1
1167 6201 1
6201 4295 1
4295 3589 1
3589 1467 1
1467 3595 1
3595 3483 1
3483 3585 1
3585 265 1
265 4239 1
4239 3374 1
3374 4514 1
4514 1887 1
1887 3641 1
3641 57 1
