125 4185 1
4185 4185 1
4185 4173 1
4173 141 1
141 4 1
4 1149 1
1149 265 1
265 4232 1
4232 1159 1
1159 3567 1
3567 3511 1
3511 3373 1
3373 4043 1
4043 3567 1
3567 3511 1
3511 3504 1
3504 1149 1
1149 125 1
125 4185 1
4185 4185 1
4185 4176 1
4176 1149 1
1149 123 1
123 3511 1
3511 3513 1
3513 4176 1
4176 1149 1
1149 4 1
4 1149 1
1149 265 1
265 4232 1
4232 1159 1
1159 3560 1
3560 1161 1
1161 4313 1
4313 141 1
141 57 1
57 141 1
141 67 1
67 3641 1
3641 263 1
263 3513 1
3513 4173 1
4173 141 1
141 67 1
67 3641 1
3641 263 1
263 3513 1
3513 4232 1
4232 1159 1
1159 3567 1
3567 3513 1
3513 4043 1
4043 3567 1
3567 3513 1
3513 4173 1
4173 299 1
299 6245 1
6245 125 1
125 4185 1
4185 4185 1
4185 4176 1
4176 1149 1
1149 123 1
123 3511 1
3511 3513 1
3513 4176 1
4176 1149 1
1149 4 1
4 1149 1
1149 265 1
265 4232 1
4232 1159 1
1159 3560 1
3560 1161 1
1161 4313 1
4313 141 1
141 57 1
57 141 1
141 123 1
123 3511 1
3511 3511 1
3511 3501 1
3501 141 1
141 123 1
123 3511 1
3511 3511 1
3511 3501 1
3501 141 1
141 4 1
4 1149 1
1149 265 1
265 4232 1
4232 1159 1
1159 3560 1
3560 1161 1
1161 4313 1
4313 141 1
141 57 1
57 141 1
141 67 1
67 3641 1
3641 263 1
263 3513 1
3513 4176 1
4176 1149 1
1149 67 1
67 3641 1
3641 263 1
263 3513 1
3513 4232 1
4232 1159 1
1159 3567 1
3567 3513 1
3513 4043 1
4043 3567 1
3567 3513 1
3513 4176 1
4176 1233 1
1233 253 1
253 123 1
123 3511 1
3511 3513 1
3513 4173 1
4173 141 1
141 4 1
4 1149 1
1149 309 1
