281 5 1
5 1663 1
1663 3595 1
3595 3557 1
3557 265 1
265 4183 1
4183 3504 1
3504 1149 1
1149 1 1
1 141 1
141 11 1
11 3557 1
3557 197 1
197 141 1
141 210 1
210 4397 1
4397 57 1
57 57 1
57 1 1
1 1 1
1 265 1
265 4341 1
4341 309 1
309 29 1
29 253 1
253 141 1
141 57 1
57 281 1
281 5 1
5 1663 1
1663 3595 1
3595 3557 1
3557 265 1
265 4183 1
4183 3504 1
3504 1149 1
1149 1 1
1 141 1
141 11 1
11 3557 1
3557 197 1
197 141 1
141 210 1
210 4397 1
4397 57 1
57 57 1
57 1 1
1 1 1
1 265 1
265 4117 1
4117 1 1
1 141 1
141 141 1
141 197 1
197 265 1
265 4173 1
4173 141 1
141 123 1
123 3585 1
3585 123 1
123 3585 1
3585 57 1
57 67 1
67 3585 1
3585 1 1
1 209 1
209 4061 1
4061 57 1
57 57 1
57 197 1
197 141 1
141 197 1
197 141 1
141 197 1
197 141 1
141 197 1
197 85 1
85 169 1
169 151 1
151 3557 1
3557 151 1
151 3557 1
3557 151 1
151 3417 1
3417 29 1
29 253 1
253 235 1
235 3557 1
3557 263 1
263 3511 1
3511 3501 1
3501 141 1
141 4 1
4 1149 1
1149 11 1
11 3557 1
3557 197 1
197 141 1
141 210 1
210 4397 1
4397 57 1
57 57 1
57 265 1
265 4183 1
4183 3504 1
3504 1149 1
1149 1 1
1 141 1
141 11 1
11 3557 1
3557 197 1
197 141 1
141 210 1
210 4397 1
4397 57 1
57 57 1
57 265 1
265 4183 1
4183 3504 1
3504 1149 1
1149 1 1
1 141 1
141 11 1
11 3557 1
3557 197 1
197 141 1
141 210 1
