3641 67 1
67 3641 1
3641 67 1
67 3641 1
3641 67 1
67 3641 1
3641 141 1
141 141 1
141 197 1
197 141 1
141 197 1
197 197 1
197 67 1
67 3504 1
3504 1149 1
1149 1 1
1 57 1
57 141 1
141 125 1
125 4185 1
4185 4257 1
4257 57 1
57 141 1
141 125 1
125 4061 1
4061 319 1
319 3651 1
3651 3688 1
3688 6423 1
6423 3501 1
3501 300 1
300 6572 1
6572 6413 1
6413 70 1
70 4399 1
4399 732 1
732 1083 1
1083 6199 1
6199 3501 1
3501 207 1
207 3501 1
3501 207 1
207 3575 1
3575 6059 1
6059 3641 1
3641 67 1
67 3641 1
3641 67 1
67 3641 1
3641 67 1
67 3641 1
3641 141 1
141 141 1
141 197 1
197 141 1
141 197 1
197 197 1
197 67 1
67 3504 1
3504 1149 1
1149 1 1
1 57 1
57 141 1
141 125 1
125 4185 1
4185 4257 1
4257 57 1
57 141 1
141 125 1
125 4061 1
4061 319 1
319 3651 1
3651 3688 1
3688 6423 1
6423 3501 1
3501 300 1
300 6572 1
6572 6413 1
6413 70 1
70 4399 1
4399 732 1
732 1083 1
1083 6189 1
6189 125 1
125 4185 1
4185 4257 1
4257 57 1
57 141 1
141 125 1
125 4061 1
4061 319 1
319 3651 1
3651 3688 1
3688 6423 1
6423 3501 1
3501 300 1
300 6572 1
6572 6413 1
6413 70 1
70 4399 1
4399 732 1
732 1083 1
