1 60 1
60 1065 1
1065 33 1
33 1541 1
1541 1 1
1 60 1
60 1065 1
1065 33 1
33 1541 1
1541 1 1
1 60 1
60 1065 1
1065 33 1
33 1541 1
1541 265 1
265 4257 1
4257 125 1
125 4257 1
4257 1 1
1 197 1
197 141 1
141 197 1
197 197 1
197 85 1
85 197 1
197 57 1
57 141 1
141 60 1
60 1065 1
1065 33 1
33 1541 1
1541 1 1
1 60 1
60 1065 1
1065 33 1
33 1541 1
1541 141 1
141 197 1
197 141 1
141 197 1
197 141 1
141 197 1
197 141 1
141 197 1
197 197 1
197 85 1
85 197 1
197 64 1
64 2353 1
2353 281 1
281 197 1
197 141 1
141 197 1
197 197 1
197 85 1
85 197 1
197 64 1
64 2356 1
2356 1289 1
1289 197 1
197 141 1
141 197 1
197 141 1
141 197 1
197 141 1
141 197 1
197 141 1
