141 197 1
197 67 1
67 3374 1
3374 4512 1
4512 1149 1
1149 141 1
141 197 1
197 141 1
141 197 1
197 141 1
141 197 1
197 69 1
69 4176 1
4176 1149 1
1149 1 1
1 141 1
141 197 1
197 141 1
141 197 1
197 141 1
141 197 1
197 69 1
69 4176 1
4176 1149 1
1149 1 1
1 281 1
281 200 1
200 1205 1
1205 281 1
281 200 1
200 1205 1
1205 67 1
67 3427 1
3427 3389 1
3389 321 1
321 4325 1
4325 4046 1
4046 4649 1
4649 225 1
225 144 1
144 1205 1
1205 144 1
144 1205 1
1205 144 1
144 1205 1
1205 144 1
144 1205 1
1205 113 1
113 141 1
141 141 1
141 123 1
123 3511 1
3511 3567 1
3567 3585 1
3585 256 1
256 1149 1
1149 1 1
1 141 1
141 197 1
197 141 1
141 197 1
197 141 1
141 197 1
197 69 1
69 4101 1
4101 4064 1
4064 1009 1
1009 197 1
197 1 1
1 141 1
141 197 1
197 141 1
141 197 1
197 141 1
141 197 1
197 141 1
141 197 1
197 141 1
141 197 1
197 141 1
141 197 1
197 141 1
141 197 1
197 141 1
