141 197 1
197 141 1
141 197 1
197 141 1
141 57 1
57 141 1
141 1 1
1 141 1
141 197 1
197 141 1
141 197 1
197 141 1
141 57 1
57 141 1
141 1 1
1 141 1
141 197 1
197 141 1
141 197 1
197 141 1
141 57 1
57 1 1
1 141 1
141 1 1
1 141 1
141 197 1
197 141 1
141 197 1
197 141 1
141 57 1
57 1 1
1 141 1
141 1 1
1 197 1
197 281 1
281 197 1
197 141 1
141 197 1
197 1 1
1 197 1
197 281 1
281 197 1
197 141 1
141 197 1
197 1 1
1 141 1
141 197 1
197 141 1
141 197 1
197 141 1
141 57 1
57 1 1
1 141 1
141 1 1
1 141 1
141 197 1
197 141 1
141 197 1
197 141 1
141 57 1
57 1 1
1 141 1
141 1 1
1 141 1
141 197 1
197 141 1
141 197 1
197 141 1
141 57 1
57 1 1
1 141 1
141 1 1
1 197 1
197 281 1
281 197 1
197 141 1
141 197 1
197 1 1
1 197 1
197 281 1
281 197 1
197 141 1
141 197 1
197 1 1
1 141 1
141 197 1
197 141 1
141 197 1
197 141 1
141 57 1
57 1 1
1 141 1
141 197 1
197 69 1
69 4313 1
4313 141 1
141 141 1
141 197 1
197 281 1
281 197 1
197 141 1
141 197 1
197 57 1
57 67 1
67 3641 1
3641 141 1
141 141 1
141 57 1
57 4 1
4 1149 1
1149 200 1
200 1149 1
1149 197 1
197 281 1
281 197 1
197 141 1
141 197 1
197 1 1
1 197 1
197 281 1
281 197 1
197 141 1
141 197 1
197 141 1
141 197 1
197 141 1
141 1 1
1 197 1
197 141 1
141 197 1
197 141 1
141 197 1
197 141 1
141 57 1
57 141 1
141 1 1
1 141 1
141 197 1
197 141 1
141 197 1
197 141 1
141 57 1
57 141 1
141 1 1
1 197 1
197 281 1
281 197 1
197 141 1
141 197 1
197 1 1
1 197 1
197 281 1
281 197 1
197 141 1
141 197 1
197 141 1
141 197 1
197 141 1
141 57 1
57 141 1
141 1 1
1 141 1
141 197 1
197 141 1
141 197 1
197 141 1
141 57 1
57 141 1
141 1 1
1 141 1
141 197 1
197 141 1
141 197 1
197 141 1
141 57 1
57 141 1
141 1 1
1 141 1
141 197 1
197 141 1
141 197 1
197 141 1
141 57 1
57 141 1
141 1 1
1 141 1
141 197 1
197 141 1
141 197 1
197 141 1
141 197 1
