116 1149 1
1149 88 1
88 1149 1
1149 141 1
141 197 1
197 197 1
197 197 1
197 57 1
57 197 1
197 225 1
225 141 1
141 253 1
253 141 1
141 281 1
281 197 1
197 197 1
197 141 1
141 113 1
113 141 1
141 88 1
88 1065 1
1065 1 1
1 141 1
141 281 1
281 253 1
253 281 1
281 253 1
253 281 1
281 253 1
253 141 1
141 310 1
310 449 1
449 57 1
57 85 1
85 57 1
57 141 1
141 116 1
116 1233 1
1233 197 1
197 57 1
57 197 1
197 225 1
225 141 1
141 253 1
253 141 1
141 281 1
281 197 1
197 197 1
197 141 1
141 113 1
113 141 1
141 88 1
88 1065 1
1065 1 1
1 141 1
141 281 1
281 253 1
253 281 1
281 253 1
253 281 1
281 253 1
253 141 1
141 310 1
310 449 1
449 57 1
57 141 1
