9e800099-14c9-4749-8853-7c5f8373103c	the_beatles	greatest_hits	141,197,197,141,4,1149,11,3557,197,141,141,197,197,141,4,1149,11,3557,197,141,141,57,281,197,141,197,197,141,141,11,3557,197,141,197,141,141,197,197,141,141,57,281,197,141,197,197,141,4,1149,11,3557,197,141,197,141,197,281,197,6,
8f2c252b-60fc-40e6-9853-285f30f9f6f9	the_beatles	greatest_hits	57,141,263,3641,141,141,197,141,57,141,263,3445,141,197,141,57,141,263,3445,263,3641,141,141,197,141,57,141,263,3445,263,3641,141,141,197,141,57,141,263,3445,263,3445,263,3445,
650a6968-68f8-4a7e-a819-612fd9bebf71	the_beatles	greatest_hits	1,144,1205,202,1966,1877,197,141,144,1205,202,1966,1877,4,1149,197,141,57,141,144,1205,202,1966,1877,4,1149,197,141,57,141,144,1205,202,1966,1877,197,141,141,11,
8d0e17b1-491b-4d20-a4a8-b6bd264c4aa6	the_beatles	greatest_hits	281,197,197,141,141,197,197,281,197,197,141,141,197,197,281,197,197,141,141,197,197,281,197,197,141,141,197,197,281,197,197,141,141,197,197,281,197,197,141,141,197,197,281,197,197,141,141,197,197,
e0fe5357-9ad2-4d6f-b919-b5a40418632a	the_beatles	greatest_hits	5,1413,4101,4325,4176,1149,5,1413,4101,4325,4176,1149,113,151,3585,258,1821,145,1413,4101,4325,4176,1149,5,1413,4101,4325,4313,113,151,3585,197,21,6861,57,141,21,6861,57,141,197,145,1413,4101,4061,321,4065,1541,5,1413,4101,4325,4176,1149,5,1413,4101,4325,4176,1149,113,151,3371,3595,3618,1821,145,1413,4101,4061,321,4061,197,21,6861,57,141,21,6861,57,141,197,145,1413,4101,4061,321,4065,1541,145,1541,145,1403,935,
87f55194-7771-4987-bb4f-5e88baa03c44	the_beatles	greatest_hits	141,1,141,197,85,57,57,141,141,197,141,263,3567,3585,197,141,57,141,141,57,141,141,197,85,57,57,141,141,197,141,263,3567,3585,197,141,57,141,1,141,57,141,141,57,141,141,57,141,141,57,141,141,197,85,57,57,141,141,197,141,263,3567,3585,197,141,57,141,141,57,141,141,57,141,85,141,309,141,
810bbf6b-4cf4-44ce-abd0-21006dfa2d45	the_beatles	greatest_hits	141,197,141,197,141,197,1,141,197,141,197,141,1,1,197,141,197,141,197,141,197,141,197,141,1,197,141,197,1,197,281,197,197,281,197,1,141,197,141,197,141,1,197,141,197,1,197,281,197,197,281,197,1,197,141,141,197,141,197,141,197,1,141,197,141,197,141,197,141,197,
e99d7335-6202-4075-8d40-8c868a3819be	the_beatles	greatest_hits	172,1037,141,172,1037,141,172,1037,1,197,141,1,67,3641,197,67,3641,29,1,57,57,1,67,3641,197,67,3641,29,1,57,57,141,197,141,197,141,197,1,197,141,1,67,3641,197,67,3641,29,1,57,57,141,197,141,197,141,197,1,197,141,1,67,3641,197,67,3641,29,1,57,57,225,57,57,225,57,57,
c8c01191-1c4f-4410-9624-ce960ceb12f3	the_beatles	greatest_hits	263,3445,263,3445,263,3585,197,141,197,263,3511,3641,263,3585,57,141,263,3445,263,3585,197,141,197,263,3511,3641,263,3585,57,141,263,3445,263,3585,57,141,1,141,57,141,263,3511,3641,263,3585,57,1,141,263,3445,263,3445,263,
5b614823-f2a1-448e-819d-f485aae5b513	the_beatles	greatest_hits	3511,3567,3445,281,169,141,123,3679,3679,3501,141,123,3679,3679,3501,141,123,3679,3679,3540,3809,123,3679,3679,3504,1149,123,3679,3679,3501,281,57,67,3511,3501,141,123,3669,319,3501,141,123,3679,3679,3501,141,123,3679,3679,3540,3809,123,3679,3679,3501,141,123,3679,3679,3501,281,57,67,3511,3501,281,263,3567,3651,3641,263,3567,3651,3567,3501,141,123,3679,3679,3504,1149,123,3679,3679,3501,141,123,3679,3679,3540,3809,123,3679,3679,3501,141,123,3679,3679,3501,281,57,67,3511,3501,67,3511,3501,67,3511,3501,
697e7e6e-47d3-42c4-9b47-a9d6b8563aab	the_beatles	greatest_hits	3445,197,67,3371,3377,5389,4173,207,3377,5389,4173,207,3445,197,67,3511,3567,3371,3511,3567,3445,57,207,3501,281,197,67,3371,3377,5389,4173,207,3377,5389,4173,207,3445,197,67,3511,3567,3371,3511,3567,3445,57,207,3501,281,197,67,3511,3567,3511,3567,3511,3557,
ea302395-147b-4ed9-8a30-56b12ceb22c2	the_beatles	greatest_hits	145,1485,201,1485,57,141,141,197,141,197,263,3641,263,3389,201,1485,263,3567,3641,141,141,197,141,197,263,3641,281,57,67,3501,281,113,151,3501,281,113,151,3641,141,141,197,141,197,263,3641,263,3389,201,1485,263,3567,3641,141,141,197,141,197,141,197,
994f54bc-47aa-4dc8-add5-55cac96d8c53	the_beatles	greatest_hits	141,57,141,141,57,141,141,57,141,141,57,141,141,57,141,141,57,141,141,57,141,141,57,141,141,57,141,141,57,141,141,57,141,141,57,141,141,57,141,141,57,141,141,57,141,141,57,141,141,57,141,141,57,141,141,57,281,57,141,141,57,281,57,141,141,57,281,57,141,141,57,281,57,1,4,1009,141,141,57,141,141,57,141,141,57,141,141,57,141,141,57,141,141,57,141,141,57,141,141,57,141,141,57,141,141,57,141,141,57,1,141,6,
a22b120d-9bed-4c1e-9712-b9c7a556e2c0	the_beatles	greatest_hits	207,3445,263,3585,300,6637,1,1,225,113,1,225,113,1,263,3445,263,3585,300,6637,1,217,6731,3420,1233,57,209,4173,141,225,113,1,225,113,1,263,3445,263,3585,300,6637,1,1,217,6731,3420,1233,57,209,4173,141,225,113,1,225,113,1,263,3445,263,3585,300,6637,88,1320,1320,1321,
fcb3acbb-6ab1-43f5-b500-dd9375ac10f4	the_beatles	greatest_hits	6983,3445,263,3511,3455,3557,263,3445,263,3511,3455,3557,141,123,3585,197,263,3585,197,1,1,263,3445,263,3511,3455,3557,141,123,3585,197,263,3585,197,1,141,197,1,1,263,3445,263,
a4248b08-f65c-4ab6-900d-2b9acf159c80	the_beatles	greatest_hits	3511,3501,141,263,3585,263,3585,253,207,3501,141,263,3585,57,141,67,3501,141,263,3585,263,3585,253,207,3501,141,263,3585,57,141,263,3689,6833,263,3689,6833,144,1205,67,3501,141,67,3501,141,263,3371,3371,3585,263,3585,253,207,3501,141,263,3585,57,141,263,3689,6833,263,3689,6833,263,3445,263,3445,
9b0f2c18-0fb5-415e-83b6-cb598e357f86	the_beatles	greatest_hits	67,3567,3641,281,253,207,3641,281,263,3501,207,3371,3567,3641,281,253,207,3641,281,1,263,3501,207,3371,3641,67,3641,67,3567,3651,3445,123,3371,3567,3641,281,253,207,3641,281,1,263,3501,207,3371,3567,3641,281,253,207,3641,281,1,263,3501,207,3371,3641,67,3641,67,3567,3651,3445,123,3567,3641,281,253,207,3641,281,1,263,3501,207,3501,207,3501,207,3501,207,3501,
c243e270-baad-4717-b758-9a4de2f38b08	the_beatles	greatest_hits	141,202,1681,141,197,197,281,258,1821,141,141,197,197,281,258,1821,141,1,197,141,1,57,141,141,141,197,197,281,258,1821,141,1,141,197,197,281,253,141,141,197,141,57,141,141,141,197,197,281,253,141,141,253,141,141,141,253,141,141,141,253,141,141,141,
d5fd6d79-0198-474a-be19-90178c8fef4c	the_beatles	greatest_hits	48,6423,3506,1821,48,6423,3506,1821,48,6423,3455,3557,123,3679,3679,3506,1821,69,4178,1821,48,6423,3455,3557,123,3679,3679,3506,1821,6,1821,11,3557,258,1831,3377,5380,1154,1684,1149,48,6423,3455,3557,123,3679,3679,3506,1821,69,4178,1821,48,6423,3455,3557,123,3679,3679,3672,1317,6,1821,11,3557,258,1831,3377,5380,1154,1684,1149,48,6423,3455,3557,123,3679,3679,3506,1821,1,200,1320,1040,1149,225,113,5,1349,
9f13dbb4-850e-4a30-b8e6-1e911e533e79	the_beatles	greatest_hits	3511,3445,263,3585,57,141,263,3585,57,141,263,3585,57,141,263,3585,57,141,263,3585,57,141,263,3585,57,141,263,3585,57,141,263,3585,57,141,263,3585,57,141,
f04c7b5a-c341-486e-a2ad-eba604855dc5	the_beatles	greatest_hits	141,141,197,141,57,141,1,1,141,197,141,197,141,57,141,1,141,197,141,197,141,57,141,1,141,197,141,197,141,57,141,1,141,197,141,57,141,1,141,197,141,197,141,57,141,1,141,197,141,197,141,57,141,1,141,197,141,197,141,57,141,1,141,197,197,141,141,57,141,1,
1cd3f6af-9441-49a1-a4e4-6d3011f3ec32	the_beatles	greatest_hits	197,141,141,253,141,141,141,253,141,141,4,1149,11,3557,151,3557,197,141,141,253,141,141,141,253,141,141,4,1149,11,3557,151,3557,85,253,85,253,141,263,3361,141,141,141,253,141,141,141,253,141,141,4,1149,11,3557,151,3557,85,253,85,253,141,263,3361,141,141,141,253,141,141,141,253,141,141,4,1149,11,3557,151,3557,85,253,85,253,
16f26d83-c7fe-439e-9a91-3b2f24274dbf	the_beatles	greatest_hits	141,263,3445,263,3445,263,3445,141,256,1149,141,263,3445,263,3445,141,256,1149,141,263,3445,141,197,1,1,197,141,263,3445,263,3641,141,1,271,6133,263,3641,141,1,263,3445,141,256,1149,141,263,3445,141,197,1,1,197,141,263,3445,1,6,
5b70239b-e24d-4212-85b4-3b852bc01dc2	the_beatles	greatest_hits	57,141,141,253,141,141,141,281,57,57,141,141,253,141,141,141,281,57,1,57,141,141,253,141,141,141,281,57,
65160e11-9b2c-4f71-8fa0-35e8ea1c7033	the_beatles	greatest_hits	3501,141,1,67,3501,141,1,67,3501,141,1,1,67,3641,141,11,3557,1,1,67,3641,141,11,3613,141,1,207,3501,141,67,3501,141,1,1,67,3641,141,11,3557,1,1,67,3641,141,11,3613,141,1,207,3501,141,67,3501,141,1,1,67,3641,141,11,3557,1,1,67,3641,141,11,3613,141,1,207,3501,141,1,67,3501,141,1,67,3501,141,1,67,3501,141,1,197,143,
1411f374-c60c-44f7-b92a-e719bac97fbd	the_beatles	greatest_hits	263,3445,263,3641,141,197,141,263,3445,263,3641,207,3501,207,3427,3585,263,3511,3632,6535,3448,1075,3371,3511,3427,3585,263,3511,3371,3427,3448,1075,3445,263,3445,263,3641,141,197,141,263,3445,263,3641,207,3501,207,3427,3585,263,3511,3371,3427,3448,1075,3371,3445,263,3445,263,3445,263,3445,
8db9a03f-469d-4e7b-80a7-7d237acb5789	the_beatles	greatest_hits	3501,207,3501,281,263,3501,207,3501,281,116,1292,1215,3501,207,3560,1149,141,197,1,144,1205,200,1292,1208,1012,1208,1149,141,197,144,1205,200,1292,1208,1208,1149,141,197,144,1208,1208,1292,1208,1208,1149,141,207,3501,281,263,3501,207,3501,281,116,1292,1215,3501,207,3560,1149,141,197,141,197,200,1292,1208,1208,1149,141,197,1,1,141,197,200,1292,1208,1208,1149,1,141,197,200,1292,1205,141,197,4,
3ac0a184-cb86-41f6-8911-f06f8477dbba	the_beatles	greatest_hits	6049,141,197,281,57,1,141,197,281,57,141,57,141,141,197,1,141,197,281,57,1,141,197,281,57,141,57,141,141,197,123,3511,3567,3585,263,3585,60,1149,141,197,281,57,1,141,197,281,57,141,57,141,141,197,1,1,141,197,281,57,1,141,197,281,57,141,57,141,141,197,123,3511,3567,3585,263,3585,60,1149,141,197,281,57,1,141,197,281,57,141,57,141,141,197,19,6049,141,197,141,197,141,147,
a6307ef4-a0aa-463e-aacd-3227718112c2	the_beatles	greatest_hits	197,141,197,141,197,141,197,141,197,141,197,141,197,141,197,141,197,67,3371,3585,57,141,197,141,197,141,197,141,197,141,197,141,197,141,197,67,3371,3585,309,151,3585,197,113,151,3445,4,1149,57,141,263,3585,57,141,197,141,197,141,197,141,197,141,197,141,197,141,197,67,3371,3585,57,141,197,141,197,141,197,141,197,141,197,141,197,141,197,67,3371,3585,57,141,197,141,197,141,197,141,197,141,197,141,197,141,197,67,3371,3585,312,1159,3585,197,113,151,3371,3445,4,1149,57,141,263,3585,57,141,197,141,197,141,197,141,197,141,197,141,197,141,197,
b65297da-8f2c-4bbf-8941-085d2684ad05	the_beatles	greatest_hits	3669,309,263,3511,3669,69,4173,141,67,3427,3688,6705,4173,141,67,3427,3688,6705,4173,141,151,3417,141,67,3427,3688,6705,4173,141,67,3427,3688,6705,4173,146,1686,1821,11,3371,3557,200,1149,67,3427,3688,6705,4173,141,67,3427,3688,6705,4173,146,1686,1821,11,3371,3557,200,1149,67,3427,3688,6705,4173,141,67,3427,3688,6705,4173,141,151,3557,151,3557,
c9d64cfc-2ec6-4d31-a5be-359612c7bab0	the_beatles	greatest_hits	3511,3417,151,3511,3417,151,3511,3417,29,57,143,869,141,123,3651,3501,141,123,3651,3501,281,197,263,3585,77,6861,197,141,123,3651,3501,141,123,3651,3501,281,197,263,3585,77,6861,263,3511,3417,151,3511,3417,151,3511,3417,29,57,143,869,141,123,3651,3501,141,123,3651,3501,281,197,263,3585,77,6861,263,3511,3417,151,3511,3417,151,3511,3417,29,57,143,869,141,123,3651,3501,141,123,3651,3501,281,197,263,3585,77,6787,3511,3417,29,57,67,3511,3417,29,57,143,
2b5e9a6c-7994-47ed-8a99-fc95d6d2587e	the_beatles	greatest_hits	3641,67,3567,3511,3567,3511,3567,3585,57,141,67,3567,3511,3567,3511,3567,3585,57,141,263,3641,67,3567,3511,3567,3445,207,3567,3511,3567,3511,3567,3585,57,141,95,3567,3511,3567,3511,3567,3585,57,141,67,3567,3511,3567,3511,3567,3585,57,141,67,3641,67,3557,
f7789207-092f-41c7-b805-94f21cf3b1f5	the_beatles	greatest_hits	3501,207,3501,207,3501,207,3501,141,263,3511,3501,141,263,3511,3501,141,263,3511,3501,141,263,3511,3501,141,263,3511,3501,141,263,3511,3501,141,263,3511,3501,141,263,3511,3501,141,263,3511,3501,141,263,3511,3501,141,263,3511,3501,141,263,3511,3501,141,263,3511,3501,141,263,3511,3501,141,263,3511,3501,141,4,1149,57,67,3511,3501,141,263,3511,3641,263,3511,3501,141,263,3511,3501,141,263,3511,3501,67,3669,4,1335,6054,1821,
47992187-2fdc-4428-88ba-aba9c45705ad	the_beatles	greatest_hits	3445,197,67,3585,57,141,1,123,3511,3595,3557,197,141,123,3511,3595,3557,197,141,263,3445,197,67,3585,57,141,1,123,3511,3595,3557,197,141,123,3511,3595,3557,197,141,1,263,3445,197,67,3585,57,141,200,1075,3644,1012,1075,3644,1009,309,309,1,29,29,1,309,309,57,141,263,3445,197,67,3585,57,141,1,141,57,141,
5f0d41db-32dd-4e51-8352-f04b408c15fb	the_beatles	greatest_hits	1,200,1292,1205,197,141,1,1,200,1292,1205,197,141,123,3641,4,1149,67,3501,141,141,200,1292,1205,197,141,123,3641,141,67,3501,141,141,1,200,1292,1205,197,141,
c8f0e86f-19f8-46b8-84f3-980affcfb1d0	the_beatles	greatest_hits	3371,3567,3511,3567,3511,3567,3511,3567,3511,3567,3511,3567,3511,3567,3511,3445,6,1821,141,319,3567,3511,3567,3511,3371,3371,3567,3511,3567,3511,3567,3511,3567,3511,3445,6,1821,141,319,3567,3511,3567,3501,1,141,253,144,1149,141,253,309,319,3567,3511,3567,3511,3567,3511,3567,3511,3445,6,1821,141,319,3567,3511,3567,3501,1,141,253,144,1149,141,253,309,319,3567,3511,3567,3511,3567,3511,3567,3511,3445,6,1821,141,319,3567,3511,3567,3511,
b8d45924-b602-45e8-b87e-cdbcca9ad829	the_beatles	greatest_hits	1,146,1821,67,3641,141,141,197,141,197,141,57,57,1,146,1821,67,3641,141,141,197,141,197,141,57,57,1,146,1821,67,3445,263,3445,263,3585,57,281,57,67,3641,141,141,197,141,197,141,57,57,1,146,1821,57,146,1821,141,
36a21e6a-f7ff-4072-88dd-2c05e48ae6f6	the_beatles	greatest_hits	4,1012,1152,1208,1208,1292,1208,1208,1152,1152,1208,1208,1292,1208,1121,151,3511,3427,3585,113,151,3511,3427,3445,144,1152,1208,1208,1292,1208,1208,1152,1152,1208,1208,1292,1208,1121,151,3511,3427,3585,113,151,3511,3427,3445,144,1152,1208,1208,1292,1205,281,29,29,
5512c3da-5335-4764-9e6a-92fe8a50b8ae	the_beatles	greatest_hits	85,11,3641,281,309,141,11,3641,281,309,141,263,3511,3501,281,57,281,57,151,3641,281,309,141,11,3641,281,309,141,1,67,3427,3511,3501,85,57,281,57,281,57,151,3641,281,309,141,1,11,3641,281,309,141,1,263,3511,3501,281,57,281,57,151,3641,281,309,141,11,3361,
30371836-8623-4bf7-a800-4909b9b347d5	the_beatles	greatest_hits	141,57,143,813,57,143,935,3567,3393,1663,3651,3501,143,813,57,143,813,57,143,935,3567,3393,1663,3389,57,143,673,113,141,151,3445,197,1,113,141,151,3445,197,141,57,143,813,57,143,935,3567,3393,1663,3389,57,143,935,3567,3393,1547,
b1734e0e-5662-4937-9672-38dc71531717	the_beatles	greatest_hits	209,4173,209,4173,207,3585,253,141,197,85,57,1,197,85,57,1,197,85,57,1,197,85,57,69,4173,209,4173,141,263,3511,3585,253,141,197,85,57,1,197,85,57,1,197,85,57,1,197,85,57,69,4173,209,4173,141,263,3511,3585,253,141,197,85,57,1,197,85,57,67,3501,207,3501,141,263,3511,3585,256,1149,197,85,57,1,197,85,57,1,197,85,57,1,197,85,57,69,4173,209,4173,141,263,3511,3585,253,141,197,85,57,1,197,85,57,67,3503,879,3503,813,263,
e520baf0-ef0b-433b-b4ab-1b53679dd0e6	the_beatles	greatest_hits	197,141,1,197,284,1065,141,141,197,197,141,1,1,4,1149,1,197,197,141,1,197,284,1065,141,141,197,1,1,1,4,1149,1,197,197,141,265,4173,85,57,141,197,284,1065,141,141,197,1,197,284,1065,141,141,197,265,4173,85,57,141,197,284,1065,141,141,197,1,1,1,4,1149,1,197,197,141,1,197,284,1065,141,141,197,1,
86ce99c2-6183-4585-a640-4458ba4ca7cd	the_beatles	greatest_hits	1149,141,197,197,141,197,141,197,141,141,57,1,141,141,197,197,141,197,141,197,141,141,57,141,141,197,197,141,197,141,197,141,141,57,141,141,197,197,141,197,141,197,141,141,57,4,1149,141,197,197,141,197,141,
a7920ada-0cf5-4e06-8c2d-ff895f1d2c4b	the_beatles	greatest_hits	197,281,197,197,284,1205,57,281,123,3641,141,141,197,281,197,197,284,1205,57,281,123,3641,141,141,4,1075,3455,3557,4,1075,3455,3557,67,3501,284,1205,57,281,123,3641,141,141,197,281,197,197,284,1205,57,281,123,3641,141,141,4,1075,3455,3557,4,1075,3455,3557,67,3501,284,1205,57,281,123,3641,141,141,197,281,197,
c0ad3cec-9c45-410d-884a-52ab59cd8593	the_beatles	greatest_hits	1,19,6049,19,6049,19,6049,19,6049,19,6049,1,141,197,19,6049,19,6311,3585,197,19,6049,141,197,256,1149,144,1149,19,6049,19,6049,19,6049,19,6049,19,6049,19,6049,19,6049,19,6049,19,6049,141,197,256,1149,144,1149,19,6049,19,6049,141,1,197,256,1149,144,1149,19,6049,19,6049,19,6049,19,6049,19,6049,19,6049,19,6049,19,6049,19,6049,141,197,256,1149,144,1149,19,6049,19,6049,19,6049,19,6049,19,6049,
609a5ea2-460b-4f38-9ae0-d7191bedcbca	the_beatles	greatest_hits	144,1152,1208,1149,29,32,1149,141,197,197,281,197,141,29,29,141,141,197,197,281,197,141,29,32,1149,141,197,197,281,197,197,141,141,197,197,281,197,200,1149,141,197,197,281,197,197,281,29,29,141,141,197,197,281,197,197,281,29,29,141,
901d7743-efa0-45c4-821f-7171914f6ad5	the_beatles	greatest_hits	3,673,57,3,673,85,3,673,197,3,673,1,57,85,197,1,57,85,197,263,3585,123,3501,281,57,85,197,1,57,85,197,1,57,85,197,263,3585,123,3501,281,57,85,197,197,67,3501,85,60,1149,57,85,197,1,57,85,197,263,3585,123,3501,281,57,85,197,197,67,3501,85,60,1149,57,85,197,1,57,85,197,263,3585,123,3501,281,57,85,197,141,197,141,197,1,3,673,57,3,673,85,3,673,197,
73b5f722-9447-4197-a7b6-a33f68fa117e	the_beatles	greatest_hits	141,141,57,141,141,57,141,141,57,141,141,57,141,141,57,141,141,57,141,141,57,141,141,57,141,141,57,141,141,57,141,141,57,141,141,57,141,141,57,141,141,57,141,141,57,141,141,57,141,141,57,141,141,57,141,141,57,141,141,57,141,141,57,141,141,57,141,141,57,141,141,57,141,141,57,141,141,57,141,141,57,141,141,57,141,141,57,141,141,57,141,141,57,141,141,57,141,141,57,
229fc42d-810e-4a45-bb4e-2819a9265707	the_beatles	greatest_hits	1,1,1,1,225,113,225,314,1821,1,141,197,202,1821,1,225,113,225,314,1821,1,141,197,202,1821,1,225,113,225,309,141,1,141,197,202,1821,1,225,113,225,314,1821,1,1,141,197,202,1821,1,225,113,225,314,1821,1,141,197,202,1821,200,1149,1,
7f175dca-33ff-4d8e-b63b-b40180180527	the_beatles	greatest_hits	141,57,141,141,57,141,281,197,1,197,67,3445,57,141,1,141,57,141,281,197,1,197,67,3445,57,141,1,281,1,57,1,281,1,57,1,141,57,141,281,197,1,197,67,3445,57,141,1,141,57,141,281,197,1,197,67,3445,57,141,1,281,1,57,1,281,1,57,1,141,57,141,281,197,197,67,3445,57,141,1,281,1,57,1,281,1,57,1,141,57,141,141,57,141,141,57,
db35530c-0c0d-4036-88b3-bf791f1dbac1	the_beatles	greatest_hits	1,265,4331,6139,2213,60,1009,207,3371,3641,1,197,67,3557,291,3501,141,285,1401,1,197,67,3557,291,3501,141,285,1401,1,263,3501,85,57,141,263,3501,85,57,141,200,1075,3557,291,3501,141,285,1401,1,202,1684,1075,3557,291,3501,141,285,1401,1,263,3501,85,57,141,263,3501,85,57,141,200,1014,1747,3557,291,3501,141,285,1401,1,4,1271,3644,1012,1012,1009,1,4,1149,
1c99a183-d280-4658-9fda-77104f92d650	the_beatles	greatest_hits	141,197,141,197,141,197,141,123,3585,197,141,197,141,197,141,123,3585,197,141,123,3585,123,3501,141,141,141,197,141,123,3585,197,141,197,141,197,141,123,3585,1,197,141,123,3585,123,3511,3501,141,141,197,141,123,3585,1,197,141,197,141,197,141,197,1,197,141,144,1205,144,1205,141,
7141b458-558c-4dac-bb88-3de361c4b1b1	the_beatles	greatest_hits	1149,197,202,1961,197,4,1149,197,202,1961,197,1,1,141,197,202,1961,197,4,1149,197,202,1961,197,4,1012,1152,1208,1210,1966,1877,1,4,1012,1154,1877,202,1961,200,1012,1149,197,202,1961,197,4,1149,197,202,1961,197,200,1149,4,1014,
2fe85956-7871-4e67-9143-62e99667019e	the_beatles	greatest_hits	3585,253,141,1,123,3511,3585,141,57,1,123,3511,3585,141,57,67,3585,253,141,1,1,123,3511,3585,141,57,1,123,3511,3585,141,57,67,3585,253,141,1,1,123,3511,3585,141,57,1,123,3511,3585,141,57,67,3585,253,141,263,3445,3,
6b9f87fb-6941-4c00-a48d-86d3628d3442	the_beatles	greatest_hits	85,57,60,1149,281,197,57,141,281,197,57,67,3595,3483,3595,3557,141,197,85,1,57,197,281,197,57,141,281,197,57,67,3595,3483,3595,3557,141,197,1,207,3501,141,123,3501,141,141,281,197,57,141,281,197,57,67,3595,3483,3595,3557,141,197,85,1,57,197,281,197,57,141,281,197,57,67,3595,3483,3595,3557,141,197,1,207,3501,141,1,123,3501,141,1,141,281,197,57,141,281,197,57,67,3595,3483,3595,3557,141,197,85,253,1,
4a633315-96dc-4fcf-807a-52916c0fa3d1	the_beatles	greatest_hits	1,197,85,57,141,141,197,197,197,85,57,141,141,197,57,141,197,85,57,141,141,197,197,197,85,57,141,141,197,57,1,1,1,141,141,75,6049,1,1,141,141,75,6049,1,1,141,197,85,57,141,141,197,197,197,85,57,141,141,197,57,141,197,85,57,141,141,197,197,197,85,57,141,141,197,57,1,1,1,141,141,75,6049,1,1,141,141,75,6049,1,1,141,197,85,57,141,141,197,197,197,85,57,141,141,197,197,
b4512732-e614-4b46-8470-e3d6ece65a0b	the_beatles	greatest_hits	18,5731,6049,1,141,197,18,5731,6049,1,141,197,4,1027,6049,263,3567,3511,3511,3641,18,5731,6049,1,141,197,18,5731,6049,1,141,197,18,5731,6049,263,3567,3511,3511,3641,18,5731,6049,141,57,141,141,57,197,141,141,141,197,18,5731,6049,1,141,197,18,5731,6049,263,3567,3511,3511,3641,18,5731,6049,141,57,141,141,57,197,141,141,141,197,18,5731,6049,1,141,197,18,5731,6049,263,3567,3511,3511,3641,18,5731,6049,263,3585,197,18,5731,6049,
440e2cdc-afbd-42d3-9146-b6ee9d336ce6	the_beatles	greatest_hits	141,197,141,197,281,57,141,197,281,57,141,1,57,141,141,197,141,197,281,57,141,197,281,57,141,1,57,141,141,197,141,281,197,141,197,141,113,141,197,141,281,57,141,197,281,57,141,1,57,141,141,197,141,281,197,141,197,141,113,141,197,141,281,57,141,197,281,57,141,1,57,141,141,197,141,197,141,197,
f6cf4109-0042-43a7-8ce1-76eafa7c7152	the_beatles	greatest_hits	1,1,141,263,3514,4509,141,113,291,3501,141,113,291,3501,141,263,3514,4509,141,113,291,3501,141,113,291,3501,141,263,3514,4509,207,3585,141,141,197,1,141,141,309,113,291,3501,141,113,291,3501,141,263,3514,4509,207,3585,141,141,197,1,141,141,309,113,291,3501,141,113,291,3501,141,263,3514,4509,207,3585,197,197,
3247702b-85b4-409c-8fcc-9f74690792e4	the_beatles	greatest_hits	1,1,67,3501,67,3585,123,3393,1663,3641,141,1,67,3501,67,3585,123,3393,1663,3641,141,144,1065,284,1065,141,67,3501,67,3585,123,3393,1663,3641,141,144,1065,284,1065,141,67,3501,67,3585,123,3393,1663,3641,141,1,
8d42549e-1978-4e3c-8515-b2d801fc8f31	the_beatles	greatest_hits	1,1,197,4,1149,1,141,197,197,141,141,57,141,1,197,141,197,141,197,141,57,141,141,141,197,197,141,141,57,141,1,197,141,197,141,1,141,197,197,141,141,57,141,197,141,197,141,197,141,57,141,141,141,197,197,141,141,57,141,197,141,1,
a8f2aef4-1d56-4f64-81ef-103b6b063bba	the_beatles	greatest_hits	263,3445,263,3445,123,3529,197,57,21,6861,123,3529,197,57,21,7001,57,141,263,3389,253,141,263,3389,253,281,57,141,123,3529,197,57,21,6861,123,3529,197,57,21,7001,57,141,263,3389,253,141,263,3389,253,281,57,281,57,141,263,3445,263,3445,263,3445,
fd8e0aec-6544-48b3-8671-652eb2a86a9a	the_beatles	greatest_hits	1,85,116,1149,67,3445,197,67,3371,3445,197,123,3373,4120,1149,141,57,207,3373,4121,1541,69,4045,4121,1544,1133,4045,4120,1149,141,60,1075,3501,67,3641,197,141,1,144,1217,4121,1544,1077,4045,4121,1544,1133,4120,1149,141,60,1149,141,197,197,4,1149,141,60,1075,3501,67,3641,197,141,1,141,209,4121,1544,1077,4121,1544,1133,4120,1149,141,60,1152,1149,57,141,85,116,1149,
bc5ef5a3-f2a2-47f9-b24c-2c90800d1bb5	the_beatles	greatest_hits	1,141,57,141,1,141,197,1,141,57,141,141,57,141,141,197,141,197,141,197,141,57,141,1,141,57,141,1,141,197,1,141,57,141,141,57,141,141,197,141,197,141,197,141,57,141,4,1149,197,197,141,1,141,57,141,1,141,197,1,141,57,141,141,57,141,141,197,141,197,141,197,141,57,141,4,1149,197,197,141,1,141,57,141,1,141,197,1,141,57,141,141,57,141,141,197,141,197,141,197,141,57,141,4,1149,197,
b54c575a-fc52-4656-bc58-c20a75a12032	the_beatles	greatest_hits	263,3585,143,869,57,281,197,263,3585,57,141,1,263,3585,57,141,197,281,197,141,197,1,263,3585,57,141,197,281,197,141,197,1,263,3585,57,141,197,281,197,141,197,1,263,3585,57,141,197,281,197,141,197,197,281,197,141,197,197,281,197,141,57,141,
af873ac5-a93a-4533-82a5-2da28bec4992	the_beatles	greatest_hits	1,319,3504,1159,3371,3589,1404,1149,1,263,3501,85,197,1,131,6049,151,3567,3389,57,281,197,265,4176,1093,197,321,4173,151,3371,3585,1,263,3501,141,321,4173,151,3371,3585,1,263,3501,141,1,131,6049,151,3567,3389,57,281,197,265,4176,1093,197,321,4173,151,3371,3585,1,263,3501,141,4,1329,4173,151,3371,3585,1,263,3501,141,1,321,4173,151,3371,3589,1403,957,1541,1,263,3501,85,197,1,57,85,197,
7ef13af5-3eea-4b84-b749-d152e1d9d0ea	the_beatles	greatest_hits	141,197,197,281,197,197,141,141,197,197,281,197,197,141,141,197,197,281,197,197,141,141,197,197,281,197,197,141,141,197,197,281,197,197,141,141,197,197,281,197,197,141,141,197,197,281,197,197,141,141,197,197,281,197,3,
8e28f020-e1ec-441a-9dd8-435b171fbb66	beatles	i_saw_her_standing_there_ver2_crd.htm	1152,1208,1208,1149,4,1152,1096,1124,1208,1152,1012,1152,1208,1208,1149,4,1152,1096,1124,1208,1152,1152,1068,1292,1208,1152,1208,1208,1149,4,1152,1096,1124,1208,1152,1152,1068,1292,1208,1152,1208,1208,1149,4,1152,1096,1124,1208,1152,1012,1208,1152,1012,1012,1208,1152,
5804ef4c-87f3-4436-9ce2-2959d8f64b15	beatles	misery_crd.htm	57,141,263,3641,141,141,197,141,1,57,141,263,3445,141,197,141,1,57,141,263,3445,263,3641,141,263,3445,
63478b4f-78a1-4390-ac30-0da68a3fa00c	beatles	chains_crd.htm	202,1966,1877,197,141,202,1966,1877,4,1154,1877,4,1154,1737,141,202,1966,1877,4,1154,1877,4,1154,1737,141,202,1966,1877,200,1289,11,3557,
bce8a47d-4c53-47d6-9668-24d19b5cf3bd	beatles	boys_crd.htm	141,197,197,281,197,200,1149,141,197,197,281,197,200,1149,141,197,200,1289,197,200,
d8194970-264e-47fb-9cc8-3f6351576ea4	beatles	ask_me_why_ver3_crd_896464id_26112009date.htm	69,4101,4325,4313,1,69,4101,4325,4313,116,1159,3595,3613,141,141,69,4101,4325,4313,1,69,4101,4325,4313,116,1159,3595,3557,21,6861,57,141,21,6861,57,141,1,69,4101,4061,319,3389,197,1,69,4101,4061,319,3389,197,21,6721,69,4101,4061,319,3389,197,1,69,4101,4061,319,3389,197,141,197,141,319,
6e808994-e052-442a-a7ae-d50a8c623d3c	beatles	please_please_me_ver2_crd.htm	141,281,57,57,207,3567,3641,29,113,1,141,197,85,57,57,141,141,197,141,263,3567,3585,197,141,57,141,1,141,197,85,57,57,141,141,197,141,263,3567,3585,197,141,57,141,141,57,141,141,57,141,141,57,141,1,141,197,85,57,57,141,141,197,141,263,3567,3585,197,141,57,141,141,57,141,141,57,141,85,141,309,141,
a3ceba96-b0f6-4918-975c-10294f90d0ec	beatles	love_me_do_ver3_crd.htm	141,197,141,197,141,4,1205,141,197,1,141,197,141,197,141,4,1205,141,197,197,281,197,197,281,197,1,141,197,141,197,141,4,1205,141,197,141,197,141,197,
3fc2ec4c-5358-4d9e-9219-560a3df8439f	beatles	ps_i_love_you_ver2_crd.htm	6385,20,6581,141,20,6581,141,20,6581,1,197,141,1,67,3641,197,67,3641,29,57,57,1,67,3641,197,67,3641,29,57,57,141,197,141,197,141,197,1,197,141,1,67,3641,197,67,3641,29,57,57,141,197,141,197,141,197,1,197,141,1,67,3641,197,67,3641,29,57,57,225,57,57,225,57,57,
b5ba6ada-36a6-432f-a06e-225540b65144	beatles	baby_its_you_crd.htm	263,3585,197,141,197,263,3511,3641,263,3585,57,141,263,3445,141,197,141,197,263,3511,3641,263,3585,57,141,263,3445,263,3585,57,141,1,197,141,
6300b081-f732-4255-ac6d-2ab5c2e9d1de	beatles	do_you_want_to_know_a_secret_ver2_crd.htm	3511,3567,3445,281,172,1149,123,3679,3679,3504,1149,123,3679,3679,3371,3504,1149,123,3679,3679,3669,309,123,3679,3679,3504,1149,123,3679,3679,3504,1289,60,1075,3511,3504,1289,263,3567,3651,3641,263,3567,3651,3567,3504,
33a8a6c0-0eec-4e17-838e-3b940c8384b3	beatles	a_taste_of_honey_crd.htm	3445,197,67,3371,3670,449,57,207,3670,449,57,207,3445,197,67,3511,3567,3511,3567,3445,57,207,3501,281,197,67,3371,3670,449,57,207,3670,449,57,207,3445,197,67,3511,3567,3511,3567,3445,57,207,3501,281,197,67,3511,3567,3511,3567,3511,3567,
c5be8938-267c-4e87-8706-5d0a392b1a57	beatles	theres_a_place_crd.htm	141,197,141,197,263,3644,1289,321,4061,321,4120,1077,4117,141,197,141,197,265,4316,1077,4257,60,1149,265,4176,1289,125,4185,4176,1289,125,4185,4241,4185,4117,141,197,141,197,263,3644,1289,321,4061,321,4120,1077,4117,1,
c4575cf1-786b-4095-a64c-c733d9adbe04	beatles	twist_and_shout_crd.htm	1149,141,57,4,1149,141,57,4,1149,141,57,4,1149,141,57,4,1149,141,57,4,1149,141,57,4,1149,141,57,4,1149,141,57,4,1012,1149,141,57,4,1149,141,57,4,1149,141,57,4,1149,141,57,4,1012,1149,141,57,4,1149,141,57,4,1149,141,57,4,1149,141,57,4,1009,4,1149,141,57,4,1149,141,57,4,1149,141,57,4,1149,141,57,4,1012,1149,141,57,4,1149,141,57,4,1149,141,57,4,1149,141,57,4,1012,1149,141,57,1,281,1,1,1,1,197,1,
ba366789-7de6-4f26-ad43-3b5d8c57b5c4	beatles	it_wont_be_long_ver2_crd.htm	3445,263,3585,265,4117,197,1,225,113,1,225,113,1,281,309,4,1233,57,209,4173,4,1149,225,113,1,225,113,1,225,113,1,225,113,
04804588-c42c-4612-9462-19ef2914fe7d	beatles	all_ive_got_to_do_ver3_crd_837238id_15062009date.htm	3445,263,3511,3455,3557,263,3445,263,3511,3455,3557,141,123,3585,197,263,3585,197,263,3445,263,3511,3455,3557,141,123,3585,197,263,3585,197,141,197,263,3445,263,
c534e74b-a6ee-4180-8110-def9f819721d	beatles	all_my_loving_ver4_crd.htm	3504,1149,263,3585,263,3585,256,1215,3504,1149,263,3585,57,141,67,3504,1149,263,3585,263,3585,256,1215,3504,1149,263,3585,57,141,263,3560,1233,263,3560,1233,67,3504,1149,263,3585,263,3585,256,1215,3504,1149,263,3585,57,141,263,3560,1233,263,3560,1233,
5721b485-97fa-45b5-9af6-5401089b318b	beatles	dont_bother_me_ver2_crd.htm	67,3371,3560,1292,1289,263,3560,1292,1289,263,3501,207,3560,1292,1289,263,3560,1292,1289,263,3501,207,3371,3641,67,3641,67,3567,3651,3445,123,3560,1292,1289,263,3560,1292,1289,263,3501,207,3560,1292,1289,263,3560,1233,1,263,3501,207,3371,3641,67,3641,67,3567,3651,3445,123,3560,1292,1289,263,3560,1292,1289,263,3501,207,3501,207,3501,207,3501,207,
af3fd738-544d-44ed-a8ba-2a45e7e356b6	beatles	little_child_crd.htm	141,200,1012,1012,1149,200,1208,1289,256,1152,1152,1012,1149,200,1208,1289,256,1152,1149,1,200,1149,60,1152,1152,1012,1149,200,1208,1289,256,1152,1149,4,1149,200,1208,1289,256,1152,1149,200,1149,60,1152,1152,1012,1149,200,1208,1289,256,1152,1149,256,1152,1152,1149,256,
29f9730b-e214-4b04-8212-c6837e8b5057	beatles	till_there_was_you_crd.htm	172,1243,3504,1149,172,1243,3455,3557,123,3679,3679,3504,1149,67,3504,1149,172,1243,3455,3557,123,3679,3679,3504,1149,172,1317,11,3557,253,151,3373,4036,1152,1012,1149,172,1243,3455,3557,123,3679,3679,3504,1149,67,3504,1149,172,1243,3455,3557,123,3679,3679,3504,1149,141,11,3557,253,151,3373,4036,1152,1012,1149,172,1243,3455,3557,123,3679,3679,3504,1149,197,113,228,1149,225,113,4,1009,172,1012,1243,3504,1299,3679,3679,3417,113,153,4036,1152,1012,1009,113,253,116,
c32acba0-1ae1-402d-8d7d-86e452ce0772	beatles	please_mister_postman_crd.htm	263,3445,263,3585,57,141,263,3585,57,
500f02e6-5d10-4e70-877c-252d3aca97db	beatles	roll_over_beethoven_crd_788790id_09022009date.htm	1,141,197,197,141,1,1,1,141,1,197,1,197,
af9db3e0-c458-4917-a49c-9b47406a2896	beatles	hold_me_tight_ver3_crd.htm	197,141,141,253,141,141,141,253,141,141,1,141,11,3557,151,3557,197,225,253,85,253,141,263,3361,141,141,141,253,141,141,141,253,141,141,1,141,11,3557,151,3557,85,1,253,85,253,141,263,3361,141,141,141,253,141,141,141,253,141,141,1,141,11,3557,151,3557,85,253,85,253,
98f3d093-c485-44b8-ae70-fae80ab78e38	beatles	you_really_got_a_hold_on_me_ver3_crd_810221id_08042009date.htm	263,3445,4,1149,256,1152,1149,263,3445,4,1149,197,200,1075,3445,263,3445,3,
a8be8655-4d02-4d46-b539-4f7ec0863eec	beatles	i_wanna_be_your_man_ver2_crd.htm	1208,1149,4,1012,1208,1149,4,1068,1152,1149,256,1152,1152,1149,281,60,1208,1149,4,1208,1149,4,1068,1152,1152,1208,1149,256,1152,1152,1149,281,
7e44101a-de9f-4e43-ba94-9f7400fb6381	beatles	devil_in_her_heart_crd.htm	4176,1149,1,69,4176,1149,69,4176,1149,1,141,11,3557,1,141,11,3616,1152,1012,1217,4176,1149,69,4176,1149,1,141,11,3557,1,141,11,3616,1152,1012,1217,4176,1149,69,4176,1149,1,141,11,3557,1,141,11,3616,1152,1012,1217,4176,1149,69,4176,1149,1,69,4176,1149,69,4176,1149,1,6,
c63fb903-e2d6-44f2-a35f-374719e14a82	beatles	not_a_second_time_crd_788786id_09022009date.htm	263,3445,263,3641,141,200,1149,263,3445,263,3641,209,4176,1217,4101,4257,263,3511,3427,3448,1075,3513,4101,4257,263,3511,3427,3448,1075,3445,263,3445,263,3641,141,200,1149,263,3445,263,3641,209,4176,1217,4101,4257,263,3511,3427,3448,1075,3445,263,3445,263,3445,263,
376ed133-0170-4730-bf43-75a22903f4a1	beatles	money_crd_1050586id_26042011date.htm	1208,1152,1152,1208,1208,1292,1208,1208,1152,1208,1152,1152,1208,1208,1292,1208,1208,1152,1208,1152,1152,1208,1208,1292,1208,1208,1152,1208,1152,1012,1152,1208,1208,1292,1208,1208,1152,1292,1264,1292,1012,1292,
10b64e4f-fee5-48aa-b702-182f3885d4ff	beatles	a_hard_days_night_ver7_crd.htm	146,1823,869,57,67,3445,146,1877,283,729,1,146,1877,283,729,141,57,141,146,1877,1,146,1877,283,729,1,146,1877,283,729,141,57,141,146,1877,123,3511,3567,3585,263,3585,57,141,146,1877,283,729,1,146,1877,283,729,141,57,141,146,1877,141,57,141,146,1877,123,3511,3567,3585,263,3585,57,141,146,1877,283,729,1,146,1877,283,729,141,57,141,146,1877,1,146,1877,146,1823,
4ca9ea34-cdaf-4971-bef3-22a754210691	beatles	i_should_have_known_better_ver2_crd.htm	197,141,197,141,197,141,197,141,197,141,197,141,197,141,197,141,1,263,3585,57,141,197,141,197,141,197,141,197,141,197,141,197,141,197,67,3585,312,1159,3585,197,116,1159,3585,197,4,1149,57,141,263,3585,57,141,197,141,197,141,197,141,197,141,197,141,197,141,197,67,3585,57,141,197,141,197,141,197,141,197,141,197,141,197,141,197,67,3585,57,141,197,141,197,141,197,141,197,141,197,141,197,141,197,67,3585,312,1159,3585,197,116,1159,3585,197,4,1149,57,141,263,3585,57,141,197,141,197,141,197,141,197,141,
fad4456b-75e8-4cd4-9eb5-3ed27a855641	beatles	if_i_fell_ver6_crd.htm	3669,309,263,3511,3669,67,3501,141,67,3427,3651,3501,141,67,3427,3651,3501,141,67,3501,4,1149,67,3427,3651,3501,141,67,3427,3651,3501,146,1821,11,3557,200,1149,67,3427,3651,3501,141,67,3427,3651,3501,141,151,3501,57,151,3501,57,
f54cc9ef-038d-4dfd-ab49-1f17c7fd468c	beatles	im_happy_just_to_dance_with_you_crd.htm	3511,3417,151,3511,3417,123,3539,3417,291,3417,225,197,141,123,3651,3501,141,123,3651,3501,281,263,3641,263,3585,57,141,197,141,113,291,3501,141,113,291,3501,281,263,3641,113,29,57,67,3511,3417,151,3511,3417,151,3511,3417,29,57,141,197,141,123,3651,3501,141,123,3651,3501,281,263,3641,263,3585,57,67,3511,3417,151,3511,3417,151,3511,3417,29,57,141,197,141,123,3651,3501,141,123,3651,3501,281,263,3641,123,3389,57,67,3585,57,67,3511,3417,29,57,141,
62a3bc8d-6e9f-405e-a9a1-e54b9a75b09b	beatles	and_i_love_her_ver3_crd.htm	3641,67,3371,3567,3511,3567,3511,3567,3585,60,1149,67,3567,3511,3567,3511,3567,3585,60,1149,263,3641,67,3567,3511,3567,3448,1215,3567,3511,3567,3511,3567,3585,60,1149,95,3567,3511,3567,3585,60,1149,67,3371,3567,3511,3567,3511,3567,3585,60,1149,
ff074594-2005-4ad8-907e-bc7a64251490	beatles	tell_me_why_ver2_crd.htm	263,3511,3504,1149,200,1012,1149,263,3511,3504,1149,200,1012,1149,263,3511,3504,1149,263,3511,3504,1149,263,3511,3504,1149,200,1012,1149,263,3511,3504,1149,200,1012,1149,263,3511,3504,1149,263,3511,3504,1149,263,3511,3504,1149,200,1012,1149,263,3511,3504,1149,200,1012,1292,1068,1075,3511,3504,1149,200,1012,1149,263,3511,3504,1149,200,1012,1149,263,3511,3504,1149,153,4092,1149,
b006ddd5-1d86-4702-ba4a-94da577715a3	beatles	any_time_at_all_crd.htm	3445,197,281,215,6066,5835,3399,3420,1093,319,3445,197,67,3585,57,159,6049,18,5713,123,3511,3595,3557,197,141,123,3511,3595,3557,197,159,6049,18,5713,281,319,3445,197,67,3585,57,159,6049,18,5713,123,3511,3595,3557,197,141,123,3511,3595,3557,197,159,6049,18,5713,281,319,3445,197,67,3585,57,159,6049,18,5713,197,4,1009,4,1289,57,281,57,159,6049,18,5713,281,319,3445,197,67,3585,57,159,6049,18,5713,141,57,159,6049,18,5713,
e0f1c1ea-bde5-4ef3-a5fd-d77c832ac572	beatles	ill_cry_instead_crd.htm	1877,1,146,1877,146,1877,146,1877,146,1877,146,1877,146,1737,284,1205,197,141,123,3641,141,60,1152,1152,
e70960a8-7f22-44a6-bd38-28d9500232af	beatles	things_we_said_today_ver2_crd.htm	3371,3371,3569,4183,3371,3569,4183,3371,3569,4183,3371,3569,4183,3445,6,1821,141,319,3569,4183,3371,3569,4183,3371,3371,3569,4183,3371,3569,4183,3371,3569,4183,3371,3569,4183,3445,6,1821,141,319,3569,4183,3371,3569,4173,1,144,1264,1152,1149,144,1264,1320,1327,3569,4183,3371,3569,4183,3371,3569,4183,3371,3569,4183,3445,6,1821,141,319,3569,4183,3371,3569,4173,1,144,1264,1152,1149,144,1264,1320,1327,3569,4183,3371,3569,4183,3371,3569,4183,3371,3569,4183,3445,6,1821,141,319,3569,4183,3371,3569,4183,
22db612c-483a-4538-8748-beb799c30724	beatles	when_i_get_home_crd.htm	1152,1075,3644,1152,1152,1208,1152,1208,1152,1068,1208,1152,1075,3644,1152,1152,1208,1152,1208,1152,1068,1208,1152,1075,3445,263,3445,263,3585,60,1289,60,1075,3644,1152,1152,1208,1152,1208,1152,1068,1208,1152,1068,1152,1152,1149,
bf67c845-73c9-42ea-a559-68b6cb55aeae	beatles	you_cant_do_that_ver3_crd.htm	4,1009,4,1149,4,1205,197,4,1289,4,1205,197,141,4,1009,4,1149,4,1205,197,4,1289,4,1205,197,1,256,1159,3513,4099,3585,116,1159,3513,4099,3445,141,4,1009,4,1149,4,1205,197,4,1289,4,1205,197,
f4f7620c-7c03-43e8-970d-dc6719cd6084	beatles	ill_be_back_crd.htm	327,6329,1,1,75,6329,1,75,6329,67,3504,1215,3504,1215,3504,1215,3504,1215,3504,1215,3504,
9dc45152-b871-4334-920f-d0a505a0042e	beatles	no_reply_ver5_crd_889476id_05112009date.htm	57,141,141,57,141,263,3567,3393,1663,3389,57,141,141,57,141,141,57,141,263,3567,3393,1663,3389,57,141,1,113,141,151,3445,197,1,113,141,151,3445,197,141,57,141,141,57,141,263,3567,3393,1663,3389,57,141,253,207,3393,1567,
7efd3807-f0be-4574-9f98-9bdae5d89a6a	beatles	im_a_loser_ver2_crd_889487id_05112009date.htm	3501,207,3501,207,3589,1597,141,197,85,57,1,197,85,57,1,197,85,57,1,197,85,57,67,3501,207,3501,141,263,3511,3589,1597,141,197,85,57,1,197,85,57,1,197,85,57,1,197,85,57,1,197,85,57,67,3501,207,3501,141,263,3511,3585,253,141,197,85,57,1,197,85,57,1,197,85,57,1,197,85,57,
f7da7ad3-2443-4bbd-a43c-11d8cdd8a748	beatles	babys_in_black_ver2_crd.htm	200,1292,1068,1149,141,197,197,141,4,1149,197,200,1149,1,200,1292,1068,1149,141,197,197,141,4,1149,197,200,1149,265,4176,1093,60,1149,200,1292,1068,1149,141,197,197,141,197,284,1068,1149,141,197,265,4176,1093,60,1149,200,1292,1068,1149,141,197,197,141,4,1149,197,200,1149,1,200,1292,1068,1149,144,1205,
d1417453-c2c5-4799-b4e2-a0535bbadba5	beatles	rock_and_roll_music_crd.htm	1233,256,1012,1208,1152,1208,1152,1093,116,1152,1152,1068,1012,1233,256,1012,1208,1152,1208,1152,1093,116,1152,1152,1068,1012,1233,256,1012,1208,1152,1208,1152,1093,116,1152,1152,1068,1012,1233,256,1012,1208,1152,1208,1152,1093,116,1152,1152,1068,1012,1233,256,1012,1208,1152,1208,1152,
941821ea-fd38-427b-9600-d804ece380b8	beatles	ill_follow_the_sun_ver2_crd.htm	141,197,197,281,197,57,281,123,3641,141,141,141,197,197,281,197,57,281,123,3641,141,141,4,1075,3455,3557,4,1075,3455,3557,67,3501,281,197,57,281,123,3641,141,141,141,197,197,281,197,57,281,123,3641,141,141,4,1075,3455,3557,4,1075,3455,3557,67,3501,281,197,57,281,123,3641,141,141,141,197,
337c6b83-dca0-4e60-9470-275d7d2f3b99	beatles	mr_moonlight_crd.htm	141,197,263,3585,197,141,197,253,141,141,141,1,1,1,1,141,197,253,141,141,141,141,197,253,141,141,141,1,1,1,1,1,1,141,197,253,141,141,141,
7f421f1c-b787-4562-8ed2-cf257eb8b64c	beatles	kansas_city_hey_hey_hey_crd_1047217id_15042011date.htm	141,197,141,57,141,1,1,141,1,197,197,281,197,141,57,141,1,1,141,1,197,197,281,197,141,57,141,1,1,141,1,197,197,281,197,141,57,141,1,1,141,1,197,197,281,197,141,57,141,1,1,1,141,197,197,281,197,1,1,
668aacd9-c6bf-434e-b415-12f7360f16ed	beatles	eight_days_a_week_ver3_crd_848333id_15072009date.htm	57,85,197,1,57,85,197,1,57,85,197,263,3585,123,3501,281,57,85,197,1,57,85,197,1,57,85,197,263,3585,123,3501,281,57,85,197,197,67,3641,197,85,197,1,57,85,197,1,57,281,1,263,3585,123,3501,281,57,85,197,197,67,3641,197,85,197,1,57,85,197,1,57,85,197,263,3585,123,3501,281,57,85,197,141,197,141,197,1,57,85,197,
fba6f1c5-0da0-4c7e-8f0b-8952ba152c28	beatles	words_of_love_crd.htm	141,57,141,141,57,141,141,57,141,141,57,141,141,57,141,141,57,141,141,57,141,141,57,141,141,57,141,141,57,141,141,57,141,141,57,141,141,57,141,141,57,141,141,57,141,141,57,141,141,57,141,141,57,141,141,57,141,141,57,
83167b03-6a6c-49bd-b9ca-b305743494f6	beatles	honey_dont_crd.htm	1,169,169,1,1,225,113,225,312,1292,1205,1,225,113,225,256,1205,200,1292,1205,1,225,113,225,312,1149,144,1205,200,1292,1205,1,225,113,225,256,1205,200,1292,1205,1,225,113,225,312,1149,200,1292,1205,
cf919689-7338-446a-929a-fae66170529e	dishwalla	every_little_thing_crd.htm	197,67,3585,197,1,197,67,3371,3585,1,57,281,197,1,197,67,3585,197,197,67,3585,197,1,197,67,3585,197,197,67,3585,57,281,197,197,67,3585,197,1,197,67,3585,1,123,3585,123,3445,263,3585,123,3641,281,57,67,3585,197,197,67,3585,197,197,67,3585,197,197,67,3585,197,197,67,3371,3585,
146d871e-2fb8-4fa7-9897-2fcb78276667	beatles	i_dont_want_to_spoil_the_party_ver2_crd.htm	197,67,3560,1299,3501,141,281,57,1,197,67,3560,1299,3501,141,281,57,1,263,3501,85,57,141,263,3501,85,57,
99807972-460a-40fd-a9ab-7491b2b6bf52	beatles	what_youre_doing_ver2_crd_890203id_07112009date.htm	141,197,141,123,3585,197,141,197,141,197,141,123,3585,197,141,1,123,3585,123,3511,3501,141,141,197,141,123,3585,197,141,197,141,197,141,123,3585,197,1,141,197,141,123,3585,197,141,197,141,197,141,197,141,197,141,
0741357e-dbb2-424b-ab7b-532aac30167f	beatles	everybodys_trying_to_be_my_baby_ver2_crd_984159id_02092010date.htm	4,1149,60,1149,1,1,1,1,141,197,200,1289,197,1,1,1,1,1,141,197,200,1289,197,1,141,197,200,1289,197,1,1,1,1,1,141,197,200,1289,197,1,141,197,200,1289,197,1,141,197,200,1289,197,1,1,1,1,1,141,197,200,1289,197,1,1,1,1,1,141,197,200,1289,197,1,4,
b4de302d-1641-46ac-b971-9c0c2bd263e9	beatles	help_crd.htm	3371,3585,1,253,141,1,123,3511,3585,141,57,123,3511,3585,141,57,67,3371,3585,1,253,141,123,3511,3585,141,57,123,3511,3585,141,57,67,3371,3585,1,253,141,1,123,3511,3585,141,57,123,3511,3585,141,57,67,3371,3585,1,253,141,263,3445,3,675,879,3585,256,1289,1,123,3511,3585,141,57,123,3511,3585,141,57,67,3585,256,1149,123,3511,3585,141,57,123,3511,3585,141,57,67,3585,256,1149,1,123,3511,3585,141,57,123,3511,3585,141,57,67,3585,256,1149,263,3445,263,
458acf7b-6f0c-4884-9211-b3266ec7a439	beatles	the_night_before_crd.htm	85,60,1068,1149,281,197,57,141,281,197,57,67,3596,3819,3596,3893,144,1205,85,57,197,281,197,57,141,281,197,57,67,3596,3819,3596,3893,144,1205,207,3504,1149,141,197,123,3504,1152,1149,281,197,57,141,281,197,57,67,3596,3819,3596,3893,144,1205,85,57,197,281,197,57,141,281,197,57,67,3596,3819,3596,3893,144,1205,207,3504,1149,141,197,123,3504,1152,1149,281,197,57,141,281,197,57,67,3596,3819,3596,3893,144,1205,85,256,1009,
c0c8a3b6-6b4e-48cf-a9cb-a54ff7438aa2	beatles	youve_got_to_hide_your_love_away_crd.htm	197,85,57,141,141,197,197,197,85,57,141,141,197,57,141,197,85,57,141,141,197,197,197,85,57,141,141,197,57,141,141,75,6049,3,673,141,197,85,57,141,141,197,197,197,85,57,141,141,197,57,141,197,85,57,141,141,197,197,197,85,57,141,141,197,57,141,141,75,6049,3,673,141,197,85,57,141,141,197,197,197,85,57,141,141,197,57,141,197,85,57,141,141,57,197,85,57,141,141,197,57,1,281,57,1,141,141,75,6049,1,57,281,141,141,75,6049,1,57,281,141,197,85,57,141,141,197,197,197,85,57,141,141,197,57,141,197,85,57,141,141,197,197,197,85,57,141,141,197,57,1,281,57,1,
fc2d213c-73c3-4971-8d8d-3809cb599fe3	beatles	i_need_you_ver2_crd_891137id_09112009date.htm	27,8755,6049,1,141,197,27,8755,6049,1,141,197,4,1027,6049,263,3567,3511,3511,3641,27,8755,6049,1,141,197,27,8755,6049,1,141,197,4,1027,6049,263,3567,3511,3511,3641,27,8755,6049,1,141,57,141,1,141,57,200,1149,141,141,197,27,8755,6049,1,141,197,4,1027,6049,263,3567,3511,3511,3641,27,8755,6049,263,3589,1541,27,8755,6049,
09dde99f-e0a9-4886-adb1-e85ec2e1dd07	beatles	another_girl_crd.htm	141,197,141,197,281,57,141,197,281,57,141,57,141,141,197,141,197,281,57,141,197,281,57,141,57,141,141,197,141,281,197,141,197,141,197,60,1205,141,281,57,141,197,281,57,141,57,141,141,197,141,197,141,197,
eef6ec17-110c-48df-b870-b48d940e343c	beatles	youre_going_to_lose_that_girl_crd_836148id_12062009date.htm	263,3511,3501,141,123,3651,3501,141,123,3651,3501,141,263,3511,3501,141,123,3651,3501,141,123,3651,3501,141,263,3511,3501,1,207,3585,141,141,197,1,141,141,309,263,3511,3501,1,207,3585,141,141,197,1,141,141,309,123,3651,3501,141,123,3651,3501,141,263,3511,3501,1,207,3585,57,
3ca6598e-5281-4e1d-9d9b-4dbbfda2bc0a	beatles	ticket_to_ride_crd.htm	67,3501,67,3585,123,3393,1663,3641,141,141,57,281,57,141,
44f033a8-ce02-42bc-974a-8a9d9851e54c	beatles	act_naturally_crd_816028id_22042009date.htm	1149,1,141,197,200,1149,141,60,1149,200,1149,200,1149,200,1149,60,1152,1149,141,197,200,1149,141,60,1149,200,1149,200,1149,1,141,197,200,1149,141,60,1149,200,1149,200,1149,200,1149,60,1152,1149,141,197,200,1149,141,60,1149,200,1149,
de858d6c-e13a-4d45-a3f6-74e174bd3043	beatles	its_only_love_ver2_crd.htm	141,263,3445,123,3529,197,57,4,1009,1,141,123,3529,197,57,4,1009,1,281,57,141,263,3389,253,85,253,281,57,281,57,141,263,3445,263,
c8b1af5f-f175-42c2-a8ed-8a17113b95e0	beatles	you_like_me_too_much_crd.htm	1149,85,1,116,1149,67,3445,197,67,3445,197,125,4120,1149,141,60,1215,3445,197,67,3445,197,125,4120,1149,141,60,1149,1,265,4176,1075,3641,209,4176,1012,1152,1215,3445,197,67,3445,197,125,4120,1149,141,60,1149,141,60,1149,1,265,4176,1075,3641,209,4176,1012,1152,1215,3445,197,67,3445,197,125,4120,1149,141,60,1149,141,60,1012,1149,85,1,116,1149,253,
3be22ec8-6fb2-4172-9565-e0cf2d3cab64	beatles	tell_me_what_you_see_ver3_crd_998623id_25102010date.htm	141,197,141,197,1,141,197,141,57,141,141,197,141,57,141,141,197,141,57,141,1,141,197,141,197,1,141,197,141,57,141,141,197,141,57,141,141,197,141,57,141,4,1149,197,141,197,141,197,1,141,197,141,57,141,141,197,141,57,141,141,197,141,57,141,4,1149,197,141,197,141,197,1,141,197,141,57,141,141,197,141,57,141,141,197,141,57,141,4,1149,
ac8eef82-d22c-4c6a-8671-1b64706817fc	beatles	ive_just_seen_a_face_crd.htm	263,3585,57,141,197,281,197,141,197,
6afc47f2-d966-4f2f-a0d6-5a3289cf2cef	beatles	yesterday_ver3_crd_843697id_02072009date.htm	321,4176,1159,3373,4257,57,4,1149,197,69,4176,1093,197,1,321,4176,1159,3373,4257,57,4,1149,197,69,4176,1093,197,116,1012,1159,3641,281,123,3641,4,1149,116,1012,1159,3641,281,123,3641,4,1149,1,321,4176,1159,3373,4257,57,4,1149,197,69,4176,1093,197,116,1012,1159,3641,281,123,3641,4,1149,116,1012,1159,3641,281,123,3641,4,1149,1,321,4176,1159,3373,4257,57,4,1149,197,69,4176,1093,197,263,3504,1093,197,
f4a62cef-5414-491c-a1c6-87aaf0d9e8ef	beatles	dizzy_miss_lizzy_crd.htm	141,197,200,1289,197,200,1149,141,197,200,1289,197,200,1149,141,197,200,1289,197,200,1149,141,197,200,1289,197,200,1149,141,197,200,1289,197,200,1149,141,197,200,1289,197,200,1149,141,197,200,1289,197,200,1149,141,197,200,1289,197,3,
