1:e4d3923c-4f3a-4e1a-91b5-654248c0f746	bruno_mars	grenade_crd_993953id_08102010date.htm	3371,3567,3371,3511,3371,3567,3361,151,3567,3511,3585,309,151,3585,197,197,67,3585,197,197,67,3585,197,197,67,3585,197,197,1,281,57,141,113,151,3641,1,281,309,151,3371,3567,3371,3511,3567,3511,3567,3361,151,3567,3511,3585,309,151,3585,197,197,67,3585,197,197,67,3585,197,197,67,3585,197,197,1,281,57,141,113,151,3641,1,281,309,291,3567,3511,3417,151,3371,3585,309,151,3585,197,197,67,3585,197,197,67,3585,197,197,67,3585,197,197,1,281,57,141,113,151,3641,1,281,309,151,3371,3567,3371,3511,3371,3567,3371,
3:04e7e595-8b49-45c8-bed4-0d45e9f7296c	jason_mraz	im_yours_ver3_crd.htm	197,67,3585,197,197,67,3585,197,197,67,3585,197,197,67,3585,197,197,67,3585,11,3557,197,67,3585,197,197,67,3585,197,197,67,3585,197,197,67,3585,197,197,67,3585,197,197,67,3585,197,197,67,3585,197,197,67,3585,
7:3095a555-3191-4c68-8c98-ff7487268c09	adele	someone_like_you_crd.htm	1,123,3445,1,197,207,3427,3585,1,263,3585,197,1,263,3585,197,1,263,3585,197,1,263,3585,57,67,3585,57,67,3585,1,1,197,197,67,3585,197,197,67,3585,197,197,67,3585,197,197,67,3585,197,197,67,3585,197,1,263,3585,197,1,263,3585,57,67,3585,1,57,67,3585,1,1,197,197,67,3585,197,197,67,3585,197,197,67,3585,197,197,67,3585,57,67,3585,263,3427,3389,197,197,67,3585,197,197,67,3585,197,197,67,3585,197,197,67,3585,197,197,67,3585,197,197,67,3585,197,197,67,3585,197,197,67,3585,197,197,67,3585,197,197,67,3585,
8:45e87aa3-4410-4589-8aba-081ba7c8757e	train	hey_soul_sister_ver2_crd.htm	197,67,3585,197,197,67,3585,197,197,67,3585,57,141,197,67,3585,197,197,67,3585,57,281,57,141,197,281,57,141,197,281,57,141,197,281,57,141,197,67,3585,197,197,67,3585,197,197,67,3585,57,141,197,67,3585,197,197,67,3585,57,281,57,141,197,281,57,141,197,281,57,141,197,281,57,141,197,67,3585,197,197,67,3585,57,281,57,141,197,281,57,141,197,281,57,141,197,281,57,141,197,281,57,141,197,281,57,141,197,67,3585,57,141,197,67,3585,57,141,
13:1f88bb0a-1802-4dfa-809a-c5806a5ff42a	pink	fuckin_perfect_crd.htm	197,67,3585,197,197,67,3585,197,197,67,3585,197,197,67,3585,197,197,67,3585,197,197,67,3585,197,197,67,3585,197,197,67,3585,197,197,67,3585,197,197,67,3585,197,197,67,3585,197,197,67,3585,197,197,67,3585,197,197,67,3585,1,197,197,67,3585,197,197,67,3585,197,197,67,3585,197,197,67,3585,197,197,67,3585,197,
15:0bef4b77-4bfc-41fd-90fa-17b17c885a12	green_day	21_guns_ver3_crd.htm	3445,151,3417,253,85,1,141,253,225,169,291,3585,197,197,67,3585,197,197,67,3585,197,197,67,3585,197,197,281,57,67,3585,197,197,67,3585,197,197,67,3585,197,197,281,57,141,197,57,281,281,197,197,141,197,57,281,281,197,197,281,197,197,67,3585,197,197,67,3585,197,197,67,3585,197,197,281,57,67,3585,197,197,67,3585,197,197,67,3585,197,197,281,57,141,197,57,281,281,197,197,141,197,57,281,281,197,197,281,197,197,67,3585,197,197,67,3585,197,113,151,3585,197,113,39,3417,141,197,57,281,281,197,197,281,197,309,291,3585,197,197,67,3585,197,197,67,3585,197,197,67,3585,197,197,281,57,141,197,57,281,281,197,197,141,197,57,281,281,197,197,141,197,57,281,281,197,197,141,197,57,281,281,197,197,281,197,197,
17:290a7182-f973-47f6-911c-158b69a4a179	mumford_and_sons	the_cave_ver3_crd.htm	3445,263,3445,263,3445,197,141,263,3445,263,3445,263,3445,197,141,1,141,197,1,141,197,141,197,197,67,3585,197,263,3585,197,141,197,197,67,3445,263,3445,263,3371,3641,141,263,3445,263,3445,263,3445,197,141,1,141,197,1,141,197,141,197,197,67,3585,197,263,3585,197,141,197,197,67,3445,263,3445,263,3445,197,141,1,141,197,1,141,197,141,197,197,67,3585,197,263,3585,197,141,197,197,141,141,197,1,141,197,141,197,197,67,3585,197,263,3585,197,141,197,197,
21:e8915d62-4ab4-40b1-b278-864c3d3e5a9c	red_hot_chili_peppers	under_the_bridge_ver3_crd.htm	197,67,3567,3389,197,67,3501,291,3641,281,197,113,197,67,3567,3389,197,197,67,3585,197,197,67,3567,3389,197,197,67,3585,197,1,197,67,3567,3389,197,197,67,3585,197,197,67,3567,3389,197,197,67,3585,197,67,3641,197,207,3371,3641,197,207,3371,3641,197,207,3371,3641,197,207,3641,197,67,3567,3389,197,197,67,3585,197,197,67,3567,3389,197,197,67,3585,197,197,67,3567,3389,197,197,67,3585,197,67,3641,197,207,3371,3641,197,207,3371,3641,197,207,3371,3641,197,207,3445,11,3641,281,113,11,3641,281,113,11,3641,281,113,11,3641,281,113,11,3641,281,113,11,3641,281,113,11,3641,281,113,11,3641,281,113,11,3641,281,113,11,3641,281,113,11,3641,281,113,85,197,281,113,
22:cdef93d0-7d3d-4010-bf33-c3623239e062	taylor_swift	back_to_december_crd.htm	263,3585,57,85,263,3585,57,197,263,3585,197,263,3585,197,197,141,263,3585,197,197,67,3641,141,141,123,3641,281,197,123,3389,197,197,141,1,123,3389,197,197,281,123,3641,141,263,3585,197,263,3585,197,197,141,263,3585,197,197,67,3641,141,141,123,3641,281,197,123,3389,197,197,141,1,123,3389,197,197,281,123,3641,141,263,3585,123,3585,197,197,67,3585,197,197,67,3585,197,1,197,67,3641,281,123,3641,281,197,123,3389,197,197,141,1,123,3389,197,197,281,197,197,281,123,3641,141,263,3585,197,263,3585,
24:f38615c8-d8f2-4c29-8e89-0ae5748426d0	the_script	breakeven_crd.htm	197,197,67,3371,3641,141,67,3567,3641,141,67,3567,3641,141,67,3567,3641,141,67,3567,3641,141,67,3567,3641,141,67,3567,3641,141,67,3567,3641,141,67,3567,3641,141,67,3445,197,197,67,3585,197,197,67,3585,197,197,67,3585,197,197,67,3371,3641,141,67,3567,3641,141,67,3567,3641,141,67,3567,3641,141,67,3567,3641,141,67,3445,197,197,67,3585,197,197,67,3585,197,197,67,3585,197,197,67,3585,197,197,67,3585,197,197,67,3371,3641,141,67,3567,3641,141,67,3567,3641,141,67,3567,3641,141,67,3567,3641,141,67,3567,3641,141,67,3567,3641,141,67,3445,1,197,197,67,3585,197,197,67,3585,197,197,67,3585,197,197,67,3585,197,197,67,3585,197,197,67,3585,197,197,67,3585,197,197,67,3585,197,197,67,3585,197,197,67,3585,197,197,67,
28:e881ef5e-fbab-499a-8cb2-ae270ee77f57	mumford_and_sons	little_lion_man_crd.htm	3445,263,3445,263,3445,197,281,1,197,197,281,1,197,263,3585,197,263,3585,197,263,3585,197,197,67,3371,3445,263,3445,263,3445,197,281,1,197,197,281,1,197,263,3585,197,263,3585,197,263,3585,197,197,67,3585,197,263,3585,197,263,3585,197,197,67,3371,3445,197,141,141,123,3445,263,3585,197,263,3585,197,197,67,3445,
31:0eb39781-1d37-4512-b570-7f9f400a17c1	taylor_swift	love_story_crd.htm	197,67,3585,197,141,123,3585,197,141,123,3641,281,57,67,3445,141,57,67,3445,1,197,67,3585,57,141,1,141,123,3641,281,57,67,3445,141,57,67,3445,1,197,67,3585,57,141,1,197,67,3585,57,141,197,67,3585,123,3585,197,197,67,3585,197,197,141,197,67,3585,57,197,197,67,3585,57,141,1,197,67,3585,197,
37:d09950bd-f8a9-4ff8-9912-589a278887f3	death_cab_for_cutie	i_will_follow_you_into_the_dark_crd.htm	291,3445,141,197,197,67,3445,197,67,3445,113,151,3641,281,11,3557,1,197,281,197,197,281,197,197,67,3445,141,197,197,67,3445,197,67,3445,113,151,3641,281,11,3557,1,197,67,3557,29,197,197,141,197,67,3585,197,197,67,3445,141,197,197,67,3445,197,67,3445,113,151,3641,281,11,3557,1,197,141,263,3585,197,197,141,263,3585,197,197,67,3595,3483,3445,141,197,197,67,3445,197,67,3445,113,151,3641,281,11,3557,263,3361,
38:5f5cfd31-9307-4a06-8e72-dd5e8d2759be	israel_kamakawiwoole	somewhere_over_the_rainbow_what_a_wonderful_world_ver2_crd.htm	197,67,3585,57,263,3389,123,3371,3445,197,141,197,67,3585,197,197,67,3585,197,197,281,197,141,319,3511,3585,197,197,281,123,3585,197,197,67,3585,197,197,281,123,3585,197,197,67,3585,197,197,67,3585,197,197,67,3585,197,197,281,123,3585,197,197,67,3585,197,197,281,123,3585,197,197,67,3585,57,67,3585,197,197,281,123,3585,197,197,67,3585,57,141,141,197,197,67,3641,67,3585,123,3585,123,3585,123,3585,57,141,197,281,123,3585,197,197,67,3585,57,67,3585,197,197,67,3585,197,197,67,3585,197,197,281,123,3585,197,197,67,3585,197,197,281,197,141,319,3511,3585,253,1,1,1,1,1,1,1,
45:2192d8ec-b4a2-4461-baac-87887d919b7e	journey	dont_stop_believing_ver2_crd.htm	197,67,3585,197,197,263,3389,197,197,67,3585,197,197,263,3389,197,197,67,3585,197,197,263,3389,1,197,141,197,141,197,141,197,1,197,67,3585,197,197,263,3389,197,197,67,3585,197,197,263,3389,1,197,141,197,141,197,141,197,1,197,67,3585,197,197,263,3585,197,67,3585,197,197,263,3585,197,67,3585,197,197,263,
47:75443a0b-ab65-4ea4-8c84-0a02a4633daa	johnny_cash	hurt_ver3_crd.htm	3445,57,85,57,67,3445,57,207,3445,57,207,3445,57,207,3445,57,207,3445,57,207,3445,57,207,3445,57,207,3445,57,141,67,3585,197,197,67,3585,197,197,67,3585,197,197,67,3585,57,67,3371,3445,57,207,3445,57,207,3445,57,207,3445,57,207,3445,57,207,3445,57,207,3445,57,207,3445,57,141,67,3585,197,197,67,3585,197,197,67,3585,197,197,67,3585,197,197,141,57,207,3445,57,207,3445,57,207,3445,57,207,
50:46d68f87-e898-4d30-91ec-aa535c09ac95	maroon_5	she_will_be_loved_crd.htm	3641,141,141,123,3641,67,3641,67,3641,67,3641,67,3641,67,3641,67,3641,67,3641,141,197,67,3585,197,197,67,3585,197,197,67,3585,
53:a2d4999f-ea3d-4a68-971c-936f272c07b7	green_day	boulevard_of_broken_dreams_acoustic_ver3_crd.htm	3445,197,197,207,3445,197,197,207,3445,197,197,207,3371,3445,197,197,207,3445,197,197,207,3445,197,197,207,3445,197,197,207,3445,197,197,85,197,197,67,3585,197,197,67,3585,197,197,67,3585,197,113,151,3445,197,197,207,3445,197,197,207,3445,197,197,207,3445,197,197,207,3371,3445,197,197,207,3445,197,197,207,3445,197,197,207,3445,197,197,207,3445,197,197,85,197,197,67,3585,197,197,67,3585,197,197,67,3585,197,113,151,3445,197,197,207,3445,197,197,85,197,197,67,3585,197,113,151,3445,197,197,207,3445,197,197,225,225,57,309,169,225,29,225,57,309,169,225,29,225,57,309,169,225,
57:6808de1a-304a-4265-a083-f5553ea5d969	the_red_jumpsuit_apparatus	your_guardian_angel_ver2_crd.htm	67,3585,57,141,197,67,3585,57,141,197,67,3585,197,197,67,3585,197,197,67,3585,197,197,67,3585,197,197,67,3585,197,197,67,3585,197,197,67,3585,197,197,67,3585,197,197,67,3585,197,197,67,3585,197,197,67,3585,197,197,67,3585,57,141,197,67,3585,57,141,197,67,3585,57,141,197,67,3585,197,197,67,3585,197,197,67,3585,197,197,67,3585,
58:070202f1-368a-4eaf-afb8-02b6934bf3bc	rise_against	hero_of_war_ver4_crd.htm	141,57,263,3511,3445,123,3389,197,141,197,197,141,123,3389,197,141,197,197,67,3585,197,197,67,3585,197,197,141,123,3389,197,141,197,197,141,123,3389,197,141,197,197,67,3585,197,197,67,3585,197,197,141,123,3389,197,141,197,197,141,123,3389,197,141,197,197,67,3585,197,197,67,3585,197,197,141,123,3389,197,
60:cc6559ab-c8f3-4248-b70a-2e69aea52ff1	red_hot_chili_peppers	snow_hey_oh_ver3_crd.htm	3585,197,197,67,3585,197,197,67,3585,197,197,67,3585,197,197,67,3585,197,197,67,3585,197,197,67,3585,197,197,67,3585,197,197,281,123,3585,197,197,207,3641,197,207,3641,197,207,3641,197,207,
67:ba4aa81a-b2e1-4070-bfa5-f47893660b0c	dixie_chicks	landslide_ver3_crd.htm	3501,281,197,67,3641,141,197,67,3641,141,197,67,3641,141,197,67,3641,141,197,67,3641,141,197,67,3641,141,197,67,3641,141,197,67,3641,141,197,67,3641,141,197,67,3641,141,197,67,3641,141,197,67,3501,141,197,67,3585,197,67,3501,141,197,67,3585,197,67,3641,1,141,197,67,3641,141,197,67,3641,141,197,67,3641,141,197,67,3501,141,197,67,3585,197,67,3501,141,197,67,3585,197,67,3641,141,197,67,3641,141,197,67,3641,141,197,67,3641,141,197,67,3641,141,197,67,3641,141,197,67,3641,141,197,67,3641,141,197,67,3641,141,197,67,3641,141,197,67,
71:de64286f-0798-432b-b9b6-dbafa71da6a2	a_day_to_remember	if_it_means_a_lot_to_you_ver2_crd.htm	3445,197,67,3445,197,67,3445,197,67,3445,197,141,197,67,3585,197,197,67,3613,29,141,197,67,3613,29,67,3445,197,67,3445,197,67,3445,197,67,3445,197,141,197,67,3585,197,197,141,1,197,67,3613,29,141,197,67,3613,29,67,3641,141,1,263,3371,3641,1,67,3641,1,67,3641,1,141,197,67,3445,197,67,3445,197,67,
73:8092e07b-f953-487c-aac9-5e555ddbf723	miley_cyrus	when_i_look_at_you_ver2_crd.htm	263,3641,281,319,3511,3445,197,281,123,3445,197,281,123,3445,197,281,319,3389,197,197,141,197,67,3585,197,197,67,3585,197,197,67,3585,197,197,67,3585,123,3445,197,281,123,3445,197,281,319,3389,197,197,141,197,67,3585,197,197,67,3585,197,197,67,3585,197,197,67,3585,197,141,57,67,3445,141,57,67,3445,141,57,67,3445,197,141,197,67,3585,197,197,67,3585,197,197,67,3585,197,197,67,3585,197,141,57,281,
78:37c18bdf-64b3-4e2e-a457-d1b78e7f4b1d	secondhand_serenade	fall_for_you_crd.htm	3445,141,57,67,3585,197,197,67,3585,197,197,281,57,141,263,3585,57,141,263,3585,57,67,3585,197,197,67,3585,197,197,67,3585,197,197,281,57,141,263,3585,57,141,263,3585,57,67,3585,197,197,67,3585,197,197,67,3585,197,197,281,197,263,3585,57,141,263,3585,57,141,263,3585,57,141,263,3585,57,141,
81:b2b2071d-9298-4742-8428-a5050d445a32	cranberries	zombie_ver4_crd.htm	3585,197,197,67,3585,197,197,67,3585,197,197,67,3585,197,197,67,3585,197,197,67,3585,197,197,67,3585,197,197,67,3585,197,197,67,3585,197,197,67,3585,197,197,67,3585,197,197,67,3585,197,197,67,3585,197,197,67,3585,197,197,
84:d0679e44-0187-47e0-8b2b-593b2c21a902	nelly	just_a_dream_ver5_crd.htm	3585,197,197,67,3585,197,197,67,3585,197,197,67,3585,197,197,67,3585,197,197,67,3585,197,197,67,3585,197,197,67,3585,197,197,67,3585,197,197,67,3585,197,197,67,3585,197,197,67,3585,197,197,67,3585,197,197,67,3585,197,197,67,3585,197,197,67,3585,197,197,67,3585,197,197,67,3585,197,197,
87:a2097efd-b377-4c1d-9eb2-8084a0b22759	taylor_swift	teardrops_on_my_guitar_crd.htm	197,67,3585,197,197,67,3585,197,197,67,3585,197,263,3585,57,141,263,3585,57,67,3585,197,197,141,263,3585,57,141,263,3585,57,67,3585,197,197,141,197,67,3585,197,197,67,3585,197,263,3585,57,141,263,3585,57,67,3585,197,197,141,197,67,3585,197,197,67,3585,123,3585,197,197,141,197,67,3585,197,197,67,3585,197,197,67,3585,197,263,3585,57,141,
95:f113e035-a31f-41f6-a77e-07c95f2c1f62	the_script	for_the_first_time_ver2_crd.htm	197,67,3585,197,197,67,3585,123,3585,197,197,67,3585,197,197,141,197,67,3585,197,197,67,3585,123,3585,197,197,67,3585,197,197,141,197,67,3585,123,3585,197,197,67,3585,197,197,141,197,67,3585,197,197,67,3585,197,
96:27615cd3-70e6-42ab-880b-5dad5f54dbc0	taylor_swift	mine_ver6_crd.htm	197,263,3641,281,123,3641,281,197,197,67,3445,141,197,197,67,3585,197,197,281,197,197,67,3585,197,197,281,197,197,67,3585,197,197,281,197,197,281,197,197,281,197,197,281,197,197,281,197,197,67,3641,281,197,197,67,3641,281,1,197,197,67,3585,197,197,281,197,197,67,3585,197,197,281,197,197,281,197,197,281,197,197,281,197,197,281,197,197,67,3641,281,197,197,67,3641,281,197,197,67,3641,281,197,197,67,3641,281,197,197,67,3585,197,197,67,3585,57,67,3585,57,281,197,197,281,197,197,281,197,197,281,197,197,281,1,197,197,67,3641,281,197,197,281,197,197,67,3641,281,197,197,281,197,197,281,197,197,281,197,197,281,197,197,
99:48eb3a47-3654-4a17-831d-cf4c9d776b06	linkin_park	numb_acoustic_crd.htm	3585,197,197,67,3585,197,197,67,3585,197,197,281,57,67,3445,141,57,67,3585,197,197,67,3585,197,197,67,3585,197,197,67,3585,197,197,281,57,67,3445,141,57,67,3445,197,67,3585,197,197,67,3585,197,197,67,3641,67,3445,263,3641,281,57,253,151,3585,197,197,67,3585,197,197,67,3585,197,197,67,3585,197,197,67,3585,197,197,
109:53435671-f292-484d-8745-1b7d8e29c61b	neon_trees	animal_ver6_crd.htm	197,281,57,281,197,197,281,57,281,197,197,281,197,123,3389,57,141,1,197,281,57,281,197,197,281,57,141,197,281,197,123,3389,57,281,1,57,281,197,197,281,197,197,67,3371,3445,197,281,197,1,1,197,67,3585,197,197,141,123,3389,57,141,
113:1305b752-0d60-45ec-a936-17d0dfb02609	avenged_sevenfold	afterlife_crd.htm	3455,3623,3455,3623,3455,3623,3455,3623,3641,67,3641,67,3641,281,309,151,3445,141,123,3445,141,57,141,1,197,67,3585,197,1,197,67,3585,123,3455,3623,3455,3623,3455,3623,3455,3623,3641,67,3641,67,3641,281,309,151,3445,141,123,3445,141,57,141,197,67,3585,197,197,67,3585,197,197,67,3585,197,197,67,3585,123,3445,197,67,3585,197,197,67,3585,197,197,67,3585,197,197,67,3585,123,
114:ffa767df-9af1-4e67-a58d-77ab4049e436	rihanna	umbrella_ver5_crd.htm	197,113,151,3585,197,113,151,3585,1,197,197,67,3585,197,197,67,3585,57,253,151,3585,57,253,151,3585,197,113,151,3585,197,113,151,3585,141,197,197,281,197,309,29,1,57,253,151,3585,57,253,151,3585,197,113,151,3585,57,253,151,3585,57,253,151,3585,57,253,151,
121:8a4f856d-db7a-497a-9a79-a89fb3a12a75	red_hot_chili_peppers	otherside_crd.htm	3585,197,197,67,3585,197,197,67,3585,197,197,67,3567,3511,3567,3511,3567,3445,67,3371,3567,3511,3567,3511,3567,3445,67,3641,67,3641,67,3371,3567,3511,3567,3511,3567,3445,67,3371,3567,3511,3567,3511,3567,3445,67,3641,67,3641,67,3567,3585,123,3585,123,3585,263,3585,197,197,67,3585,197,197,67,3585,197,197,67,
124:9f40e1a7-df98-4f19-8be9-df7744c8d16a	avenged_sevenfold	seize_the_day_ver2_crd.htm	3445,57,281,141,57,67,3501,141,141,197,67,3501,141,141,263,3501,281,197,67,3501,281,197,67,3501,281,197,67,3501,281,197,197,141,141,197,67,3585,123,3445,57,281,141,57,67,3371,3501,281,197,67,3501,281,197,67,3501,281,197,67,3501,281,197,197,141,141,197,67,3585,123,3445,57,281,141,57,67,3371,3445,57,281,141,57,67,3445,197,67,3585,197,197,67,3585,197,197,281,123,3445,57,281,141,57,67,3371,3445,57,281,141,57,67,3501,281,123,3389,253,281,123,3389,
127:b93e6901-231c-4be7-8ff8-020df87fc614	james_blunt	stay_the_night_ver2_crd.htm	197,67,3585,197,197,67,3585,57,67,3585,197,197,1,67,3585,197,197,207,3445,263,3445,57,141,197,67,3585,197,197,67,3585,197,197,67,3585,197,197,67,3585,263,3445,197,197,67,3641,207,3445,197,197,67,3641,207,3445,197,197,67,3641,281,57,141,197,67,3585,197,197,67,3585,197,
128:e7c5e486-7d2a-43d8-94dd-e7c990475a28	onerepublic	apologize_crd.htm	3585,197,197,67,3585,197,197,67,3585,197,197,67,3585,197,197,67,3585,197,197,67,3585,197,197,
137:149d3076-14dc-4649-a09b-a533d9403651	secondhand_serenade	your_call_crd.htm	57,67,3585,57,67,3585,57,67,3585,57,67,3585,57,67,3585,123,3585,57,67,3445,197,67,3585,197,197,67,3585,1,1,57,67,3585,57,67,3585,57,67,3585,57,67,3585,57,67,3641,67,3445,197,67,3585,197,197,67,3585,1,123,3641,281,57,1,281,57,141,197,67,3585,197,197,67,3585,197,197,67,3585,197,197,67,
138:6caed3b4-3968-4999-a627-54ce919ed4ef	all_time_low	remembering_sunday_crd.htm	141,253,1,85,197,141,253,85,197,141,253,1,85,197,141,253,85,123,3585,197,197,67,3585,197,197,141,141,253,85,197,141,253,85,253,
148:9cc02bd4-8694-48ee-8951-da8e206b2019	nickelback	far_away_ver3_crd.htm	197,67,3585,197,197,67,3585,197,197,67,3585,197,197,67,3585,263,3371,3445,57,141,197,67,3585,197,1,197,67,3585,197,1,197,67,3585,1,197,1,197,67,3585,197,197,67,3371,3585,197,1,197,67,3371,3585,263,3371,3445,57,141,197,67,3585,197,1,197,67,3585,253,197,67,3585,197,1,197,67,3585,197,1,197,67,3585,197,1,197,67,3371,3585,197,1,197,67,3585,197,1,197,67,3371,3585,197,1,197,67,3585,197,1,197,67,3585,197,
149:e42ebbee-0de5-4f3b-9289-39ad9bb33771	jason_mraz	im_yours_acoustic_ver6_crd.htm	197,67,3585,197,197,67,3585,197,197,67,3585,197,197,67,3585,197,197,67,3585,197,197,67,3585,197,197,67,3585,197,197,67,3585,197,197,1,1,1,1,67,3585,197,197,67,3585,197,197,67,3585,197,197,67,3585,197,197,67,3585,197,197,67,3585,
153:8f2ae28b-1052-44a7-b359-0a9de5c3e431	u2	with_or_without_you_crd.htm	197,67,3585,197,197,67,3585,
166:c2a1c41c-4d90-4cef-8f19-9c9d2be7621d	taylor_swift	sparks_fly_crd.htm	3585,197,197,123,3585,197,197,11,3585,197,197,67,3585,197,197,67,3585,197,197,281,57,141,197,67,3585,57,67,3585,197,197,67,3585,197,197,67,3585,197,197,67,3585,197,197,67,3585,197,197,67,3585,197,197,67,3585,197,197,281,57,141,197,67,3585,57,67,3585,197,197,67,3585,197,197,67,3585,197,197,67,3585,197,197,67,3585,197,197,67,3585,197,197,67,3585,197,197,67,3585,197,197,67,3585,197,197,67,3585,197,197,67,3585,197,197,67,3585,197,197,67,3585,197,197,67,3585,197,197,67,3585,197,197,67,
170:e68f74ee-d781-484a-85db-44acd1cada99	sum_41	pieces_ver4_crd.htm	3585,197,197,67,3585,197,197,67,3585,197,197,281,197,197,281,197,197,281,123,3585,197,197,67,3585,197,197,67,3585,197,197,281,197,197,281,197,197,281,123,3445,141,197,141,123,3641,281,197,263,3641,281,197,113,151,3585,197,197,67,3585,197,197,281,197,197,281,197,197,281,197,
171:a47ee4ed-04c7-4bf0-b831-03acb8b548be	hillsongs	mighty_to_save_ver3_crd.htm	197,263,3641,281,197,263,3641,281,197,263,3641,281,57,281,57,141,197,281,197,263,3641,141,197,281,197,263,3641,281,197,263,3641,281,197,263,3641,281,197,263,3641,281,57,281,57,141,197,281,197,263,3641,141,197,281,197,263,3641,281,197,197,67,3585,197,197,67,3585,197,197,67,
172:f91847eb-3516-465f-88e4-2a4438ad1dfe	john_denver	take_me_home_country_roads_ver8_crd.htm	263,3641,281,197,263,3641,281,197,1,197,67,3585,197,197,281,197,1,263,3641,281,197,263,3641,281,197,263,3641,141,141,197,197,67,3389,197,197,197,1,
174:20861a15-1c77-48c1-84c0-97592ad177a0	eddie_vedder	society_ver2_crd.htm	3445,197,141,1,141,57,281,57,67,3585,57,67,3585,197,197,67,3445,197,141,1,141,57,281,57,67,3585,57,67,3585,197,197,67,3585,197,197,67,3445,197,141,1,141,57,281,57,67,3585,197,197,67,3445,197,141,1,141,57,281,57,67,3585,57,67,3585,197,197,67,3585,197,197,67,3585,197,197,67,3585,197,197,67,
175:cef2f758-5f15-44a0-a7cf-3dea4eb2468e	lady_gaga	paparazzi_ver2_crd.htm	3585,123,3371,3585,263,3445,197,67,3585,197,197,67,3585,197,197,67,3567,3585,197,67,3585,319,
180:5e8f471d-37af-4a40-b0ad-c97316dc4ed4	lady_gaga	poker_face_ver5_crd.htm	3585,197,197,67,3585,197,197,67,3585,197,197,67,3585,197,197,67,3585,197,197,67,3585,197,197,67,3585,197,197,67,3585,197,197,67,3585,197,197,67,3585,197,197,67,3585,197,197,67,3585,197,197,67,3585,197,197,67,3585,197,197,67,3585,197,197,67,3585,197,197,67,3585,197,197,67,3371,3585,197,197,67,3585,197,197,
181:1439065a-d738-49eb-8f13-960acfe18cca	mgmt	kids_crd.htm	3585,57,85,179,3585,179,3585,197,11,3585,197,197,67,3585,197,197,67,3585,197,197,67,3585,197,197,67,3585,197,197,67,3585,197,197,67,3585,197,197,1,67,3389,179,3585,179,3585,197,85,
191:c09f4087-2772-4543-a657-5e78876a9b0c	creed	one_last_breath_crd.htm	197,67,3585,197,197,67,3585,197,197,67,3585,197,197,67,3585,197,197,67,3585,197,113,113,39,3585,197,113,113,39,3585,197,197,67,3585,197,197,67,3585,197,197,67,3585,197,197,67,3585,197,197,67,3585,123,3585,123,3585,253,85,197,197,67,3585,253,85,197,197,67,3585,197,113,113,39,3585,
193:1e401328-8749-4fbf-a251-c15e0e6cc86c	old_crow_medicine_show	wagon_wheel_ver3_crd.htm	197,67,3585,197,197,281,197,197,67,3585,197,197,281,197,197,67,3585,197,197,281,197,197,67,3585,197,197,281,197,197,67,3585,197,197,281,197,197,67,3585,197,197,281,197,197,67,3585,197,197,281,197,197,67,3585,197,197,281,197,197,67,3585,197,197,281,197,197,67,3585,197,197,281,197,197,67,3585,197,197,281,197,197,67,3585,197,197,281,197,197,67,3585,197,197,281,197,197,67,3585,197,197,281,197,197,67,3585,197,197,281,197,
196:24a8fef6-47f4-4148-ad86-27bf865f79f2	chris_tomlin	our_god_is_greater_ver2_crd.htm	3585,197,197,67,3585,197,197,67,3585,197,263,3585,197,67,3501,67,3585,197,263,3585,197,67,3501,67,3585,197,197,67,3585,197,197,67,3585,197,263,3585,197,67,3501,67,3585,197,197,1,
199:d980dbf1-1858-445c-9c9f-d478a2849af9	rihanna	love_the_way_you_lie_part_2_ver2_crd.htm	3585,197,197,67,3585,197,197,67,3585,197,197,67,3585,197,197,67,3585,197,197,67,3585,197,197,67,3585,197,197,67,3585,197,197,67,3585,197,197,67,3585,197,197,67,3585,197,197,
218:fa30d634-2cd1-4675-bfbe-3606d9af2f59	band_of_horses	the_funeral_ver2_crd.htm	197,197,67,3585,197,197,67,3641,141,141,57,141,141,57,141,141,57,141,141,1,197,197,67,3585,197,197,67,
220:39687136-ab82-48c0-96a9-fb6fdfe3b558	avril_lavigne	complicated_crd.htm	3585,197,197,141,263,3585,57,141,263,3585,57,281,123,3585,57,67,3585,197,197,67,3585,1,197,197,67,3585,197,197,207,3445,197,1,263,3585,57,281,123,3585,57,67,3585,197,197,67,3585,197,197,207,3445,197,263,3585,57,281,123,3585,57,67,3585,197,197,67,3585,197,197,207,3445,197,
223:af64e18d-dabc-4b06-8671-681a6518feec	calling	wherever_you_will_go_ver6_crd.htm	197,67,3585,197,197,67,3585,197,1,197,67,3585,197,1,197,67,3585,197,1,197,67,3585,197,1,197,67,3585,197,1,197,67,3585,197,1,197,67,3585,197,1,197,67,3585,197,1,197,67,3585,197,1,197,67,3585,1,197,1,197,67,3585,197,1,197,67,3585,123,3371,3585,57,263,3511,3585,57,263,3371,3511,3445,197,67,3585,197,1,197,67,3585,197,1,197,67,3585,197,1,197,67,3585,197,1,197,67,3585,197,1,197,67,3585,197,197,67,3585,197,197,67,3585,
227:8b4551d8-2a05-44d3-b583-13681dfea302	the_fray	you_found_me_ver2_crd.htm	197,263,3641,281,197,263,3641,141,141,1,197,263,3641,141,141,1,197,263,3641,141,141,1,197,263,3641,141,141,123,3641,281,57,141,141,123,3641,281,57,141,141,57,141,141,57,141,141,57,141,141,123,3641,281,57,141,263,3585,197,197,67,3585,197,197,67,3585,197,197,67,3585,197,197,141,141,123,3641,281,57,141,141,123,3641,281,57,141,141,197,141,123,3641,281,197,197,281,57,141,141,123,3585,197,197,67,3585,197,197,67,3585,197,197,67,3585,197,197,141,141,57,141,141,57,141,141,57,141,141,57,141,141,57,141,141,57,141,141,57,141,141,57,141,141,123,3585,197,197,67,3585,197,197,67,3585,197,197,67,3585,197,197,67,3585,197,197,67,3585,197,197,141,141,123,3585,197,197,141,141,
234:b9c22740-0f4c-4831-897c-2f5f5113bb8e	taylor_swift	mean_crd.htm	263,3371,3585,57,141,197,281,1,197,197,281,1,197,197,281,1,197,197,281,57,141,141,57,281,197,197,67,3585,1,197,197,281,197,197,67,3585,1,197,197,281,123,3641,281,123,3641,281,123,3641,281,1,123,3641,281,57,141,141,57,1,281,1,197,197,67,3585,1,197,197,281,197,197,67,3585,1,197,197,281,197,197,281,57,141,141,57,1,141,141,57,1,141,197,281,57,141,197,281,197,197,67,3585,197,197,67,3585,197,197,67,3585,197,197,67,3585,1,197,197,281,1,197,197,67,3585,1,197,197,281,1,197,197,67,3585,1,197,197,281,197,197,67,3585,1,197,197,281,197,
238:60365fc1-8a09-4886-af6f-3430e0df910d	rihanna	whats_my_name_ver3_crd.htm	3585,197,197,67,3501,85,123,3585,197,197,67,3585,197,197,67,3585,197,197,67,3585,197,197,67,3585,197,197,67,3585,197,197,67,3585,197,197,67,3585,197,197,67,3585,197,197,67,3585,197,197,67,3585,197,197,67,3585,197,197,67,3585,197,197,67,3585,197,197,67,3585,197,197,67,3585,197,197,67,3585,197,197,67,3585,197,197,281,197,263,3641,281,197,197,197,207,3585,197,197,67,3585,197,197,67,3585,197,197,67,3585,197,197,67,3585,197,197,67,3585,197,197,
240:529f28cb-a1df-4bc3-8448-fa857d3adc33	robbie_williams	angels_ver6_crd.htm	141,57,141,141,57,207,3445,123,3585,141,197,197,281,197,197,197,67,3585,197,197,67,3585,197,67,3585,197,197,1,141,57,141,141,57,281,141,197,197,281,197,197,1,197,67,3585,197,197,67,3585,197,67,3585,197,197,207,3641,197,1,1,197,67,3585,197,197,67,3585,197,67,3585,197,197,
252:0a82048a-1216-45a2-8088-9d58dfa34916	colbie_caillat	realize_crd.htm	197,281,123,3641,141,1,197,281,123,3641,141,197,281,123,3641,281,123,3641,281,123,3641,141,197,67,3585,197,197,67,3585,197,263,3585,309,151,3641,281,57,67,3445,141,
253:58107281-e5ad-4462-9eba-941e4d7e0f4a	taylor_swift	crazier_ver2_crd.htm	197,67,3585,263,3445,197,67,3585,263,3501,197,67,3585,1,197,197,207,3445,57,141,197,207,3445,57,67,3585,57,67,3585,197,197,67,3585,197,197,67,3585,1,197,197,207,3445,57,141,197,207,3445,57,67,3585,57,67,3585,197,197,67,3585,197,197,67,3585,1,197,197,281,1,57,67,3585,57,67,3585,197,197,67,3585,197,197,67,3585,1,
