1154ec04-4bcf-4e93-ac0a-43dad2a333e9	beatles	i_saw_her_standing_there_crd.htm	141,197,197,141,1,141,85,113,197,141,1,141,197,197,141,1,141,85,113,197,141,141,57,281,197,141,197,197,141,1,141,85,113,197,141,141,57,281,197,141,197,197,141,1,141,85,113,197,141,1,197,141,1,197,141,197,141,197,197,141,1,141,85,113,197,141,1,141,197,197,141,1,141,85,113,197,141,141,57,281,197,141,197,197,141,1,141,85,113,197,141,1,197,141,1,1,197,141,
e623d77f-c87c-4c74-8722-07c37d649f95	beatles	i_saw_her_standing_there_ver3_crd.htm	197,141,141,85,113,197,141,1,197,141,141,85,113,197,141,141,57,281,197,197,141,141,85,113,197,141,141,57,281,197,197,141,141,85,113,197,281,
316c5825-6a90-47ee-bfb2-362b8fda6cdb	beatles	misery_ver2_crd.htm	3641,141,1,263,3445,1,1,263,3445,141,1,263,3445,1,1,263,3445,197,1,263,3445,1,1,263,3445,141,1,263,3445,1,1,263,3445,1,1,263,3445,1,1,263,3445,57,1,263,3445,1,1,263,3445,141,1,263,3445,1,1,263,3445,253,85,141,1,57,141,263,3445,1,263,3445,1,1,263,3445,141,1,263,3445,1,1,263,3445,197,1,263,3445,1,1,263,3445,141,1,263,3445,1,1,263,3445,1,1,263,3445,1,1,263,3445,57,1,263,3445,1,1,263,3445,141,1,263,3445,1,1,263,3445,1,141,1,57,141,253,85,1,263,3445,1,1,263,3445,253,281,67,3445,263,3641,57,1,85,1,263,3445,1,1,263,3445,263,3445,
2fadb389-f553-4f00-9ed7-b764cf17c5df	beatles	please_please_me_crd.htm	141,197,141,197,141,263,3567,3585,197,141,57,141,141,197,141,197,141,263,3567,3585,197,141,57,141,141,57,141,141,197,141,57,141,141,57,141,141,197,141,197,141,263,3567,3585,197,141,57,141,141,57,141,141,57,141,85,309,141,141,113,197,141,141,197,1,141,197,141,263,3567,3585,197,141,57,141,1,197,281,57,141,141,197,141,57,141,141,57,141,85,141,309,141,
c03057da-8dad-42b9-aa20-bb479c08f83d	beatles	please_please_me_ver3_crd.htm	141,197,85,57,57,141,141,197,141,263,3567,3585,85,1,1,1,113,141,57,141,141,197,85,57,57,141,141,197,141,263,3567,3585,85,1,1,1,113,141,57,281,57,281,1,197,141,1,57,141,141,57,141,141,197,85,57,57,141,141,197,141,263,3567,3585,85,1,1,1,113,141,57,141,141,57,141,141,57,141,85,141,309,141,
33e14694-9471-42cb-848f-9399ad0f5095	beatles	ps_i_love_you_crd.htm	281,151,3613,29,67,3613,29,67,3613,29,1,197,141,1,67,3641,197,1,67,3445,197,29,1,57,57,141,197,141,197,141,197,1,197,141,1,67,3641,225,57,57,
86242586-04b3-4385-806d-0a1421eb9e50	beatles	baby_its_you_ver2_crd.htm	235,3613,197,141,197,235,3539,3641,235,3613,57,141,235,3473,141,197,141,197,235,3539,3641,235,3613,57,141,235,3473,235,3613,57,141,1,197,141,
f5bdc0c7-2013-4d00-bbc8-bd7ac5782e0d	beatles	do_you_want_to_know_a_secret_crd.htm	3511,3567,3445,281,169,141,123,3679,3679,3501,141,123,3679,3679,3501,141,123,3679,3679,3501,169,309,123,3679,3679,3501,141,123,3679,3679,3501,281,57,67,3511,3501,141,123,3679,3679,3501,141,123,3679,3679,3501,141,123,3679,3679,3501,169,309,123,3679,3679,3501,141,123,3679,3679,3501,281,57,67,3511,3501,281,263,3567,3651,3641,263,3567,3651,3567,3501,141,123,3679,3679,3501,141,123,3679,3679,3501,141,123,3679,3679,3501,169,309,123,3679,3679,3501,141,123,3679,3679,3501,281,57,67,3511,3501,67,3511,3501,67,3511,3501,67,3511,3501,67,
ab395975-d5e7-4d66-a5bc-29fcb23cd5b7	beatles	twist_and_shout_ver2_crd.htm	141,57,141,141,57,141,141,57,141,141,57,141,141,57,141,141,57,141,141,57,141,141,57,141,141,57,141,141,57,141,141,57,141,141,57,141,141,57,141,141,57,141,141,57,141,141,57,141,141,57,141,141,57,141,141,57,141,141,57,141,141,57,1,1,141,141,57,141,141,57,141,141,57,141,141,57,141,141,57,141,141,57,141,141,57,141,141,57,141,141,57,141,141,57,141,141,57,1,1,1,29,29,29,29,29,1,1,141,57,
4b1900c7-91d8-4ca9-99d9-788227920351	beatles	twist_and_shout_ver3_crd.htm	141,57,1,141,141,57,1,141,141,57,1,141,141,57,1,141,141,57,1,141,141,57,1,141,141,57,1,141,141,57,1,141,141,57,1,1,141,141,57,1,141,141,57,1,141,141,57,1,141,141,57,1,1,141,141,57,1,141,141,57,1,141,141,57,1,141,141,57,1,1,141,141,57,1,141,141,57,1,141,141,57,1,141,141,57,1,1,141,141,57,1,141,141,57,1,141,141,57,1,141,141,57,1,141,141,57,1,141,
b3ae7398-bb0c-493b-95bd-1eca0ceadef7	beatles	all_my_loving_crd.htm	3501,141,263,3585,263,3585,253,207,3501,141,263,3585,57,141,1,263,3445,1,263,3445,1,1,1,
c12d3343-835f-4518-8b9f-1220e742e288	beatles	all_my_loving_ver2_crd.htm	3529,141,263,3585,235,3613,253,179,3529,141,263,3585,57,141,225,113,263,3669,113,1,263,3669,113,225,1,
df176f75-02f6-4f24-b3c3-873476b7f841	beatles	all_my_loving_ver3_crd.htm	3501,141,263,3557,291,3585,253,207,3501,141,263,3557,291,3585,253,207,3501,141,263,3557,291,3585,253,207,3501,141,263,3557,291,3585,253,67,3445,263,3445,
7719acd6-d1bc-4d78-8a53-dd4577ece719	beatles	hold_me_tight_crd.htm	141,141,263,3501,141,141,263,3501,141,141,197,141,197,197,141,141,197,141,263,3501,
b4f954ab-d98f-4a6e-9c10-9fcf3945dfe6	beatles	hold_me_tight_ver2_crd.htm	197,141,141,253,141,141,141,253,141,141,1,141,11,3557,151,3557,197,141,141,253,141,141,141,253,141,141,1,141,11,3557,151,3557,85,1,253,85,253,141,263,3361,141,141,141,253,141,141,141,253,141,141,1,141,11,3557,151,3557,85,1,253,85,253,141,263,3361,141,141,141,253,141,141,141,253,141,141,1,141,11,3557,151,3557,85,253,85,253,
412af38d-b408-4d3e-98a4-4d17f36a615a	beatles	devil_in_her_heart_ver2_crd.htm	3501,141,67,3501,141,67,3501,141,1,141,11,3557,1,141,11,3613,141,207,3501,141,67,3501,141,1,141,11,3557,1,141,11,3613,141,207,3501,141,67,3501,141,1,141,11,3557,1,141,11,3613,141,207,3501,141,
71d63af2-2f2d-494e-b7b1-9d9d96f4aa37	beatles	i_should_have_known_better_crd.htm	197,141,197,141,197,141,197,141,197,141,197,141,197,141,197,141,197,67,3585,57,141,197,141,197,141,197,141,197,141,197,141,197,141,197,67,3585,309,151,3585,197,113,151,3585,197,141,57,141,263,3585,57,141,197,141,197,141,197,141,197,141,197,141,197,141,197,67,3585,57,141,197,141,197,141,197,141,197,141,197,141,197,141,197,67,3585,57,141,197,141,197,141,197,141,197,141,197,141,197,141,197,67,3585,309,151,3585,197,113,151,3585,197,141,57,141,263,3585,57,141,197,141,197,141,197,141,197,141,197,141,
b7ffec43-0c34-40ae-b270-63ca43944cb4	beatles	if_i_fell_ver2_crd.htm	3641,1,67,3641,67,3501,141,67,3427,3651,3501,141,67,3427,3651,3501,141,67,3501,141,67,3427,3651,3501,141,67,3427,3651,3501,141,141,11,3557,197,141,67,3427,3651,3501,141,67,3427,3651,3501,141,151,3557,197,141,67,3427,3651,3501,141,67,3427,3651,3501,141,151,3501,57,
1b20a882-9fc9-4bae-999a-24c9e185115c	beatles	if_i_fell_ver3_crd.htm	3669,309,263,3511,3669,67,3501,141,67,3427,3651,3501,141,67,3427,3651,3501,141,67,3501,141,67,3427,3651,3501,141,67,3427,3651,3501,141,141,11,3557,197,141,67,3427,3651,3501,141,67,3427,3651,3501,141,151,3511,3417,
9e7bf4fb-4cc6-4299-844c-42567cfb8ed7	beatles	if_i_fell_ver4_crd.htm	3669,309,263,3511,3669,67,3501,141,67,3427,3651,3501,141,67,3427,3651,3501,141,67,3501,141,67,3427,3651,3501,141,67,3427,3651,3501,141,141,11,3557,197,141,67,3427,3651,3501,141,67,3427,3651,3501,141,141,11,3557,197,141,67,3427,3651,3501,141,67,3427,3651,3501,141,151,3501,57,
d789fd14-39fb-4300-b21d-a166fd4487e8	beatles	and_i_love_her_crd.htm	3567,3511,3567,3511,3567,3585,57,141,67,3567,3511,3567,3511,3567,3585,57,141,263,3445,263,3641,67,3641,1,141,67,3567,3511,3567,3511,3567,3585,57,141,
0350f452-a8bf-4adc-8ae9-62393b5833f9	beatles	things_we_said_today_crd.htm	3567,3511,3567,3511,3567,3511,3371,3567,3511,3567,3511,3567,3511,3445,1,141,141,319,3567,3511,3567,3511,3567,3511,3361,141,253,141,141,141,253,309,
60969845-9f12-49ab-b397-bfeedd75887d	beatles	things_we_said_today_ver3_crd.htm	3567,3511,3567,3511,3567,3511,3371,3567,3511,3567,3511,3567,3511,3445,123,3389,141,319,3567,3511,3567,3511,3567,3511,3371,3567,3511,3567,3511,3567,3511,3371,3567,3511,3567,3511,3567,3511,3445,123,3389,141,319,3567,3511,3567,3511,3567,3511,3361,141,253,141,141,141,253,309,319,3567,3511,3567,3511,3567,3511,3371,3567,3511,3567,3511,3567,3511,3445,123,3389,141,319,3567,3511,3567,3511,3567,3511,
ea20e646-7d42-4a81-bfd2-61ed0dc88302	beatles	no_reply_crd.htm	1,57,141,141,57,141,263,3567,3389,319,3651,3501,141,141,57,141,141,57,141,263,3567,3389,319,3651,3501,141,1,113,141,151,3445,197,1,113,141,151,3445,197,263,3567,3389,1,57,141,1,263,3567,3389,263,3417,
44720bc1-d49b-45c3-baa7-b45e9b8d1413	beatles	no_reply_ver2_crd.htm	3361,151,3641,141,57,141,141,57,141,263,3567,3389,319,3651,3501,141,141,57,141,141,57,141,263,3567,3389,319,3389,57,141,1,113,141,151,3445,197,1,113,141,151,3445,197,263,3567,3389,197,
c3c53d36-cd37-43b6-ac4b-0f7e5a1c36ff	beatles	no_reply_ver3_crd.htm	3641,141,263,3641,141,67,3501,141,263,3641,141,263,3641,141,67,3501,141,113,141,151,3445,197,113,141,151,3445,197,263,3641,141,263,3641,141,
0780102d-e60b-4f13-ae1e-13c80cb15ef9	beatles	im_a_loser_crd.htm	3501,207,3585,253,141,207,3445,57,207,3445,57,207,3445,57,207,3445,57,67,3501,207,3501,141,263,3511,3585,253,
1d46699b-5d99-48d3-9742-c7f692a1c84c	beatles	im_a_loser_ver3_crd.htm	141,281,57,207,3585,253,141,197,85,57,197,85,57,197,85,57,197,85,57,67,3501,281,57,207,3501,281,141,253,141,197,85,57,197,85,57,197,85,57,197,85,57,1,197,85,57,197,85,57,197,85,57,197,85,57,
2f4b21cf-bb20-42c3-bed0-6c28ec91c9a6	beatles	ill_follow_the_sun_crd.htm	281,197,57,281,263,3501,141,141,197,281,197,57,281,263,3501,141,141,1,1,141,11,3557,1,141,11,3557,67,3501,281,197,57,281,263,3501,141,141,281,141,197,197,281,197,57,
1f3e8d2f-9b75-4ccc-8fac-64bd68bcc7a4	beatles	ill_follow_the_sun_ver3_crd.htm	281,197,57,281,263,3501,141,141,197,281,197,57,281,263,3501,141,141,141,11,3557,141,11,3557,67,3501,281,197,57,281,263,3501,141,141,1,263,3501,141,141,
24bcfe74-9cae-4395-9684-1803482adcaf	beatles	eight_days_a_week_crd.htm	57,85,197,1,57,85,197,263,3585,123,3501,281,57,85,197,1,57,85,197,1,57,85,197,263,3585,123,3501,281,57,85,197,141,57,141,57,85,197,1,57,85,197,263,3585,123,3501,281,57,85,197,141,57,141,57,85,197,1,57,85,197,263,3585,123,3501,281,57,85,197,141,197,141,197,1,57,11,3641,57,57,85,197,1,57,85,197,1,57,85,197,263,3585,123,3501,281,57,85,197,1,57,85,197,1,57,85,197,263,3585,123,3501,281,57,85,197,197,67,3501,85,57,281,197,141,197,141,197,1,57,85,123,3641,
59384b6c-54bb-480e-8105-1da3be195962	beatles	eight_days_a_week_ver2_crd.htm	57,85,197,1,57,85,253,281,57,85,253,197,151,3557,151,3641,57,85,197,281,1,197,57,141,1,57,85,197,197,57,29,57,
94f9fcbd-6c54-4250-9ef0-434b2cac8d64	beatles	eight_days_a_week_ver4_crd.htm	57,85,197,1,57,85,197,263,3585,123,3501,141,1,67,3371,3501,1,85,57,281,197,1,57,85,197,
7ceed10b-f317-4525-9574-39daca18dc23	beatles	i_dont_want_to_spoil_the_party_crd.htm	141,197,1,263,3641,281,309,291,3501,141,141,197,1,263,3511,3445,57,141,263,3511,3445,57,
c2bc69ab-cba1-4cbe-a002-838a63c01c54	beatles	help_ver2_crd.htm	123,3389,197,253,151,3641,123,3501,225,141,57,123,3501,225,141,309,151,3585,253,141,1,253,
de8e23b0-7ab3-428c-879d-11dbc5469da0	beatles	help_ver3_crd.htm	67,3427,3445,67,3389,123,3585,253,141,1,123,3511,3585,141,57,1,123,3511,3585,141,57,67,3585,253,141,
5adc6ba4-1637-4ac7-ad3a-88e73c5b0fe4	beatles	help_ver4_crd.htm	3585,263,3501,1,123,3511,3585,197,1,123,3511,3585,197,67,3371,3585,1,263,3371,3501,1,1,123,3511,3585,197,1,123,3511,3585,197,67,3371,3585,1,263,3371,3501,1,1,123,3511,3585,197,1,123,3511,3585,197,67,3371,3585,1,263,3371,3501,1,1,1,
9d7047c6-fbda-4dc1-b187-e0857c75e6f6	beatles	youve_got_to_hide_your_love_away_ver2_crd.htm	225,57,1,281,309,225,197,67,3389,57,1,
bbb33e0a-11a0-4e61-88a5-2266b22a58c1	beatles	youve_got_to_hide_your_love_away_ver3_crd.htm	67,3445,197,141,141,197,197,67,3445,197,141,141,197,57,141,141,
c9ed22a3-9270-410e-9410-fb9fc95f10b2	beatles	youve_got_to_hide_your_love_away_ver4_crd.htm	1,1,197,85,197,197,141,141,197,197,197,85,197,197,141,141,197,57,1,141,197,85,197,197,141,141,197,197,197,85,197,197,141,141,197,57,281,197,141,197,1,141,57,1,1,1,141,141,57,1,1,1,141,141,57,197,141,1,1,1,141,197,85,197,197,141,141,197,197,197,85,197,197,141,141,197,57,1,141,197,85,197,197,141,141,197,197,197,85,197,197,141,141,197,57,281,197,141,197,1,141,57,1,1,1,141,141,57,1,1,1,141,141,57,197,141,1,1,1,
aa1ed092-5252-4863-bfb9-f8ae736f3014	beatles	its_only_love_crd.htm	263,3445,263,3445,123,3529,197,57,1,1,1,1,141,123,3529,197,57,1,1,1,1,281,57,141,263,3389,253,141,263,3389,253,281,57,141,123,3529,197,57,1,1,1,1,141,123,3529,197,57,1,1,1,1,281,57,141,263,3389,253,141,263,3389,253,281,57,281,57,141,263,3445,263,3445,263,3445,1,263,3567,3529,197,57,1,1,1,
6013d3d2-9c33-443a-aa92-bacfcd57a3e2	beatles	its_only_love_ver3_crd.htm	123,3529,197,57,1,141,123,3529,197,57,1,281,57,141,263,3371,3389,253,1,141,263,3371,3389,253,1,281,57,1,281,57,141,263,
044c6def-633e-4aef-a30c-1a56fa3a104a	beatles	yesterday_crd.htm	319,3389,319,3501,151,3585,57,141,197,197,85,197,1,319,3501,151,3585,57,141,197,197,85,197,319,3501,151,3585,57,141,319,3501,151,3585,57,141,1,319,3501,151,3585,57,141,197,197,85,197,57,85,197,1,319,3501,151,3585,57,1,197,
84317ef9-c3c2-4750-aa69-c698a937d00f	beatles	yesterday_ver2_crd.htm	1,319,3501,151,3371,3585,57,141,1,263,3501,85,197,1,319,3501,151,3371,3585,57,141,1,263,3501,85,197,319,3501,151,3511,3501,141,319,3501,151,3511,3501,141,1,319,3501,151,3371,3585,57,141,1,263,3501,85,197,319,3501,151,3511,3501,141,319,3501,151,3511,3501,141,1,319,3501,151,3371,3585,57,141,1,263,3501,85,197,1,57,85,197,
df21c5dc-826d-4051-a818-63217724592d	beatles	norwegian_wood_crd.htm	1,11,3641,197,263,3501,141,1,1,1,
a74c6307-994b-4781-bf40-79dce691f8dc	beatles	norwegian_wood_ver2_crd.htm	197,197,151,3641,141,57,1,197,197,151,3641,141,57,1,207,3641,197,207,3641,197,197,197,151,3641,141,57,1,197,197,151,3641,141,57,1,207,3641,197,207,3641,197,197,197,151,3641,141,57,1,197,197,151,3641,141,57,
4862f845-1432-43ce-aaa0-02e35a4ee914	beatles	norwegian_wood_ver4_crd.htm	1,1,1,197,1,141,1,1,1,197,1,141,141,197,141,57,141,1,1,1,1,197,141,1,1,1,197,141,141,197,141,57,141,1,1,1,1,197,141,1,1,1,197,141,1,1,1,197,1,141,141,57,141,
b4f782f3-370b-4486-9b58-80fe6d7e3346	beatles	you_wont_see_me_crd.htm	67,3445,197,1,67,3445,197,1,67,3445,197,1,67,3445,197,141,197,1,67,3445,197,1,67,3445,197,1,67,3445,197,67,3445,197,141,197,67,3641,67,3501,141,67,3445,197,67,3445,197,67,3445,197,67,3445,197,141,197,
69b356ed-1830-40ff-a36b-4671f6e6de1e	beatles	nowhere_man_crd.htm	3455,3557,1,197,281,197,67,3455,3557,123,3389,319,3389,319,3651,3501,263,3455,3557,1,197,281,197,67,3455,3557,123,3389,319,3389,319,3651,3445,57,
5c9686b0-107b-4ea1-a353-66e8396673a5	beatles	nowhere_man_ver2_crd.htm	85,197,1,1,197,281,197,57,85,197,1,113,29,309,29,309,29,57,141,197,281,197,57,85,197,1,
3b46b43a-f646-475e-a5ea-f1827821d10d	beatles	nowhere_man_ver3_crd.htm	11,3361,197,281,197,197,197,281,197,141,11,3361,197,123,3389,309,29,319,3389,57,141,197,281,197,141,11,3361,197,281,197,197,197,281,197,141,11,3361,197,123,3389,319,3389,319,3389,57,141,197,281,197,141,11,3361,197,141,11,3361,197,
6913e994-c0dc-4063-aae3-df0dbbc3b2b0	beatles	nowhere_man_ver4_crd.htm	197,281,197,141,11,3557,197,141,197,281,197,67,3455,3557,123,3389,319,3389,319,3389,57,1,1,141,197,281,197,141,11,3557,197,141,197,281,197,67,3455,3557,123,3389,319,3389,319,3389,57,1,1,141,197,281,197,67,3455,3557,
eeb23787-43b9-4bce-a3db-6c922099b2be	beatles	girl_crd.htm	141,141,141,113,141,11,3557,151,3371,3511,3445,197,113,151,3557,151,3371,3511,3445,123,3445,123,3651,3501,141,123,3651,3501,67,3557,151,3371,3511,3445,197,113,151,3557,151,3371,3511,3445,123,3445,123,3651,3501,141,123,3651,3501,207,3557,151,3557,151,3557,151,3445,197,123,3651,3501,141,123,3651,3501,67,3557,151,3371,3511,3641,113,151,3557,151,3371,3511,3567,3445,123,3651,3501,141,123,3651,3501,67,3557,151,3511,3641,113,151,3557,151,3511,3567,3445,123,3651,3501,
ef88e222-5d5a-463b-8ce6-b3ecb9bc0a1a	beatles	im_looking_through_you_crd.htm	141,263,3567,3641,67,3445,141,263,3567,3641,141,263,3585,197,67,3501,141,197,197,141,197,141,141,197,141,197,141,197,141,197,141,263,3567,3641,141,141,263,3567,3641,67,3641,281,197,141,57,141,141,263,3445,197,141,197,141,197,141,197,141,1,197,141,57,1,141,141,197,141,197,141,197,141,197,141,
ab90ec38-9427-4bc4-b295-2ddaf6f2ba59	beatles	im_looking_through_you_ver2_crd.htm	141,263,3567,3641,141,141,263,3567,3641,67,3641,207,3641,141,57,141,141,263,3445,197,141,197,141,1,197,141,57,1,281,197,141,57,1,141,141,197,141,197,141,197,141,197,141,
ed3dcdce-598f-46a4-87a7-e846f5a0ff0d	beatles	in_my_life_crd.htm	197,141,197,141,263,3445,141,11,3557,1,263,3445,141,11,3557,263,3585,141,57,263,3501,95,3557,197,141,263,3445,141,11,3557,1,263,3445,141,11,3557,263,3585,141,57,263,3501,95,3557,197,141,263,3445,141,11,3557,1,263,3445,141,11,3557,263,3585,141,57,263,3501,95,3557,197,291,3557,197,1,141,
377b0c14-476c-4e70-aa1c-a3ccc4d88555	beatles	in_my_life_ver2_crd.htm	197,67,3445,141,11,3557,1,1,197,67,3585,1,11,3557,263,3511,3445,197,263,3511,3445,11,3557,
c25e112f-52a5-4537-8bb9-a83a43320572	beatles	in_my_life_ver3_crd.htm	151,3417,85,319,3501,281,197,281,11,3557,197,141,197,141,263,3445,141,11,3557,1,263,3445,141,11,3557,263,3585,141,57,263,3501,95,3557,1,197,141,263,3445,141,11,3557,1,263,3445,141,11,3557,263,3585,141,57,263,3501,95,3557,1,197,67,3445,141,11,3557,197,141,197,67,3445,141,11,3557,197,141,1,197,291,3557,
709583a0-1cc8-429d-810b-97ac0331c242	beatles	in_my_life_ver4_crd.htm	263,3511,3455,3557,1,263,3511,3455,3557,263,3511,3585,57,263,3511,3445,11,3557,1,263,3511,3455,3557,1,263,3511,3455,3557,263,3511,3585,57,263,3511,3445,11,3557,141,11,3557,
7ccf3e55-e564-4729-aefb-a759fcd8af29	beatles	run_for_your_life_ver2_crd.htm	263,3445,263,3371,3501,207,3501,207,3585,319,3511,3641,263,3371,3501,207,3501,207,3585,309,151,
ccf8c490-87a8-490e-b0e1-2b76d288e8b3	beatles	eleanor_rigby_crd.htm	1,123,3371,3371,
520b8f32-5cfb-4d2c-9520-699994ff9474	beatles	eleanor_rigby_ver3_crd.htm	123,3371,3371,3585,123,3585,123,3371,3585,123,3585,123,3371,3371,3585,123,3371,3371,3585,123,3371,3585,123,3585,123,3371,3371,3585,123,3371,3371,3585,123,3585,123,3585,123,3371,3585,123,3585,123,3371,3371,3585,123,3371,3371,3585,123,
9d822d4a-776f-4312-bb76-d83bd2618424	beatles	here_there_everywhere_ver2_crd.htm	123,3669,319,3501,141,67,3427,3585,67,3427,3389,179,3501,207,3501,151,3511,3371,3641,67,3427,3389,197,67,3427,3389,179,3501,207,3501,151,3511,3371,3501,85,141,263,3511,3417,151,3511,3417,141,67,3427,3389,197,67,3427,3389,179,3501,207,3501,151,3511,3371,3501,85,141,263,3511,3417,151,3511,3417,141,67,3427,3389,197,67,3427,3389,179,3501,207,3501,151,3511,3371,3501,141,67,3427,3389,197,67,3427,3389,197,67,3557,
58d58703-9f2f-4d76-8854-0f6813336c93	beatles	yellow_submarine_crd.htm	197,281,197,1,197,281,197,1,197,281,197,1,197,281,197,1,197,281,197,1,197,281,197,1,197,281,197,1,197,281,197,197,197,1,141,
44558567-1aa5-483f-a9bf-6a824c9967dd	beatles	yellow_submarine_ver2_crd.htm	197,281,197,263,3511,3445,57,141,197,281,197,263,3511,3445,57,141,197,281,197,263,3511,3445,57,141,197,281,197,263,3511,3445,57,141,197,1,141,
8515ee19-6b3d-42ff-b7fa-e79d122acede	beatles	yellow_submarine_ver3_crd.htm	141,253,141,141,141,253,141,141,141,253,141,141,141,253,141,141,197,1,141,1,197,1,141,1,141,253,141,141,141,197,197,1,141,1,197,1,141,1,141,253,141,141,141,253,141,141,197,1,141,1,197,1,141,1,197,1,141,1,197,1,141,
05efe3e1-28dc-4744-99a1-6ffb314252f4	beatles	and_your_bird_can_sing_crd.htm	197,225,57,197,197,225,57,197,225,169,225,141,197,281,169,225,141,197,57,197,225,57,197,
0d4d843a-6667-4856-9fbc-086eed5399cd	beatles	and_your_bird_can_sing_ver3_crd.htm	67,3445,197,1,67,3445,197,123,3371,3371,3501,225,263,3445,57,141,67,3445,197,123,3371,3371,3501,225,263,3445,57,
159e59a1-f8a1-4101-9fef-11b57140e502	beatles	with_a_little_help_from_my_friends_crd.htm	197,207,3501,141,197,207,3501,141,281,197,197,281,197,197,141,197,1,263,3501,281,281,197,123,3501,281,281,197,309,197,207,3501,141,197,207,3501,141,281,197,197,281,197,197,141,197,197,141,197,207,3501,141,197,207,3501,141,1,263,3511,3641,281,197,123,3511,3641,281,197,1,141,197,197,281,197,197,281,197,197,281,197,85,263,3557,
e7671034-ca75-4da7-acdc-363735ae3332	beatles	with_a_little_help_from_my_friends_ver2_crd.htm	197,207,3501,141,1,197,207,3501,141,281,197,197,281,197,197,281,197,197,197,67,3501,281,281,197,123,3501,281,281,197,197,1,1,225,113,1,
c1cb898d-c303-4c05-9e06-ab4a3ed8c362	beatles	with_a_little_help_from_my_friends_ver3_crd.htm	225,57,57,197,141,197,207,3501,141,197,207,3501,85,197,197,281,197,197,141,197,1,263,3501,281,281,197,123,3501,281,281,197,85,263,3557,197,197,
7d11268a-3345-4ae7-a1b3-8a6560434a7b	beatles	lucy_in_the_sky_with_diamonds_crd.htm	263,3641,281,57,141,141,57,197,197,67,3641,141,141,57,141,141,57,141,141,57,1,197,
fef48c14-5654-4c39-8829-6b87010ea3e2	beatles	lucy_in_the_sky_with_diamonds_ver2_crd.htm	1,263,3595,3445,197,197,197,197,1,263,3595,3557,1,263,3669,113,1,263,3595,3557,1,225,141,57,67,3585,57,197,197,141,141,57,141,141,57,141,141,57,1,1,197,
22487d0a-d5cb-451e-a1e8-79d9852c582c	beatles	being_for_the_benefit_of_mr_kite_ver2_crd.htm	309,151,3501,151,3371,3669,235,3567,3501,151,3371,3669,235,3567,3557,151,3371,3585,309,151,3585,309,151,3511,3417,151,3501,151,3371,3669,235,3567,3501,151,3371,3669,235,3567,3557,151,3371,3585,309,151,3585,309,151,3445,197,253,151,3445,197,309,151,3445,151,3371,3669,235,3567,3501,151,3371,3669,235,3567,3557,151,3371,3585,309,151,3585,309,151,3371,3557,85,123,3501,151,3557,85,123,3557,151,3371,3585,309,151,3585,309,151,3371,3585,309,151,3371,3585,309,151,
bed50ed6-e1a0-43d1-8e3d-5f8992f28e3f	beatles	when_im_sixty_four_ver2_crd.htm	197,1,141,1,1,141,85,113,253,141,141,141,263,3585,57,67,3371,3557,151,3557,1,151,3557,1,151,3371,3511,3445,57,1,141,
baff91c8-a616-4d18-bf10-9cdf4b4e8934	beatles	when_im_sixty_four_ver3_crd.htm	197,141,1,141,1,11,3557,253,141,141,141,263,3557,151,3501,281,197,141,1,197,1,141,1,141,1,11,3557,253,141,141,141,263,3641,67,3557,151,3501,85,57,141,
a5a1d9cd-6a9c-41bd-9f51-f71c5f00bc50	beatles	a_day_in_the_life_crd.htm	123,3511,3371,3641,253,151,3585,1,1,1,1,309,29,123,3511,3445,1,1,197,123,3511,3585,141,319,3585,141,319,3585,123,3585,1,319,3585,67,3567,3361,141,197,1,141,197,225,197,197,281,113,225,197,197,281,113,281,281,57,141,
7728b5cd-c749-43a3-8442-3163b04ce740	beatles	a_day_in_the_life_ver2_crd.htm	123,3511,3585,123,3585,197,123,3511,3585,141,319,3371,3585,141,319,3585,197,123,3511,3585,123,3585,197,123,3511,3585,141,319,3371,3585,197,123,3511,3585,123,3585,197,123,3511,3585,141,319,3371,3585,1,319,3585,263,3361,281,1,1,1,57,67,3641,67,3501,141,281,1,1,1,57,67,3501,141,67,3455,3445,197,197,57,281,281,57,141,1,123,3511,3585,123,3585,197,123,3511,3585,141,319,3371,3585,1,319,3585,67,3557,
52c7b4fe-9462-4cbd-aabb-75ab99e4d7c3	beatles	i_am_the_walrus_crd.htm	1,85,57,57,141,1,281,141,57,197,1,1,141,141,57,1,281,281,169,29,57,57,141,1,85,57,57,141,1,281,141,57,197,141,197,197,281,1,253,281,281,281,309,29,169,29,
147b1a50-8f8c-47fc-8ff4-479a1f152634	beatles	strawberry_fields_forever_crd.htm	207,3427,3585,113,225,197,197,123,3585,207,3417,151,3371,3585,1,57,141,263,3585,57,281,197,85,123,3613,29,113,225,197,197,123,3585,207,3427,3511,3371,3585,1,57,141,263,3641,281,57,281,197,197,123,3585,207,3427,3511,3371,3585,1,57,141,263,3641,281,57,281,197,263,3585,197,141,57,67,3641,123,3585,
b36175f8-4bfb-4a53-8bef-93a377a1739d	beatles	strawberry_fields_forever_ver2_crd.htm	207,3417,225,113,225,1,197,197,1,1,67,3371,3585,1,57,141,197,67,3371,3585,57,281,197,1,207,3417,225,113,225,1,197,197,1,1,67,3371,3585,1,57,141,197,67,3371,3585,57,281,197,1,207,3417,225,113,225,1,197,197,1,1,67,3371,3585,1,57,141,197,67,3371,3585,57,281,197,1,207,3417,225,113,225,1,197,263,3585,1,197,141,57,281,
b8dae239-c7bc-49dc-93a3-66bb347572b3	beatles	strawberry_fields_forever_ver4_crd.htm	207,3417,225,113,225,197,197,1,67,3445,141,1,57,281,123,3585,57,281,197,1,207,3417,225,113,225,197,197,1,67,3445,141,1,57,281,123,3585,57,281,197,1,207,3417,225,113,225,197,197,1,67,3445,141,1,57,281,123,3585,57,281,197,1,207,3417,225,113,225,197,141,197,141,57,281,
a7fd48af-fd59-4bc3-b134-ee71c169bb1f	beatles	all_you_need_is_love_crd.htm	197,67,3445,197,67,3641,197,281,197,197,281,197,67,3445,197,67,3641,197,281,197,1,197,141,197,141,141,57,141,141,57,141,141,113,151,3445,141,57,141,141,57,141,1,57,141,1,141,57,141,1,141,57,141,141,197,141,57,57,29,57,1,1,1,197,207,3445,1,
e465ca50-255b-48ab-ac7b-efdff79b6850	beatles	all_you_need_is_love_ver3_crd.htm	197,67,3445,197,67,3641,141,197,141,197,67,3445,197,67,3641,141,197,141,197,67,3445,197,67,3641,141,197,141,57,141,141,57,141,141,113,151,3445,141,263,3641,1,197,67,3445,197,67,3641,141,197,
2f36d047-328f-49f6-ac6b-49197ceae5fe	beatles	ob-la-di_crd.htm	197,141,1,141,197,197,141,1,123,3511,3445,197,141,1,197,141,1,141,197,197,141,141,1,197,141,197,197,141,197,141,1,141,197,197,141,141,
11597a21-ac7d-4222-8727-5b116580a4ee	beatles	ob-la-di_ver3_crd.htm	197,1,281,197,1,197,1,141,1,197,281,197,197,141,1,141,197,197,141,1,141,197,197,141,1,197,1,141,1,197,281,197,197,141,141,197,141,197,1,197,1,141,1,197,281,197,197,141,1,197,1,141,1,197,281,197,197,141,141,57,141,
d39bac14-b3da-49f4-8394-bb7d1fd4e12b	beatles	while_my_guitar_gently_weeps_crd.htm	3371,3371,3585,123,3641,197,57,151,3371,3371,3585,123,3641,141,113,141,1,263,3445,67,3501,141,1,263,3445,67,3501,151,3371,3371,3585,123,3641,197,57,151,3371,3371,3585,123,3641,141,113,141,1,263,3445,67,3501,141,1,263,3445,67,3501,151,3371,3371,3585,123,3641,197,57,151,3371,3371,3585,123,3641,141,113,
0c869417-d4d1-40a8-8628-b9e33cea2b2b	beatles	while_my_guitar_gently_weeps_ver2_crd.htm	3445,57,11,3501,57,123,3511,3511,3501,225,263,3445,57,11,3567,3641,197,57,151,3445,57,11,3567,3641,141,113,141,123,3511,3567,3651,3501,141,123,3511,3567,3651,3501,1,151,3445,57,11,3567,3641,197,57,151,3445,57,11,3567,3641,141,113,141,123,3511,3567,3651,3501,141,123,3511,3567,3651,3501,1,151,3445,57,11,3567,3641,197,57,151,3445,57,11,3567,3641,141,113,
764089e9-1fa9-403f-8462-e152e7961f4f	beatles	while_my_guitar_gently_weeps_ver3_crd.htm	3445,57,11,3567,3641,197,57,151,3445,57,11,3567,3641,141,113,141,123,3361,291,3501,141,123,3361,291,3501,1,151,3445,57,11,3567,3641,197,57,151,3445,57,11,3567,3641,197,57,141,123,3361,291,3501,141,123,3361,291,3501,151,3445,57,11,3567,3641,197,57,151,3445,57,11,3567,3641,141,113,291,3417,151,
12916fc6-48a3-4d59-a146-8151e7b9da40	beatles	while_my_guitar_gently_weeps_ver4_crd.htm	3371,3501,85,57,197,57,225,39,3511,3511,3501,1,151,3371,3501,85,123,3641,197,57,151,3371,3501,85,197,197,141,113,141,123,3511,3567,3651,3501,1,1,141,123,3511,3567,3651,3501,1,1,151,3371,3501,85,123,3641,197,57,151,3371,3501,85,123,3641,141,113,141,123,3511,3567,3651,3501,1,1,141,123,3511,3567,3651,3501,1,1,151,3371,3501,85,123,3641,197,57,151,3371,3501,85,123,3641,141,113,
64a81de9-b350-4128-9498-277e2adbcbeb	beatles	cry_baby_cry_ver2_crd.htm	67,3585,57,263,3501,225,319,3371,3371,3371,3585,197,263,3371,3371,3371,3585,197,67,3585,57,263,3501,225,57,263,3371,3371,3371,3585,197,263,3371,3371,3371,3585,123,3371,3371,3371,3585,197,263,3371,3371,3371,3585,123,3371,3371,3371,3585,197,263,3371,3371,3371,3585,
8db7d6e5-b687-4fd3-b7a6-561f0cedc98b	beatles	something_crd.htm	1,1,141,253,141,67,3371,3371,3501,85,141,29,29,1,1,1,141,253,141,67,3371,3371,3501,85,141,29,281,1,1,1,141,141,57,1,1,1,141,141,141,1,1,1,141,253,141,67,3371,3371,3501,85,141,29,29,225,1,1,141,253,1,141,67,3399,3679,3501,85,281,113,57,1,263,3585,141,57,1,1,263,3585,141,141,
7641e41d-6fa8-4a9f-9680-f0121f595603	beatles	something_ver3_crd.htm	281,113,197,281,1,1,141,253,141,1,67,3445,57,281,1,1,141,253,141,1,67,3445,57,85,281,113,197,197,1,263,3585,141,57,1,263,3585,141,141,1,1,1,141,253,141,1,67,3445,57,
5cb29caa-8008-49ec-8218-a49046410049	beatles	here_comes_the_sun_ver2_crd.htm	141,253,11,3501,225,197,57,141,253,281,1,67,3641,197,141,141,57,141,141,57,141,141,253,281,1,67,3641,197,141,197,141,141,57,141,141,57,141,141,253,281,1,67,3641,197,141,197,225,197,197,197,197,225,197,197,197,197,225,197,197,197,197,225,197,197,197,197,225,197,197,197,197,225,197,197,197,197,141,197,141,141,57,141,141,57,141,141,253,281,1,67,3641,197,141,141,253,281,1,67,3641,197,141,141,197,67,3641,197,141,141,253,281,141,263,3641,197,225,197,197,197,
fb7c1eb2-a48e-4482-9a14-e78afed3411d	beatles	here_comes_the_sun_ver3_crd.htm	1,141,57,141,1,1,141,253,281,1,1,197,281,57,1,141,1,1,141,57,1,141,1,1,141,57,1,225,197,197,113,225,197,197,225,197,197,113,225,197,197,1,281,57,1,225,197,197,1,197,
1615d135-d895-41a0-a142-ebf9c56ad31b	beatles	because_ver2_crd.htm	3651,3613,29,123,3585,141,57,263,3651,3613,29,123,3585,141,57,1,57,57,151,3511,3417,29,123,3585,141,57,
62972c63-a5a9-462d-adf8-5609528ad770	beatles	across_the_universe_ver2_crd.htm	263,3557,291,3501,1,141,263,3557,85,1,141,197,281,57,281,197,1,263,3557,291,3501,1,141,263,3557,291,3501,1,141,197,281,57,281,197,1,263,3557,291,3501,1,141,263,3557,291,3501,1,141,197,281,57,281,197,1,197,
999af5c8-4b2a-4025-a451-638e0b227c9f	beatles	across_the_universe_ver3_crd.htm	123,3651,3501,141,123,3651,3455,3557,197,281,197,197,281,197,1,123,3651,3501,141,123,3651,3501,141,197,281,197,197,281,197,1,123,3651,3455,3557,123,3651,3501,141,197,281,197,197,281,197,1,1,123,3651,3501,291,
0e32711c-079b-4f48-9f31-94fcecfdb280	beatles	the_long_and_winding_road_crd.htm	3567,3389,57,141,1,281,197,197,263,3511,3501,
4ba67514-a2d5-4c3c-9876-d8ed12f27a70	beatles	the_long_and_winding_road_ver2_crd.htm	3585,57,141,1,141,319,3511,3511,3501,85,57,141,319,3511,3511,3501,141,1,141,263,3371,3501,141,141,263,3371,3501,141,141,225,39,3501,141,141,225,39,3501,281,57,141,
