efb89e3c-6cc6-46d8-9d2c-526822ceb4cc	bruno_mars	grenade_crd_993953id_08102010date.htm	3371,3567,3371,3511,3371,3567,3371,3511,3567,3511,3585,309,151,3585,197,197,67,3585,197,197,67,3585,197,197,67,3585,197,197,1,281,57,141,113,151,3641,1,281,309,151,3371,3567,3371,3511,3567,3511,3567,3511,3567,3511,3585,309,151,3585,197,197,67,3585,197,197,67,3585,197,197,67,3585,197,197,1,281,57,141,113,151,3641,1,281,309,291,3567,3511,3417,151,3371,3567,3371,3511,3585,197,197,67,3585,197,197,67,3585,197,197,67,3585,197,197,1,281,57,141,113,151,3641,1,281,309,151,3371,3567,3371,3511,3371,3567,3371,
94aa58b5-3599-432c-ac4e-a8932fd0591f	jason_mraz	im_yours_ver3_crd.htm	197,67,3585,197,197,67,3585,197,197,67,3585,197,197,67,3585,197,197,67,3585,11,3557,197,67,3585,197,197,67,3585,197,197,67,3585,197,197,67,3585,197,197,67,3585,197,197,67,3585,197,197,67,3585,197,197,67,3585,
992eca1f-0c6c-4c4f-ae2d-1611871bb3cc	adele	someone_like_you_crd.htm	5,1467,3445,1,197,207,3427,3585,1,263,3585,197,1,263,3585,197,1,263,3585,197,1,263,3585,57,67,3585,57,67,3585,5,1345,197,197,67,3585,197,197,67,3585,197,197,67,3585,197,197,67,3585,197,197,67,3585,197,1,263,3585,197,1,263,3585,57,67,3585,1,57,67,3585,5,1345,197,197,67,3585,197,197,67,3585,197,197,67,3585,197,197,67,3585,57,67,3585,263,3427,3389,197,197,67,3585,197,197,67,3585,197,197,67,3585,197,197,67,3585,197,197,67,3585,197,197,67,3585,197,197,67,3585,197,197,67,3585,197,197,67,3585,197,197,67,3585,
cbbe6c78-6049-4c89-88e7-22a4b9b3f67a	train	hey_soul_sister_ver2_crd.htm	197,67,3585,197,197,67,3585,197,197,67,3585,57,141,197,67,3585,197,197,67,3585,57,281,57,141,197,281,57,141,197,281,57,141,197,281,57,141,197,67,3585,197,197,67,3585,197,197,67,3585,57,141,197,67,3585,197,197,67,3585,57,281,57,141,197,281,57,141,197,281,57,141,197,281,57,141,197,67,3585,197,197,67,3585,57,281,57,141,197,281,57,141,197,281,57,141,197,281,57,141,197,281,57,141,197,281,57,141,197,67,3585,57,141,197,67,3585,57,141,
5be2619e-83fc-4edb-a368-38fcc00eb7a9	green_day	21_guns_ver3_crd.htm	3445,151,3417,253,86,338,478,590,562,506,627,3585,197,197,67,3585,197,197,67,3585,197,197,67,3585,197,197,281,57,67,3585,197,197,67,3585,197,197,67,3585,197,197,281,58,478,534,394,618,618,534,534,478,534,394,618,618,534,534,618,534,534,403,3585,197,197,67,3585,197,197,67,3585,197,197,281,57,67,3585,197,197,67,3585,197,197,67,3585,197,197,281,58,478,534,394,618,618,534,534,478,534,394,618,618,534,534,618,534,534,403,3585,197,197,67,3585,197,113,151,3585,197,113,39,3417,142,534,394,618,618,534,534,618,534,646,627,3585,197,197,67,3585,197,197,67,3585,197,197,67,3585,197,197,281,58,478,534,394,618,618,534,534,478,534,394,618,618,534,534,478,534,394,618,618,534,534,478,534,394,618,618,534,534,618,534,534,
72242417-82ab-4f8d-9367-2894f683256c	mumford_and_sons	the_cave_ver3_crd.htm	3445,263,3445,263,3445,197,141,263,3445,263,3445,263,3445,197,141,1,141,197,1,141,197,141,197,197,67,3585,197,263,3585,197,141,197,197,67,3445,263,3445,263,3371,3641,141,263,3445,263,3445,263,3445,197,141,1,141,197,1,141,197,141,197,197,67,3585,197,263,3585,197,141,197,197,67,3445,263,3445,263,3445,197,141,1,141,197,1,141,197,141,197,197,67,3585,197,263,3585,197,141,197,197,141,141,197,1,141,197,141,197,197,67,3585,197,263,3585,197,141,197,197,
e1fabc33-70ec-4a6d-8b7a-0e9d87291ffd	red_hot_chili_peppers	under_the_bridge_ver3_crd.htm	197,67,3567,3389,201,1411,3501,291,3641,281,197,113,197,67,3567,3389,197,197,67,3585,197,197,67,3567,3389,197,197,67,3585,201,1345,197,67,3567,3389,197,197,67,3585,197,197,67,3567,3389,197,197,67,3585,201,1411,3641,197,207,3371,3641,197,207,3371,3641,197,207,3371,3641,197,207,3641,197,67,3567,3389,197,197,67,3585,197,197,67,3567,3389,197,197,67,3585,197,197,67,3567,3389,197,197,67,3585,201,1411,3641,197,207,3371,3641,197,207,3371,3641,197,207,3371,3641,197,207,3445,11,3641,281,113,11,3641,281,113,11,3641,281,113,11,3641,281,113,11,3641,281,113,11,3641,281,113,11,3641,281,113,11,3641,281,113,11,3641,281,113,11,3641,281,113,11,3641,281,113,85,197,281,113,
1c98ce40-d0e6-4843-8c26-b9f0e38e6371	taylor_swift	back_to_december_crd.htm	263,3585,57,85,263,3585,57,197,263,3585,197,263,3585,197,197,141,263,3585,197,197,67,3641,141,141,123,3641,281,197,123,3389,197,197,141,1,123,3389,197,197,281,123,3641,141,263,3585,197,263,3585,197,197,141,263,3585,197,197,67,3641,141,141,123,3641,281,197,123,3389,197,197,141,1,123,3389,197,197,281,123,3641,141,263,3585,123,3585,197,197,67,3585,197,197,67,3585,197,1,197,67,3641,281,123,3641,281,197,123,3389,197,197,141,1,123,3389,197,197,281,197,197,281,123,3641,141,263,3585,197,263,3585,
a4772f06-47a6-4698-be78-9d5fa55bc842	the_script	breakeven_crd.htm	197,197,67,3371,3641,141,69,4239,3641,141,69,4239,3641,141,69,4239,3641,141,69,4239,3641,141,69,4239,3641,141,69,4239,3641,141,69,4239,3641,141,69,4239,3641,141,69,4117,197,197,67,3585,197,197,67,3585,197,197,67,3585,197,197,67,3371,3641,141,69,4239,3641,141,69,4239,3641,141,69,4239,3641,141,69,4239,3641,141,69,4117,197,197,67,3585,197,197,67,3585,197,197,67,3585,197,197,67,3585,197,197,67,3585,197,197,67,3371,3641,141,69,4239,3641,141,69,4239,3641,141,69,4239,3641,141,69,4239,3641,141,69,4239,3641,141,69,4239,3641,141,69,4117,1,197,197,67,3585,197,197,67,3585,197,197,67,3585,197,197,67,3585,197,197,67,3585,197,197,67,3585,197,197,67,3585,197,197,67,3585,197,197,67,3585,197,197,67,3585,197,197,67,
527bcafe-1e67-4715-a997-37a4b37216e2	mumford_and_sons	little_lion_man_crd.htm	3445,263,3445,263,3445,197,281,5,1541,197,281,5,1541,263,3585,197,263,3585,197,263,3585,197,197,67,3371,3445,263,3445,263,3445,197,281,5,1541,197,281,5,1541,263,3585,197,263,3585,197,263,3585,197,197,67,3585,197,263,3585,197,263,3585,197,197,67,3371,3445,197,141,141,123,3445,263,3585,197,263,3585,197,197,67,3445,
d730fc4e-fdac-417e-9efe-fb069ff49e93	taylor_swift	love_story_crd.htm	197,67,3585,197,141,123,3585,197,141,123,3641,281,57,67,3445,141,57,67,3445,1,197,67,3585,57,141,1,141,123,3641,281,57,67,3445,141,57,67,3445,1,197,67,3585,57,141,1,197,67,3585,57,141,197,67,3585,123,3585,197,197,67,3585,197,197,141,197,67,3585,57,197,197,67,3585,57,141,1,197,67,3585,197,
d4798ca8-d814-4f19-b63a-43e553ed63cb	death_cab_for_cutie	i_will_follow_you_into_the_dark_crd.htm	291,3445,141,197,197,67,3445,197,67,3445,113,151,3641,281,11,3557,1,197,281,197,197,281,197,197,67,3445,141,197,197,67,3445,197,67,3445,113,151,3641,281,11,3557,1,197,67,3557,29,197,197,141,197,67,3585,197,197,67,3445,141,197,197,67,3445,197,67,3445,113,151,3641,281,11,3557,1,197,141,263,3585,197,197,141,263,3585,197,197,67,3595,3483,3445,141,197,197,67,3445,197,67,3445,113,151,3641,281,11,3557,263,3361,
4be709c4-4421-413c-899f-a90453405e71	israel_kamakawiwoole	somewhere_over_the_rainbow_what_a_wonderful_world_ver2_crd.htm	197,67,3585,57,265,4061,125,4043,3445,197,141,197,67,3585,197,197,67,3585,197,197,281,197,141,321,4183,3585,197,197,281,125,4257,197,197,67,3585,197,197,281,125,4257,197,197,67,3585,197,197,67,3585,197,197,67,3585,197,197,281,125,4257,197,197,67,3585,197,197,281,125,4257,197,197,67,3585,57,67,3585,197,197,281,125,4257,197,197,67,3585,57,141,141,197,197,67,3641,67,3585,125,4257,125,4257,125,4257,57,141,197,281,125,4257,197,197,67,3585,57,67,3585,197,197,67,3585,197,197,67,3585,197,197,281,125,4257,197,197,67,3585,197,197,281,197,141,321,4183,3585,253,1,1,1,1,1,1,1,
c40c3213-417f-4d7e-ac63-08b211451d83	journey	dont_stop_believing_ver2_crd.htm	197,67,3585,197,197,263,3389,197,197,67,3585,197,197,263,3389,197,197,67,3585,197,197,263,3389,1,197,141,197,141,197,141,197,1,197,67,3585,197,197,263,3389,197,197,67,3585,197,197,263,3389,1,197,141,197,141,197,141,197,1,197,67,3585,197,197,263,3585,197,67,3585,197,197,263,3585,197,67,3585,197,197,263,
d2571aec-5b4c-4d5e-abf5-44d8aa8625a5	johnny_cash	hurt_ver3_crd.htm	3445,57,85,57,67,3445,57,207,3445,57,207,3445,57,207,3445,57,207,3445,57,207,3445,57,207,3445,57,207,3445,57,141,67,3585,197,197,67,3585,197,197,67,3585,197,197,67,3585,57,67,3371,3445,57,207,3445,57,207,3445,57,207,3445,57,207,3445,57,207,3445,57,207,3445,57,207,3445,57,141,67,3585,197,197,67,3585,197,197,67,3585,197,197,67,3585,197,197,141,57,207,3445,57,207,3445,57,207,3445,57,207,
65e64126-f3ba-43dd-92ce-2c2c65644914	green_day	boulevard_of_broken_dreams_acoustic_ver3_crd.htm	3445,197,197,207,3445,197,197,207,3445,197,197,207,3371,3445,197,197,207,3445,197,197,207,3445,197,197,207,3445,197,197,207,3445,197,197,85,197,197,67,3585,197,197,67,3585,197,197,67,3585,197,113,151,3445,197,197,207,3445,197,197,207,3445,197,197,207,3445,197,197,207,3371,3445,197,197,207,3445,197,197,207,3445,197,197,207,3445,197,197,207,3445,197,197,85,197,197,67,3585,197,197,67,3585,197,197,67,3585,197,113,151,3445,197,197,207,3445,197,197,85,197,197,67,3585,197,113,151,3445,197,197,207,3445,197,197,225,225,57,309,169,225,29,225,57,309,169,225,29,225,57,309,169,225,
0c7c8641-ec9f-4a5f-a119-dbcd79806355	the_red_jumpsuit_apparatus	your_guardian_angel_ver2_crd.htm	67,3585,57,141,197,67,3585,57,141,197,67,3585,197,197,67,3585,197,197,67,3585,197,197,67,3585,197,197,67,3585,197,197,67,3585,197,197,67,3585,197,197,67,3585,197,197,67,3585,197,197,67,3585,197,197,67,3585,197,197,67,3585,57,141,197,67,3585,57,141,197,67,3585,57,141,197,67,3585,197,197,67,3585,197,197,67,3585,197,197,67,3585,
bb1c290c-ba09-493c-b4a6-68517da606a2	rise_against	hero_of_war_ver4_crd.htm	141,57,263,3511,3445,123,3389,197,141,197,197,141,123,3389,197,141,197,197,67,3585,197,197,67,3585,197,197,141,123,3389,197,141,197,197,141,123,3389,197,141,197,197,67,3585,197,197,67,3585,197,197,141,123,3389,197,141,197,197,141,123,3389,197,141,197,197,67,3585,197,197,67,3585,197,197,141,123,3389,197,
32f95ab9-870d-499f-99f8-8be0fbf92e8d	red_hot_chili_peppers	snow_hey_oh_ver3_crd.htm	3585,197,197,67,3585,197,197,67,3585,197,197,67,3585,197,197,67,3585,197,197,67,3585,197,197,67,3585,197,197,67,3585,197,197,281,123,3585,197,197,207,3641,197,207,3641,197,207,3641,197,207,
36f66b25-3536-47f8-adc0-6a37cf01083a	a_day_to_remember	if_it_means_a_lot_to_you_ver2_crd.htm	3445,197,67,3445,197,67,3445,197,67,3445,197,141,197,67,3585,197,197,67,3613,29,141,197,67,3613,29,67,3445,197,67,3445,197,67,3445,197,67,3445,197,141,197,67,3585,197,197,141,1,197,67,3613,29,141,197,67,3613,29,67,3641,141,1,263,3371,3641,1,67,3641,1,67,3641,1,141,197,67,3445,197,67,3445,197,67,
b7e7b504-6dc1-4dd4-8638-db5666f40296	miley_cyrus	when_i_look_at_you_ver2_crd.htm	263,3641,281,319,3511,3445,197,281,123,3445,197,281,123,3445,197,281,319,3389,197,197,141,197,67,3585,197,197,67,3585,197,197,67,3585,197,197,67,3585,123,3445,197,281,123,3445,197,281,319,3389,197,197,141,197,67,3585,197,197,67,3585,197,197,67,3585,197,197,67,3585,197,141,57,67,3445,141,57,67,3445,141,57,67,3445,197,141,197,67,3585,197,197,67,3585,197,197,67,3585,197,197,67,3585,197,141,57,281,
f7c5c773-b45d-4087-b05e-8b62cc026b75	secondhand_serenade	fall_for_you_crd.htm	3445,141,57,67,3585,197,197,67,3585,197,197,281,57,141,263,3585,57,141,263,3585,57,67,3585,197,197,67,3585,197,197,67,3585,197,197,281,57,141,263,3585,57,141,263,3585,57,67,3585,197,197,67,3585,197,197,67,3585,197,197,281,197,263,3585,57,141,263,3585,57,141,263,3585,57,141,263,3585,57,141,
1878ad0e-c49a-4934-a26a-bcacc089ae12	cranberries	zombie_ver4_crd.htm	3585,197,197,67,3585,197,197,67,3585,197,197,67,3585,197,197,67,3585,197,197,67,3585,197,197,67,3585,197,197,67,3585,197,197,67,3585,197,197,67,3585,197,197,67,3585,197,197,67,3585,197,197,67,3585,197,197,67,3585,197,197,
05deb78a-bcc4-4e8a-979e-84a905cdf8d0	nelly	just_a_dream_ver5_crd.htm	3585,197,197,67,3585,197,197,67,3585,197,197,67,3585,197,197,67,3585,197,197,67,3585,197,197,67,3585,197,197,67,3585,197,197,67,3585,197,197,67,3585,197,197,67,3585,197,197,67,3585,197,197,67,3585,197,197,67,3585,197,197,67,3585,197,197,67,3585,197,197,67,3585,197,197,67,3585,197,197,
a3159a2d-198c-407c-9eb5-842bb807f898	taylor_swift	teardrops_on_my_guitar_crd.htm	197,67,3585,197,197,67,3585,197,215,6117,4283,8933,263,3585,57,141,263,3585,57,67,3585,197,197,141,263,3585,57,141,263,3585,57,67,3585,197,197,141,197,67,3585,197,197,67,3585,197,263,3585,57,141,263,3585,57,67,3585,197,197,141,197,67,3585,197,197,67,3585,123,3585,197,197,141,197,67,3585,197,197,67,3585,197,197,67,3585,197,263,3585,57,141,
861b971e-95b6-4d5e-891f-d44c1aca56ac	the_script	for_the_first_time_ver2_crd.htm	197,67,3585,197,197,67,3585,123,3585,197,197,67,3585,197,197,141,197,67,3585,197,197,67,3585,123,3585,197,197,67,3585,197,197,141,197,67,3585,123,3585,197,197,67,3585,197,197,141,197,67,3585,197,197,67,3585,197,
a6bc4a12-867d-4602-ab97-4b2eb07ef0fa	taylor_swift	mine_ver6_crd.htm	8933,265,4331,6329,123,3641,282,534,534,403,3446,503,8933,215,6117,4283,8933,215,6355,8933,215,6117,4283,8933,215,6355,8933,215,6117,4283,8933,215,6329,197,197,281,197,197,281,197,197,281,197,197,281,197,197,67,3641,281,197,197,67,3641,281,27,8933,215,6117,4283,8933,215,6355,8933,215,6117,4283,8933,215,6329,197,197,281,197,197,281,197,197,281,197,197,281,197,197,67,3641,281,197,197,67,3641,281,197,197,67,3641,281,197,197,67,3641,281,197,197,67,3585,197,197,67,3585,57,67,3585,57,281,197,197,281,197,197,281,197,197,281,197,197,281,1,197,197,67,3641,281,197,197,281,197,197,67,3641,281,197,197,281,197,197,281,197,197,281,197,197,281,197,197,
23b76b5d-dc41-4314-a6e8-c1f0520efa63	linkin_park	numb_acoustic_crd.htm	3585,197,197,67,3585,197,197,67,3585,197,197,281,57,67,3445,141,57,67,3585,197,197,67,3585,197,197,67,3585,197,197,67,3585,197,197,281,57,67,3445,141,57,67,3445,197,67,3585,197,197,67,3585,197,197,67,3641,67,3445,263,3641,281,57,253,151,3585,197,197,67,3585,197,197,67,3585,197,197,67,3585,197,197,67,3585,197,197,
a87f9348-5d91-4798-9953-ad6a419f31b3	neon_trees	animal_ver6_crd.htm	197,281,57,281,197,197,281,57,281,197,197,281,197,123,3389,57,141,1,197,281,57,281,197,197,281,57,141,197,281,197,123,3389,57,281,1,57,281,197,197,281,197,197,67,3371,3445,197,281,197,1,1,197,67,3585,197,197,141,123,3389,57,141,
09e693de-d2ba-4ae6-be30-568804e70393	avenged_sevenfold	afterlife_crd.htm	3455,3623,3455,3623,3455,3623,3455,3623,3641,67,3641,67,3641,281,309,151,3445,141,123,3445,141,57,141,1,197,67,3585,197,1,197,67,3585,123,3455,3623,3455,3623,3455,3623,3455,3623,3641,67,3641,67,3641,281,309,151,3445,141,123,3445,141,57,141,197,67,3585,197,197,67,3585,197,197,67,3585,197,197,67,3585,123,3445,197,67,3585,197,197,67,3585,197,197,67,3585,197,197,67,3585,123,
134d20f5-afc6-4ecf-ab12-bd300049d763	rihanna	umbrella_ver5_crd.htm	197,113,151,3585,197,113,151,3585,1,197,197,67,3585,197,197,67,3585,57,253,151,3585,57,253,151,3585,197,113,151,3585,197,113,151,3585,141,197,197,281,197,309,29,1,57,253,151,3585,57,253,151,3585,197,113,151,3585,57,253,151,3585,57,253,151,3585,57,253,151,
5f452653-6b11-4c18-8840-691ce9d1c9ce	red_hot_chili_peppers	otherside_crd.htm	3585,197,197,67,3585,197,197,67,3585,197,197,67,3567,3511,3567,3511,3567,3445,67,3371,3567,3511,3567,3511,3567,3445,67,3641,67,3641,67,3371,3567,3511,3567,3511,3567,3445,67,3371,3567,3511,3567,3511,3567,3445,67,3641,67,3641,67,3567,3585,123,3585,123,3585,263,3585,197,197,67,3585,197,197,67,3585,197,197,67,
ac3be099-2d19-4812-904a-f4edd330cc2c	avenged_sevenfold	seize_the_day_ver2_crd.htm	3445,57,281,141,57,67,3501,141,141,197,67,3501,141,141,263,3501,281,197,67,3501,281,197,67,3501,281,197,67,3501,281,197,197,141,141,197,67,3585,123,3445,57,281,141,57,67,3371,3501,281,197,67,3501,281,197,67,3501,281,197,67,3501,281,197,197,141,141,197,67,3585,123,3445,57,281,141,57,67,3371,3445,57,281,141,57,67,3445,197,67,3585,197,197,67,3585,197,197,281,123,3445,57,281,141,57,67,3371,3445,57,281,141,57,67,3501,281,123,3389,253,281,123,3389,
b910e0b1-5b4b-4fb2-a962-8999d93a36b6	james_blunt	stay_the_night_ver2_crd.htm	197,67,3585,197,197,67,3585,57,67,3585,197,197,1,67,3585,197,197,207,3445,263,3445,57,141,197,67,3585,197,197,67,3585,197,197,67,3585,197,197,67,3585,263,3445,197,197,67,3641,207,3445,197,197,67,3641,207,3445,197,197,67,3641,281,57,141,197,67,3585,197,197,67,3585,197,
ef461bb1-0d58-4e09-84c3-6dbc30a06cf1	onerepublic	apologize_crd.htm	3585,197,197,67,3585,197,197,67,3585,197,197,67,3585,197,197,67,3585,197,197,67,3585,197,197,
e48da1fd-6b80-43aa-94ee-570a00dcab1e	secondhand_serenade	your_call_crd.htm	57,67,3585,57,67,3585,57,67,3585,57,67,3585,57,67,3585,123,3585,57,67,3445,197,67,3585,197,197,67,3585,1,1,57,67,3585,57,67,3585,57,67,3585,57,67,3585,57,67,3641,67,3445,197,67,3585,197,197,67,3585,1,123,3641,281,57,1,281,57,141,197,67,3585,197,197,67,3585,197,197,67,3585,197,197,67,
9405229c-1daf-4858-ba72-4cde6ed4e6fb	nickelback	far_away_ver3_crd.htm	197,67,3585,197,197,67,3585,197,197,67,3585,197,197,67,3585,263,3371,3445,57,141,197,67,3585,197,1,197,67,3585,197,1,197,67,3585,1,197,1,197,67,3585,197,197,67,3371,3585,197,1,197,67,3371,3585,263,3371,3445,57,141,197,67,3585,197,1,197,67,3585,253,197,67,3585,197,1,197,67,3585,197,1,197,67,3585,197,1,197,67,3371,3585,197,1,197,67,3585,197,1,197,67,3371,3585,197,1,197,67,3585,197,1,197,67,3585,197,
e880d3a6-e8a6-4e91-8d6f-610e1746750d	jason_mraz	im_yours_acoustic_ver6_crd.htm	197,67,3585,197,197,67,3585,197,197,67,3585,197,197,67,3585,197,197,67,3585,197,197,67,3585,197,197,67,3585,197,197,67,3585,197,197,1,1,1,1,67,3585,197,197,67,3585,197,197,67,3585,197,197,67,3585,197,197,67,3585,197,197,67,3585,
b3db458c-1975-4acc-b34e-ba62fbb9c6e7	u2	with_or_without_you_crd.htm	197,67,3585,197,197,67,3585,
bf789fbd-5489-483d-911a-a2fcc81224cf	taylor_swift	sparks_fly_crd.htm	3585,197,197,123,3585,197,197,11,3585,197,197,67,3585,197,197,67,3585,197,197,281,57,141,197,67,3585,57,67,3585,197,197,67,3585,197,197,67,3585,197,197,67,3585,197,197,67,3585,197,197,67,3585,197,197,67,3585,197,197,281,57,141,197,67,3585,57,67,3585,197,197,67,3585,197,197,67,3585,197,197,67,3585,197,197,67,3585,197,197,67,3585,197,197,67,3585,197,197,67,3585,197,197,67,3585,197,197,67,3585,197,197,67,3585,197,197,67,3585,197,197,67,3585,197,197,67,3585,197,197,67,3585,197,197,67,
4187517a-03e0-4c00-bfb7-791b9792d9b4	hillsongs	mighty_to_save_ver3_crd.htm	197,263,3641,281,197,263,3641,281,197,263,3641,281,57,281,57,141,197,281,197,263,3641,141,197,281,197,263,3641,281,197,263,3641,281,197,263,3641,281,197,263,3641,281,57,281,57,141,197,281,197,263,3641,141,197,281,197,263,3641,281,197,197,67,3585,197,197,67,3585,197,197,67,
d319e8f9-0c38-4868-9b0e-6faaffb01e44	john_denver	take_me_home_country_roads_ver8_crd.htm	263,3641,281,197,263,3641,281,197,1,197,67,3585,197,197,281,197,1,263,3641,281,197,263,3641,281,197,263,3641,141,141,197,197,67,3389,197,197,197,4,
ae3e3b0a-fbd7-48d4-b5c0-7e9f2163a745	eddie_vedder	society_ver2_crd.htm	3445,197,141,1,141,57,281,57,67,3585,57,67,3585,197,197,67,3445,197,141,1,141,57,281,57,67,3585,57,67,3585,197,197,67,3585,197,197,67,3445,197,141,1,141,57,281,57,67,3585,197,197,67,3445,197,141,1,141,57,281,57,67,3585,57,67,3585,197,197,67,3585,197,197,67,3585,197,197,67,3585,197,197,67,
d7f62894-c11a-4927-b55e-95ea8f2d2b25	lady_gaga	paparazzi_ver2_crd.htm	3585,123,3371,3585,263,3445,197,67,3585,197,197,67,3585,197,197,67,3567,3585,197,67,3585,319,
42a90aaa-d724-4675-8af6-81f4bd6a3c7f	lady_gaga	poker_face_ver5_crd.htm	3585,197,197,67,3585,197,197,67,3585,197,197,67,3585,197,197,67,3585,197,197,67,3585,197,197,67,3585,197,197,67,3585,197,197,67,3585,197,197,67,3585,197,197,67,3585,197,197,67,3585,197,197,67,3585,197,197,67,3585,197,197,67,3585,197,197,67,3585,197,197,67,3585,197,197,67,3371,3585,197,197,67,3585,197,197,
3c8db9a7-dd08-4fc0-8f03-f870a8927126	mgmt	kids_crd.htm	3585,57,85,179,3585,179,3585,197,11,3585,197,197,67,3585,197,197,67,3585,197,197,67,3585,197,197,67,3585,197,197,67,3585,197,197,67,3585,197,197,1,67,3389,179,3585,179,3585,197,85,
7ea6e50f-44da-4075-b4f9-01b41280fe1b	creed	one_last_breath_crd.htm	197,67,3585,197,197,67,3585,197,197,67,3585,197,197,67,3585,197,197,67,3585,197,113,113,39,3585,197,113,113,39,3585,197,197,67,3585,197,197,67,3585,197,197,67,3585,197,197,67,3585,197,197,67,3585,123,3585,123,3585,253,85,197,197,67,3585,253,85,197,197,67,3585,197,113,113,39,3585,
0d1f6060-686e-4764-8c1d-3eb0f6b92991	old_crow_medicine_show	wagon_wheel_ver3_crd.htm	197,67,3585,197,197,281,197,197,67,3585,197,197,281,197,197,67,3585,197,197,281,197,197,67,3585,197,197,281,197,197,67,3585,197,197,281,197,197,67,3585,197,197,281,197,197,67,3585,197,197,281,197,197,67,3585,197,197,281,197,197,67,3585,197,197,281,197,197,67,3585,197,197,281,197,197,67,3585,197,197,281,197,197,67,3585,197,197,281,197,197,67,3585,197,197,281,197,197,67,3585,197,197,281,197,197,67,3585,197,197,281,197,
79f8ac0f-3b86-4e09-aea3-04b21b656383	chris_tomlin	our_god_is_greater_ver2_crd.htm	3585,197,197,67,3585,197,197,67,3585,197,263,3585,197,69,4173,67,3585,197,263,3585,197,69,4173,67,3585,197,197,67,3585,197,197,67,3585,197,263,3585,197,69,4173,67,3585,197,197,1,
5a9a1883-fc0f-4afa-8b4c-98b9dfa5bce1	rihanna	love_the_way_you_lie_part_2_ver2_crd.htm	3585,197,197,67,3585,197,197,67,3585,197,197,67,3585,197,197,67,3585,197,197,67,3585,197,197,67,3585,197,197,67,3585,197,197,67,3585,197,197,67,3585,197,197,67,3585,197,197,
75dc3cf0-cfe0-4449-86e5-6c62e079f77e	band_of_horses	the_funeral_ver2_crd.htm	197,197,67,3585,197,197,67,3641,141,141,57,141,141,57,141,141,57,141,141,1,197,197,67,3585,197,197,67,
9fb6a80f-3725-4900-acc9-594b8661cfd9	avril_lavigne	complicated_crd.htm	3585,197,197,141,263,3585,57,141,263,3585,57,281,123,3585,57,67,3585,197,197,67,3585,1,197,197,67,3585,197,197,207,3445,197,1,263,3585,57,281,123,3585,57,67,3585,197,197,67,3585,197,197,207,3445,197,263,3585,57,281,123,3585,57,67,3585,197,197,67,3585,197,197,207,3445,197,
e549eacc-6f63-42a6-bf54-7dd8106c0bc3	calling	wherever_you_will_go_ver6_crd.htm	197,67,3585,197,197,67,3585,197,1,197,67,3585,197,1,197,67,3585,197,1,197,67,3585,197,1,197,67,3585,197,1,197,67,3585,197,1,197,67,3585,197,1,197,67,3585,197,1,197,67,3585,197,1,197,67,3585,1,197,1,197,67,3585,197,1,197,67,3585,123,3371,3585,57,263,3511,3585,57,263,3371,3511,3445,197,67,3585,197,1,197,67,3585,197,1,197,67,3585,197,1,197,67,3585,197,1,197,67,3585,197,1,197,67,3585,197,197,67,3585,197,197,67,3585,
715eb13a-6245-4365-8697-5375b29690df	the_fray	you_found_me_ver2_crd.htm	197,263,3641,281,197,263,3641,141,141,1,197,263,3641,141,141,1,197,263,3641,141,141,1,197,263,3641,141,141,123,3641,281,57,141,141,123,3641,281,57,141,141,57,141,141,57,141,141,57,141,141,123,3641,281,57,141,263,3585,197,197,67,3585,197,197,67,3585,197,197,67,3585,197,197,141,141,123,3641,281,57,141,141,123,3641,281,57,141,141,197,141,123,3641,281,197,197,281,57,141,141,123,3585,197,197,67,3585,197,197,67,3585,197,197,67,3585,197,197,141,141,57,141,141,57,141,141,57,141,141,57,141,141,57,141,141,57,141,141,57,141,141,57,141,141,123,3585,197,197,67,3585,197,197,67,3585,197,197,67,3585,197,197,67,3585,197,197,67,3585,197,197,141,141,123,3585,197,197,141,141,
4d9e91f8-997a-45c3-b211-fc9f07c7bfec	robbie_williams	angels_ver6_crd.htm	141,57,141,141,57,207,3445,125,4257,141,197,197,281,197,197,197,67,3585,197,197,67,3585,197,67,3585,197,197,1,141,57,141,141,57,281,141,197,197,281,197,197,1,197,67,3585,197,197,67,3585,197,67,3585,197,197,207,3641,197,1,1,197,67,3585,197,197,67,3585,197,67,3585,197,197,
fbd4bd4d-f7b3-4b75-a77a-59bbd6c4e9fa	taylor_swift	crazier_ver2_crd.htm	197,67,3585,263,3445,197,67,3585,263,3501,197,67,3585,1,197,197,207,3445,57,141,197,207,3445,57,67,3585,57,67,3585,197,197,67,3585,197,197,67,3585,1,197,197,207,3445,57,141,197,207,3445,57,67,3585,57,67,3585,197,197,67,3585,197,197,67,3585,1,197,197,281,1,57,67,3585,57,67,3585,197,197,67,3585,197,197,67,3585,1,
