b094c374-b3bd-4342-8a87-b4d48320b696	bruno_mars	just_the_way_you_are_ver2_crd_970416id_23072010date.htm	263,3585,197,1,263,3585,197,1,263,3585,197,1,263,3585,197,1,263,3585,197,1,263,3585,197,1,263,3585,197,1,263,3585,197,
1a058804-eb85-4461-8785-0821dfc02da8	oasis	wonderwall_ver2_crd.htm	3445,197,197,207,3445,197,197,207,3445,197,197,207,3445,197,197,207,3445,197,197,85,57,197,207,3445,197,197,207,3445,197,197,207,3445,197,197,207,3445,197,197,85,57,67,3585,57,67,3585,57,141,1,309,29,253,85,57,85,123,3445,263,3585,123,3445,263,3585,123,3445,263,3585,123,3445,263,3557,281,207,3445,197,197,207,3445,197,197,207,3445,197,197,207,3445,197,197,85,57,67,3585,57,67,3585,57,141,1,309,29,253,85,57,85,123,3445,263,3585,123,3445,263,3585,123,3445,263,3585,123,3445,263,3585,123,3445,263,3585,123,3445,263,3585,123,3445,263,3585,123,3445,263,3585,123,3445,263,3585,123,3445,263,3585,123,3445,263,3585,123,3445,263,3585,123,3445,263,3585,123,3445,263,
150f07c7-67d4-4ff5-b8d9-746d8cc3dc36	eagles	hotel_california_crd.htm	3557,85,197,85,197,67,3567,3557,85,197,85,197,67,3417,151,3557,85,197,85,197,67,3417,29,197,67,3567,3585,197,67,3417,
05ae28da-817a-46da-8e69-22b0f2b5cd24	jeff_buckley	hallelujah_ver2_crd.htm	263,3445,263,3445,263,3445,263,3585,57,141,197,141,141,57,67,3585,57,263,3511,3585,123,3585,197,197,141,1,263,3445,263,3585,57,141,197,141,141,57,67,3585,57,263,3511,3585,123,3585,197,197,141,1,263,3445,263,3585,57,141,197,141,141,57,67,3585,57,263,3511,3585,123,3585,197,197,141,1,263,3445,263,3585,57,141,197,141,141,57,67,3585,57,263,3511,3445,263,3445,263,3585,57,141,197,141,141,57,67,3585,57,263,3511,3585,123,3585,197,197,141,
847cf280-796b-4c73-be9e-8a8b283b1f85	metallica	nothing_else_matters_ver4_crd.htm	3371,3371,3641,281,123,3641,281,123,3641,281,123,3641,281,197,113,151,3371,3641,281,197,113,151,3585,253,141,281,253,141,281,253,141,67,
74336d48-7f55-4a9f-95e2-f5782b43e508	adele	rolling_in_the_deep_ver6_crd.htm	3371,3557,85,253,85,67,3557,85,253,85,67,3557,85,253,85,67,3557,85,253,85,281,57,263,3389,1,57,263,3361,1,151,3641,281,57,67,3641,281,57,67,3557,85,253,85,67,3557,85,253,85,281,57,263,3389,1,57,263,3361,1,151,3641,281,57,67,3641,281,57,281,57,67,3641,281,57,67,3371,3641,281,57,67,3641,281,57,67,3641,281,57,67,3641,281,57,67,3641,281,57,67,3641,281,57,67,
4404aaf2-550a-4b07-8de6-daa2b4f3b8fa	rebecca_black	friday_crd.htm	263,3585,57,141,263,3585,57,141,263,3585,57,141,263,3585,57,141,263,3585,57,141,263,3585,123,
2144966a-fee8-4b57-b56e-57f759eebab7	pink_floyd	wish_you_were_here_crd.htm	57,207,3641,197,281,263,3641,141,57,207,3641,197,281,263,3641,263,3445,263,3445,263,3501,207,3501,85,57,207,3641,197,281,263,3641,263,3445,263,3445,263,3501,207,3501,281,
ad8710f6-5813-4e0f-bef1-4bda617bf50b	plain_white_ts	hey_there_delilah_ver3_crd.htm	123,3585,123,3585,123,3585,123,3511,3585,57,67,3641,141,123,3585,123,3511,3585,57,67,3641,141,263,3445,263,3445,263,3445,263,3445,1,123,3585,123,3511,3585,57,67,3641,141,123,3585,123,3511,3585,57,67,3641,141,263,3445,263,3445,263,3445,263,3585,57,141,263,3585,57,141,263,3585,57,67,3641,141,123,3585,123,3511,3585,57,67,3585,57,67,3585,57,67,3641,141,263,3445,263,3445,263,3445,263,3445,263,3445,263,3445,263,3445,263,3445,1,
52b80919-f691-422a-8aa1-d153b4cdfeed	paramore	the_only_exception_crd.htm	67,3511,3361,281,1,141,57,207,3641,197,207,3641,197,207,3641,197,207,3641,197,207,3641,197,207,3641,197,207,3641,197,207,3641,197,207,3641,197,207,3641,197,207,3641,197,207,3641,197,207,3641,263,3641,197,207,3641,197,207,3641,197,207,3641,197,281,197,207,3641,197,207,3641,197,207,3641,197,207,3641,141,197,197,281,197,197,
23263685-3df3-4876-a8fc-386432084dd8	lady_gaga	born_this_way_ver3_crd.htm	281,197,197,1,281,197,197,1,281,197,197,1,281,197,197,1,281,197,197,1,281,197,197,1,281,197,197,1,281,197,197,1,281,197,197,1,281,57,281,57,281,57,1,281,197,197,1,281,197,197,1,281,197,197,1,281,197,197,1,281,197,197,1,281,197,197,1,281,197,197,1,281,197,197,1,1,281,57,281,57,281,57,281,57,281,57,281,57,281,57,1,281,197,197,1,281,197,197,1,281,197,197,1,281,197,197,1,281,197,197,1,281,197,197,1,281,197,197,1,281,197,197,1,281,57,281,
2e517eab-3963-4517-a49b-a1c59768c088	katy_perry	firework_ver2_crd.htm	67,3567,3585,197,67,3567,3585,197,67,3567,3585,197,67,3567,3585,197,67,3567,3585,197,67,3567,3585,197,67,3567,3585,197,67,3567,3585,197,67,3567,3585,197,67,3567,3585,197,67,3567,3585,197,67,3567,3585,197,67,3567,3585,197,67,3567,3585,197,67,3567,3585,
ed665932-c80d-49fe-bd4e-a91813771b84	green_day	good_riddance_time_of_your_life_ver3_crd.htm	141,57,141,141,57,141,141,57,67,3641,281,197,263,3641,281,197,263,3445,263,3445,263,3641,141,1,141,57,141,141,57,141,141,57,141,141,57,67,3641,281,197,263,3641,281,197,263,3445,263,3445,263,3641,141,1,141,57,141,141,57,141,141,57,141,141,57,67,3641,281,197,263,3641,281,1,123,3445,263,3445,263,3641,141,1,141,57,141,141,57,67,3445,263,3445,263,3641,141,1,141,57,141,141,57,
39f7f0ae-92df-41ed-b9dd-f8ad56e25bc0	green_day	wake_me_up_when_september_ends_ver5_crd.htm	123,3511,3585,11,3557,1,123,3511,3641,281,11,3557,1,123,3511,3641,281,11,3557,1,263,3567,3389,197,1,263,3567,3389,57,141,123,3511,3641,281,11,3557,1,123,3511,3641,281,11,3557,1,123,3511,3641,281,11,3557,1,263,3567,3389,197,1,263,3567,3389,57,141,123,3511,3641,281,11,3557,1,123,3511,3641,281,11,3557,1,123,3511,3641,281,11,3557,1,141,11,3557,1,141,11,3557,
e6d97075-142b-487d-bc88-c18d5737f487	lynyrd_skynyrd	sweet_home_alabama_crd.htm	281,197,197,281,197,197,281,197,197,281,197,197,281,197,197,281,197,197,281,197,197,281,197,197,281,197,
ee61a2f8-84f2-45ca-84f7-44a9c1204ff4	goo_goo_dolls	iris_ver6_crd.htm	281,57,281,263,3371,3585,197,1,141,123,3641,281,197,1,141,123,3641,281,197,1,141,123,3641,281,197,1,141,123,3641,281,123,3641,281,123,3641,281,123,3641,281,123,3641,281,123,3371,3585,197,1,141,123,3641,281,197,1,141,123,3641,281,123,3641,281,123,3641,281,123,3641,281,123,3641,281,123,3641,281,123,3641,281,123,3641,281,123,3641,281,
809dae8c-e3c7-418b-b6d1-a621b0f831ec	christina_perri	jar_of_hearts_crd.htm	3445,197,207,3567,3445,197,281,263,3641,197,207,3641,197,1,141,197,67,3585,11,3557,1,197,67,3585,11,3557,263,3445,197,207,3567,3445,197,281,263,3641,197,207,3641,197,1,141,197,67,3585,11,3557,1,197,67,3585,11,3557,263,3557,225,57,207,3557,225,57,207,3557,225,57,207,3557,225,57,85,309,225,197,67,3585,11,3557,1,197,67,3585,11,3557,151,3557,151,3557,151,3557,
eef2a113-65ef-4f32-90f8-46039c37a8a7	metallica	one_crd.htm	207,3585,123,3585,123,3445,141,123,3585,123,3585,123,3445,141,123,3585,123,3585,123,3445,141,123,3585,123,3585,123,3445,141,263,3427,3389,57,141,141,281,319,3567,3585,123,3585,123,3445,141,123,3585,123,3585,123,3445,141,1,57,57,281,281,309,141,281,57,57,281,281,67,3585,123,3585,123,3445,141,123,3585,123,3585,123,3445,141,1,57,57,281,281,309,141,281,57,57,281,281,141,141,281,319,3641,141,281,319,3371,3641,141,281,319,3641,141,281,319,3445,57,57,281,281,309,141,281,57,57,281,281,57,57,169,57,57,281,281,309,141,281,57,57,281,281,57,57,169,57,57,281,281,309,141,291,3641,113,29,1,57,253,29,1,113,29,309,29,309,29,309,29,309,1,29,309,1,29,309,29,309,29,309,29,309,29,57,253,29,57,1,169,113,57,169,113,57,281,57,281,309,29,309,1,29,309,29,309,29,309,29,57,253,29,57,253,29,309,
3505edf0-e127-4ad9-9e24-e35a45229af0	red_hot_chili_peppers	californication_crd.htm	3585,123,3585,123,3585,197,197,281,253,207,3585,123,3585,123,3585,197,197,281,253,207,3585,123,3585,123,3585,123,3585,123,3585,197,197,197,207,3445,197,197,207,3585,123,3585,123,3585,197,197,281,253,207,3585,123,3585,123,3585,197,197,281,253,207,3585,123,3585,123,3585,123,3585,123,3585,197,197,197,207,3445,197,197,281,197,197,207,3445,197,197,123,3585,123,3585,263,3445,197,197,67,3585,123,3585,263,3445,197,197,151,3585,123,3585,123,3585,197,197,281,253,207,3585,123,3585,123,3585,123,3585,123,3585,197,197,197,207,3445,197,197,281,197,197,207,3445,197,197,
07c3a1fc-7aa6-4b3a-81d6-ff174dba0325	coldplay	the_scientist_acoustic_crd.htm	3455,3501,85,253,197,197,85,253,85,319,3585,1,197,1,263,3585,1,197,1,263,3585,1,197,1,263,3585,1,197,1,263,3585,1,197,1,263,3585,1,197,1,141,1,197,1,141,1,197,1,197,1,141,1,141,1,197,1,1,263,3585,197,1,263,3585,1,197,1,263,3585,1,197,1,263,3585,1,197,1,263,3585,1,197,1,141,1,197,1,141,1,197,1,197,1,141,1,141,197,1,263,3585,197,1,263,3585,197,263,3585,197,263,3585,197,263,3585,197,
c5704076-9caa-4224-b234-e05f8a304d63	extreme	more_than_words_crd.htm	141,263,3445,1,57,141,1,141,263,3445,57,141,1,141,263,3445,57,67,3567,3651,3501,141,197,67,3567,3651,3501,141,1,141,1,11,3557,263,3511,3501,141,1,197,67,3567,3389,1,197,67,3501,141,1,197,67,3567,3389,1,197,67,3501,141,
f0900cd1-c2e7-4c8b-a60c-cdfc1e7a8f7a	jason_mraz	lucky_ver2_crd.htm	1,263,3511,3501,263,3511,3511,3501,67,3511,3501,141,1,263,3511,3501,141,263,3567,3445,207,3567,3641,207,3567,3641,207,3567,3641,
83adc3d7-9910-4364-a6bb-dc96298176b9	kings_of_leon	use_somebody_ver3_crd.htm	1,141,1,197,1,141,197,1,141,123,3445,141,123,3445,141,197,1,141,197,1,141,123,3445,141,123,3445,141,197,1,141,197,1,141,197,1,141,197,1,141,123,3445,141,123,3445,141,197,1,141,197,1,141,197,1,141,197,1,141,253,113,169,1,141,197,1,141,197,1,141,197,1,141,197,1,141,
787a9f54-b037-4afb-8594-af5a937c6270	beatles	yesterday_ver3_crd_843697id_02072009date.htm	319,3501,151,3371,3585,57,1,141,197,67,3501,85,197,1,319,3501,151,3371,3585,57,1,141,197,67,3501,85,197,113,1,151,3641,281,123,3641,1,141,113,1,151,3641,281,123,3641,1,141,1,319,3501,151,3371,3585,57,1,141,197,67,3501,85,197,113,1,151,3641,281,123,3641,1,141,113,1,151,3641,281,123,3641,1,141,1,319,3501,151,3371,3585,57,1,141,197,67,3501,85,197,263,3501,85,197,
50e1408a-0f58-4c17-afc3-56d32471c2ce	james_blunt	youre_beautiful_crd.htm	141,141,141,113,141,85,1,263,3585,197,1,263,3585,197,1,263,3585,197,1,263,3585,57,281,57,67,3641,281,57,141,141,57,141,197,67,3585,57,67,3585,57,141,1,263,3585,197,1,263,3585,197,1,263,3585,1,57,67,3641,281,57,141,141,57,141,197,67,3585,57,67,3585,57,141,141,57,67,3641,281,57,141,141,57,141,197,67,3585,57,141,197,67,3585,57,67,3585,57,141,
c5e517f1-c4e6-4c4c-a5ab-6176e401e765	bruno_mars	the_lazy_song_ver2_crd_999755id_01112010date.htm	197,281,197,197,281,197,197,281,197,123,3389,197,197,281,197,123,3389,197,197,281,197,197,281,263,3427,3389,57,141,197,281,197,197,281,197,197,281,197,123,3389,197,197,281,197,197,281,197,197,281,197,197,281,197,197,281,197,123,3389,263,3427,3389,57,141,197,281,197,197,281,197,197,281,197,123,3389,263,3501,141,197,281,319,3585,67,3501,141,197,281,319,3585,263,3445,197,281,197,197,281,197,197,281,197,123,3389,197,197,281,197,197,281,197,
89cd3346-cc50-4f8d-8a3b-e39328bcd685	cee_lo_green	fuck_you_crd.htm	57,85,197,1,57,85,197,1,57,85,197,1,57,85,197,57,85,197,1,57,85,197,1,57,85,197,1,57,85,197,57,85,197,1,57,85,197,1,57,85,197,1,57,85,197,57,85,197,57,85,197,1,57,85,197,1,57,85,197,57,85,197,1,57,85,197,1,57,85,197,1,57,85,319,3511,3511,3501,
77e7bc24-08f4-497c-ae8c-d9bd21756e9a	kansas	dust_in_the_wind_ver3_crd.htm	197,67,3641,207,3567,3445,197,67,3641,207,3567,3501,141,67,3501,141,67,3445,197,67,3641,207,3567,3445,197,67,3641,207,3567,3501,141,67,3501,141,67,3445,197,67,3641,207,3567,3445,197,67,3641,207,3567,3501,141,67,3501,141,67,3501,141,67,3501,141,67,
2f03c67b-ce2d-461f-b606-a5568d353b25	taylor_swift	you_belong_with_me_crd.htm	197,207,3445,1,197,207,3445,57,1,197,207,3445,197,197,207,3445,263,3445,197,197,207,3445,57,141,197,207,3445,197,1,197,207,3445,197,197,207,3445,263,3445,197,197,207,3445,57,141,197,207,3445,197,197,207,3445,197,197,207,3445,263,3445,197,197,207,3445,197,197,141,197,207,3445,197,197,207,3445,197,197,207,3445,197,
0012f91f-92f4-4947-b176-babb64cc5fdf	lady_antebellum	need_you_now_crd.htm	123,3445,123,3445,1,1,1,281,123,3585,123,3585,123,3585,123,3585,1,197,123,3585,123,3389,1,1,123,3585,123,3585,123,3585,123,3585,1,197,123,3585,123,3389,1,123,3641,141,123,3389,57,1,281,123,3641,141,123,3585,123,3389,1,197,123,3585,123,3585,123,3585,123,3585,
eb6b1849-e402-4ad6-8493-a6c99bf6e86c	beatles	hey_jude_ver4_crd.htm	197,1,141,141,1,263,3585,57,197,1,141,141,197,197,141,1,197,1,141,141,197,197,141,1,141,1,263,3501,141,1,141,1,263,3501,141,1,1,197,141,197,1,141,141,197,197,141,1,197,141,281,197,197,1,281,197,197,
3e7419f0-5b58-4898-b760-a8afa19c0346	3_doors_down	kryptonite_ver2_crd.htm	3585,57,67,3585,57,67,3585,57,67,3585,57,67,3585,57,67,3585,57,67,3585,57,67,3585,57,67,3585,57,67,3585,57,67,3585,57,67,3585,57,67,3585,57,67,3585,57,67,3585,57,67,3585,57,67,3371,3585,57,67,3585,57,67,3585,57,67,3585,57,67,3585,57,67,3585,57,67,3585,57,67,3585,57,67,3585,57,67,3371,3585,57,67,3585,57,67,3585,57,67,3585,57,67,3585,57,67,3371,3585,57,67,3585,57,67,3585,57,67,3585,57,67,3371,3585,57,67,3585,57,
5e524bd2-a47e-4627-91c0-6046b0e86713	beatles	here_comes_the_sun_crd.htm	141,57,141,141,57,141,141,253,281,1,197,
9b4b5bc9-3de0-4b06-9afe-5e4403751ae7	plain_white_ts	rhythm_of_love_ver6_crd.htm	197,141,197,141,197,141,197,67,3641,281,197,197,141,197,67,3641,281,57,1,141,263,3585,197,263,3585,197,113,151,3641,281,57,1,141,197,141,197,141,197,141,197,67,3641,281,197,197,141,197,67,3641,281,57,1,141,263,3585,197,263,3585,197,113,151,3641,281,57,1,141,197,141,197,253,29,197,197,253,29,197,197,197,85,57,281,1,57,141,1,197,141,197,67,3641,281,197,197,141,197,67,3641,281,123,3641,1,141,263,3585,197,263,3585,197,113,151,3641,281,57,1,141,197,67,3641,281,57,1,141,197,1,1,141,197,141,
cf335d95-ba59-4755-b387-2d4e1a01bec1	lifehouse	you_and_me_ver6_crd.htm	141,57,113,29,263,3641,197,141,281,57,207,3427,3585,141,57,113,29,263,3641,281,197,141,57,113,29,263,3641,281,197,141,57,113,29,263,3641,281,197,57,85,123,3445,263,3641,141,57,85,123,3445,263,3641,281,197,141,57,113,29,263,3641,281,197,141,57,113,29,263,3641,281,197,57,85,123,3445,263,3641,141,57,85,123,3445,263,3641,141,123,3389,197,197,67,3511,3501,263,3399,3557,57,85,123,3445,263,3641,141,57,85,123,3445,263,3641,141,57,85,123,3445,263,3641,141,57,85,123,3445,263,3641,141,141,57,113,29,263,3641,281,197,141,57,113,29,263,3641,281,
8bca6011-7acb-497b-82e4-6cbcbcbc62b2	john_lennon	imagine_ver2_crd.htm	1,141,1,123,3585,57,141,197,141,1,141,1,123,3585,57,141,197,141,1,113,1,29,57,141,113,29,57,141,113,29,57,141,1,1,1,141,1,123,3585,57,141,197,141,1,113,1,29,57,141,113,29,57,141,113,29,57,141,1,197,141,197,141,197,141,197,141,1,253,141,1,1,281,57,141,141,57,141,141,57,141,141,57,141,1,141,197,141,197,141,197,141,1,253,141,1,1,281,57,141,141,57,141,141,57,141,141,57,141,1,141,197,141,197,141,197,141,1,253,141,1,1,281,57,141,141,57,141,141,57,141,141,57,141,141,1,1,141,197,1,1,1,1,1,141,1,1,197,1,1,141,197,1,1,141,197,1,1,141,197,1,1,141,197,67,3501,141,197,281,57,141,113,29,57,141,113,29,57,141,113,29,57,141,1,1,
58f74513-cc3d-4894-9de5-abeaa035c66d	the_fray	how_to_save_a_life_crd.htm	197,67,3641,1,141,197,67,3641,1,141,197,67,3641,1,141,197,67,3641,1,281,57,67,3445,197,281,57,67,3445,197,
4cd45e43-9557-4396-9eb1-81f181bd1052	the_script	the_man_who_cant_be_moved_crd.htm	197,225,197,197,197,85,309,225,207,3445,197,309,225,207,3445,197,309,225,207,3445,197,309,225,207,3445,197,197,207,3445,197,197,207,3445,57,141,197,207,3445,197,309,225,207,3445,197,309,225,207,3445,197,197,207,3445,197,197,207,3445,57,141,197,207,3445,197,197,207,3445,197,197,207,3445,123,3511,3445,123,3511,3445,123,3641,207,3445,57,67,3641,207,3445,197,197,207,3445,197,197,207,3445,57,141,197,207,3445,197,197,207,3445,197,197,207,3445,197,309,225,207,3445,57,
9324c0e1-2bcc-48ca-a23a-5aa21e36f17c	3_doors_down	here_without_you_ver5_crd.htm	3585,57,67,3641,67,3585,57,67,3641,67,3585,57,67,3641,67,3585,57,141,197,67,3585,57,141,197,67,3585,57,67,3641,67,3585,57,67,3641,67,3585,57,67,3641,67,3585,57,141,197,67,3585,57,141,197,67,3585,57,67,3641,67,3585,57,67,3445,197,281,123,3445,197,281,197,197,67,3585,57,141,197,67,3585,57,141,197,67,3585,57,141,197,67,3585,57,67,3399,3585,57,67,3641,67,3585,57,67,3641,67,3585,57,67,3641,67,3585,57,141,197,67,3585,57,141,197,67,3585,57,67,3641,67,3585,57,67,3641,67,3585,57,67,3641,67,3585,57,141,197,67,3585,57,141,197,67,3585,57,67,3641,67,3585,57,67,3445,197,281,123,3445,197,281,197,197,67,3585,57,141,197,67,3585,57,141,197,67,3585,57,141,197,67,3585,57,67,
87aef001-2fbe-4393-a4eb-f06ce8edfa6b	coldplay	viva_la_vida_crd.htm	3399,3613,29,235,3399,3361,57,141,263,3371,3585,57,141,263,3585,57,141,263,3585,57,141,263,3371,3585,57,141,263,3585,57,141,263,3371,3585,57,141,263,3585,57,141,263,3585,57,141,263,3585,57,141,263,3585,57,141,263,3585,57,263,3511,3585,57,141,263,3371,3585,57,141,263,3585,57,141,263,3371,3585,57,141,263,3585,57,141,263,3585,57,141,263,3585,57,141,263,3585,57,141,263,3585,57,263,3511,3585,123,3641,281,57,141,263,3585,57,141,263,3585,57,141,263,3585,57,141,263,3585,57,263,3511,3669,141,141,141,113,141,309,57,141,263,3371,3585,57,141,263,3585,57,141,263,3585,57,141,263,3371,3585,57,141,263,3585,57,141,263,3371,3585,57,141,263,3585,57,141,263,3585,57,141,263,3585,57,141,263,3585,57,141,263,3585,57,263,3511,3585,57,141,263,3371,3585,57,141,263,3585,57,141,263,3371,3585,57,141,263,3585,57,141,263,3585,57,141,263,3585,57,141,263,3585,57,141,263,3585,57,263,3511,3585,123,3641,281,57,141,263,3585,57,141,263,3585,57,141,263,3585,57,141,263,3585,57,263,3511,
7e409a2c-afea-4b71-a030-c578d111665f	far_east_movement	rocketeer_ver6_crd.htm	263,3427,3511,3641,141,113,29,263,3427,3511,3641,281,263,3641,113,29,263,3427,3511,3641,281,263,3641,113,
e4ada09f-d27a-4e20-9e7f-f4d6e2574888	bon_iver	skinny_love_crd_835053id_11062009date.htm	3445,197,67,3371,3445,263,3445,263,3445,197,67,3371,3445,263,3445,263,3445,197,67,3445,197,281,197,197,281,197,197,281,197,197,281,123,3445,263,3445,263,3445,197,67,3445,197,281,197,197,281,197,197,281,197,197,281,197,197,281,197,197,281,
5cbc48ab-ff79-4ce9-bbe2-ee6904390315	bruno_mars	marry_you_ver6_crd_1009718id_06122010date.htm	67,3445,197,1,67,3445,197,1,67,3445,197,1,67,3445,197,1,67,3445,197,1,67,3445,197,1,67,3445,197,1,67,3445,197,1,67,3445,197,1,67,3445,197,1,67,3445,197,1,67,3445,197,1,67,3445,197,1,67,3445,197,1,67,3445,197,1,67,3445,197,
2cf7b25b-4304-41ae-8602-4116b21be50f	miley_cyrus	the_climb_ver9_crd.htm	141,263,3641,141,263,3567,3567,3389,263,3641,141,263,3501,141,263,3641,281,197,1,141,263,3641,141,263,3567,3567,3389,263,3641,141,263,3501,141,263,3641,281,197,1,141,263,3501,141,263,3641,281,197,1,141,197,141,197,
70393fe8-f864-4bef-83df-741e93e776ed	taylor_swift	last_kiss_crd.htm	263,3585,57,141,263,3585,57,141,263,3585,57,141,263,3585,57,281,197,141,57,141,263,3585,123,3641,281,57,141,263,3585,57,141,263,3585,57,281,197,141,57,141,263,3585,123,3641,281,57,281,57,141,263,3585,57,141,263,3585,57,281,197,141,57,281,197,141,57,141,263,3585,123,3641,281,57,141,263,3585,57,141,
30c9917a-724a-495e-b6fa-29f3d43071fb	animals	house_of_the_rising_sun_ver3_crd.htm	3445,57,85,123,3445,113,151,3445,57,85,123,3557,151,3371,3445,57,85,123,3557,151,3557,151,3445,57,85,123,3445,113,1,151,3445,57,85,123,3557,151,3445,57,85,123,3557,151,3557,151,3445,57,85,123,3445,113,1,151,3445,57,85,123,3557,151,3445,57,85,123,3557,151,3557,151,3445,57,85,123,3445,113,1,151,3445,57,85,123,3557,151,3445,57,85,123,3557,151,3557,151,3445,57,85,123,3445,113,1,151,3445,57,85,123,3557,151,3445,57,85,123,3557,151,3557,151,3445,57,85,123,3445,113,1,151,3445,57,85,123,3557,151,3445,57,85,123,3557,151,3557,151,3445,57,85,123,3445,113,1,151,3445,57,85,123,3557,151,3445,57,85,123,3557,151,3501,207,3501,207,3501,207,3501,
a87fd9e1-2269-4058-894b-db8f51de426c	bruno_mars	count_on_me_ver3_crd_958496id_14062010date.htm	1,123,3511,3641,281,197,123,3511,3641,281,263,3427,3389,57,141,123,3511,3641,281,197,123,3511,3641,281,197,123,3511,3641,281,57,207,3427,3511,3641,207,3427,3389,57,
13a5e9f1-32fe-4c08-84a7-50bc6051ccf3	colbie_caillat	bubbly_ver7_crd.htm	197,281,197,1,197,281,197,1,197,281,197,1,197,281,197,1,197,281,197,123,3389,57,207,3427,3389,197,197,281,197,1,197,281,197,1,197,281,197,
d9b16de8-17f3-4e4b-8015-539c87780c2e	snow_patrol	chasing_cars_ver5_crd.htm	197,281,197,1,197,281,197,1,197,281,197,1,197,281,197,1,197,281,197,1,197,281,197,1,197,281,197,1,197,281,197,1,197,281,197,1,197,281,197,1,197,281,197,1,197,281,197,1,197,281,197,1,197,281,197,
6d508458-071e-4560-9137-e45bae761f52	coldplay	yellow_acoustic_crd.htm	1,197,1,281,1,123,3651,3501,1,1,197,1,281,1,197,1,1,197,281,197,197,281,197,197,281,197,1,1,141,123,3641,281,123,3641,281,123,3641,281,1,197,1,1,197,1,281,1,197,1,1,197,281,197,197,281,197,1,1,141,123,3641,281,123,3641,281,123,3641,281,1,197,1,1,197,1,281,1,197,1,1,1,197,1,281,1,197,1,197,1,281,1,197,207,3641,
1cadf0ca-027a-47bd-9f5d-2b8e5d9f64f2	bob_dylan	knocking_on_heavens_door_ver5_crd.htm	197,281,197,197,207,3641,197,281,197,197,207,3641,197,281,57,141,197,207,3641,197,281,57,141,197,207,3641,197,281,57,141,197,207,3641,197,281,197,197,207,3641,197,281,57,141,197,207,3641,
bbbc595e-1a47-4205-a952-55e47f3edc2e	jerryc	canon_rock_crd.htm	197,67,3567,3389,197,141,57,1,1,281,1,197,1,123,3511,
6942d128-92ef-427c-9751-61c64ada9e94	oasis	dont_look_back_in_anger_crd.htm	197,1,67,3557,29,1,11,3445,225,225,141,197,141,197,197,67,3557,29,197,197,67,3557,29,57,141,263,3641,281,11,3557,141,11,3557,141,11,3557,197,29,225,151,3641,281,57,141,197,67,3557,29,57,141,263,3641,141,197,67,3557,29,57,141,197,67,3557,29,57,141,263,3641,141,197,67,3585,11,3557,197,67,3557,29,57,141,
3765e05e-6aa8-4dcc-85fe-b11bf8a54b52	john_mayer	free_fallin_ver4_crd.htm	141,57,1,1,141,141,197,141,1,197,197,141,141,1,197,197,141,141,1,197,197,141,141,1,197,197,141,141,1,197,197,141,141,1,197,197,141,141,1,197,197,141,141,1,197,197,141,141,1,197,197,141,141,1,197,197,141,141,1,197,197,141,141,1,197,197,141,141,1,197,197,141,141,1,197,197,141,141,1,197,197,141,141,1,197,197,141,141,1,197,197,141,141,1,197,197,141,141,1,197,197,141,141,1,197,197,141,141,1,197,197,141,141,1,197,197,141,141,1,197,197,141,141,1,197,197,141,141,1,197,197,141,141,1,197,197,141,141,1,197,197,141,141,1,197,197,141,141,1,197,197,141,141,1,197,197,141,141,1,197,197,141,141,1,197,197,141,141,1,197,197,141,141,1,197,197,141,141,1,197,197,141,141,1,197,197,141,141,1,197,197,141,141,1,197,197,141,141,1,197,197,141,141,1,197,197,
67043072-fa71-4f09-8b59-cdee5cc11b78	train	drops_of_jupiter_crd.htm	197,281,197,197,281,197,197,281,57,197,85,197,197,197,11,3641,197,281,197,197,281,197,197,281,57,197,85,197,197,197,11,3641,197,281,197,197,281,57,197,85,197,197,197,85,197,197,197,11,
367da97f-6cbd-43a2-b5f6-ac39a1630278	pink_floyd	comfortably_numb_ver2_crd.htm	3641,281,263,3567,3371,3641,281,263,3567,3371,3641,281,263,3567,3445,197,141,197,85,197,141,197,197,197,141,197,85,197,141,197,57,67,3585,197,197,141,197,85,197,141,197,57,141,141,197,263,3585,263,3567,3371,3371,3371,3641,281,123,3445,197,141,197,85,197,141,197,197,197,141,197,85,197,141,197,57,1,281,1,197,
aa5d817e-8981-4292-9370-aaa3a9113876	jack_johnson	better_together_ver5_crd.htm	1,263,3641,281,1,309,291,3501,141,1,263,3641,281,1,309,291,3501,141,1,263,3641,281,1,309,291,3501,141,1,263,3641,281,1,309,291,3501,281,57,1,281,57,1,281,57,1,281,57,1,207,3501,207,3501,207,3501,207,3501,281,57,281,57,281,57,281,57,281,57,281,57,
3d3a30a2-5d93-4f03-9276-49474ad827b6	the_band_perry	if_i_die_young_ver3_crd.htm	197,197,281,197,197,281,197,197,281,197,197,281,197,197,281,197,197,281,197,197,281,197,197,281,197,197,281,197,197,281,197,197,281,197,197,281,197,197,281,197,197,281,197,197,281,197,197,281,197,197,281,197,197,281,197,197,281,197,197,281,197,197,281,197,197,281,197,197,281,197,197,281,197,197,281,197,197,281,197,197,281,197,197,281,197,
e90db617-3b66-49cc-bc39-0a2b56d45288	owl_city	fireflies_ver2_crd.htm	141,141,57,141,141,57,141,141,57,141,141,1,197,197,281,197,123,3389,1,197,141,57,67,3585,197,57,85,123,3641,281,197,123,3389,1,197,141,57,67,3585,197,197,281,1,123,3641,281,197,123,3389,1,197,141,57,67,3585,197,57,85,1,123,3641,281,197,123,3389,1,197,141,57,67,3585,197,197,281,1,123,3641,281,197,123,3389,1,197,141,57,67,3585,197,197,
5e09befb-0151-4cfc-b523-bb2a70cb5c56	sixpence_none_the_richer	kiss_me_ver5_crd.htm	1,1,67,3501,67,3445,1,1,1,1,1,1,1,1,1,1,141,263,3501,141,263,3511,3501,141,1,141,57,141,123,3511,3641,281,57,1,1,141,1,1,1,1,1,1,141,
82cd2f61-9cbe-4956-bc88-aca761573bd2	killers	mr_brightside_ver2_crd.htm	1,141,197,1,1,141,197,1,141,197,1,141,123,3641,281,123,3641,281,197,141,123,3641,141,141,123,3641,141,141,123,3641,141,141,123,3641,141,141,123,3641,141,141,123,3641,
b77437bf-bf5e-4020-bbfa-d3a1adff9ad3	rise_against	swing_life_away_ver4_crd.htm	253,225,113,11,3361,281,57,141,197,197,1,1,1,1,141,1,1,1,1,11,3641,281,123,3641,281,123,3585,197,57,207,3585,197,57,207,3585,197,57,141,67,3641,281,123,3641,281,123,3585,197,57,207,3585,197,57,207,3585,197,57,281,1,1,1,1,1,1,263,3445,263,3641,281,123,3445,141,123,3585,197,57,207,3585,197,57,207,3585,197,57,
af1440c2-19eb-426f-a701-0b1177c6d34b	justin_bieber	pray_ver5_crd.htm	3641,281,197,263,3641,281,197,263,3641,281,197,263,3641,281,197,263,3641,281,197,263,3641,281,197,141,197,197,281,123,3641,281,197,263,3641,281,197,263,3641,281,197,263,3641,281,197,263,3641,281,197,263,3641,281,197,263,3641,281,197,263,3641,281,197,141,197,197,281,123,3641,281,197,263,3641,281,197,263,3641,281,197,263,3641,85,57,281,57,197,281,57,281,57,281,123,3641,281,197,197,67,3585,123,3641,281,197,263,3641,281,197,263,3641,281,197,263,3641,67,3641,281,197,263,3641,281,197,263,3641,281,197,263,3641,141,
0f564bf1-9725-4691-959c-1fd51e2d8342	taio_cruz	dynamite_crd.htm	3641,141,141,123,3641,141,141,123,3641,141,141,123,3641,141,141,123,3641,141,141,123,3641,141,141,123,3641,141,141,123,3641,141,141,123,3641,141,141,123,3641,141,141,123,3641,141,141,123,3641,141,141,123,3641,141,141,123,3641,141,141,123,3641,141,141,123,3641,141,141,123,3641,141,141,123,3641,141,141,123,3641,141,141,123,3641,141,141,123,3641,141,141,123,3641,141,141,123,3641,141,141,123,3641,141,141,123,3641,141,141,123,3641,141,141,123,3641,141,141,123,3641,141,141,319,3511,3445,141,319,3511,3445,141,319,3511,3445,141,319,3511,3445,141,123,3641,141,141,123,3641,141,141,123,3641,141,141,123,3641,141,141,123,3641,141,141,123,3641,141,141,123,3641,141,141,123,3641,141,141,123,3641,141,141,
097c97c6-cc5a-4b66-8ea8-bd36a95cb236	foo_fighters	everlong_ver2_crd.htm	225,253,225,57,113,29,1,1,57,57,225,141,57,253,225,113,225,113,141,197,141,85,141,309,141,197,141,197,225,113,225,113,141,197,141,85,141,309,141,141,57,141,197,225,113,225,113,141,197,141,85,141,309,141,197,141,197,225,113,225,113,141,197,141,85,141,309,225,113,225,113,225,113,225,113,141,197,141,85,141,309,141,197,141,197,225,113,225,113,141,197,141,85,141,309,141,197,141,57,29,1,1,57,57,225,141,309,225,197,113,29,1,1,57,57,225,141,309,225,253,225,197,141,197,141,113,225,197,141,57,281,309,225,113,225,113,141,197,141,85,141,309,225,113,225,113,225,113,225,113,141,197,141,85,141,309,225,113,225,113,225,113,225,113,141,197,141,85,141,309,225,113,225,309,29,1,1,57,57,225,141,309,225,197,113,29,1,1,57,57,225,141,309,225,197,113,29,1,1,57,57,225,141,309,225,253,225,197,141,197,141,113,225,197,141,197,141,113,225,197,141,57,281,1,309,225,113,225,113,141,197,141,85,141,309,225,113,225,309,29,1,1,57,57,225,141,309,225,253,225,197,141,197,141,113,225,197,141,197,141,113,225,197,141,57,281,1,1,1,1,309,225,
5656e49f-2bf1-4072-b340-5a124854c197	metallica	the_unforgiven_crd.htm	3567,3641,207,3567,3641,207,3567,3641,207,3567,3641,207,3445,197,141,197,141,197,253,151,3445,197,263,3511,3371,3445,197,253,151,3371,3445,197,263,3511,3371,3445,197,253,151,3371,3567,3641,207,3567,3641,207,3567,3641,207,3567,3641,207,3445,197,141,197,141,197,253,
ff013fd7-5173-4e20-a1a0-965cf32a8f9e	sublime	santeria_ver2_crd.htm	113,151,3641,141,113,151,3641,141,113,151,3641,281,57,141,263,3585,57,141,263,3585,57,141,263,3585,57,141,113,151,3641,141,113,151,3641,281,57,141,263,3585,57,141,263,3585,57,141,263,3585,57,281,57,141,263,3585,57,141,263,3585,57,141,263,3585,57,141,113,151,3641,141,113,151,3641,281,57,141,263,3585,57,141,263,3585,57,141,263,3585,57,
002ea977-3dea-42aa-a547-4f923afccde1	gary_jules	mad_world_ver2_crd.htm	3445,197,197,207,3445,197,197,207,3445,197,197,207,3445,197,197,207,3501,207,3371,3501,207,3371,3501,207,3371,3501,207,3501,207,3501,207,3445,197,197,207,3445,197,197,207,3445,197,197,207,3445,197,197,207,3501,207,3371,3501,207,3371,3501,207,3371,3501,207,3501,207,3501,207,3501,
8a07f609-6067-4b46-9433-c5c4b41c1f4b	aerosmith	i_dont_want_to_miss_a_thing_ver2_crd.htm	263,3445,207,3641,141,197,67,3585,319,3651,3501,141,197,67,3585,319,3651,3427,3389,57,141,197,207,3445,57,141,197,207,3445,57,141,197,207,3427,3389,57,85,197,85,319,3445,197,207,3557,
7130e965-ab26-444c-8973-bc2e7d882558	rolling_stones	paint_it_black_ver2_crd.htm	3557,151,3557,151,3641,141,197,67,3371,3641,141,197,197,57,151,3557,151,3557,151,3641,141,197,67,3371,3641,141,197,197,57,151,3557,151,3557,151,3641,141,197,67,3371,3641,141,197,197,57,151,3557,151,3557,151,3641,141,197,67,3371,3641,141,197,197,57,151,3557,11,3371,3371,3371,3371,3371,3371,3371,3371,3371,3371,
bfa14614-f4a1-4a8a-bfe4-b8667fa12ad2	bob_marley	redemption_song_ver2_crd.htm	263,3371,3585,197,67,3371,3501,141,263,3371,3585,197,67,3641,263,3585,197,67,3641,263,3371,3585,197,67,3641,263,3585,263,3501,1,141,141,57,141,141,57,67,3585,57,141,141,57,141,141,57,1,141,263,3371,3585,197,67,3641,263,3585,197,197,141,263,3371,3585,197,67,3641,263,3585,263,3501,1,141,141,57,141,141,57,67,3585,57,141,141,57,141,141,57,141,141,57,67,3585,57,1,141,263,3371,3585,197,67,3641,263,3585,197,197,141,263,3371,3585,197,67,3641,263,3585,263,3501,1,141,141,57,141,141,57,67,3585,57,141,141,57,67,3585,57,67,3585,57,141,141,57,141,141,123,3511,
48c667eb-fec4-4f77-89a0-5a5141090ebc	edward_sharpe_and_the_magnetic_zeros	home_crd.htm	3445,1,1,141,123,3445,1,1,141,123,3445,1,1,141,123,3445,1,1,141,123,3445,1,1,141,123,3445,1,1,141,123,3445,1,1,141,263,3641,197,207,3641,197,207,3641,141,123,3641,207,3445,57,67,3445,1,1,141,123,3445,1,1,141,123,3445,1,1,141,123,3445,1,1,141,123,3445,1,1,141,123,3445,1,1,141,123,3445,1,1,141,263,3641,197,207,3641,197,207,3641,141,123,3641,207,3445,57,67,3445,1,1,141,123,3445,1,1,141,123,3445,1,1,141,123,3445,141,123,3445,1,141,123,3445,1,1,141,123,3445,1,1,141,123,3445,1,1,141,123,3445,1,1,141,
f5abfcb0-567b-4d05-bded-b495d0fb168e	plain_white_ts	1_2_3_4_ver5_crd.htm	197,67,3585,11,3557,197,67,3641,281,11,3557,1,197,67,3641,141,197,67,3641,281,57,141,197,67,3641,281,11,3557,1,197,67,3641,281,11,3557,
682b8b3e-2ab4-4b98-a5e4-41578e0d4884	lynyrd_skynyrd	free_bird_crd.htm	197,67,3389,197,57,141,197,67,3389,197,57,141,197,67,3389,197,57,141,197,67,3389,197,57,85,197,57,85,197,57,85,197,57,
f4408bda-afc5-4d99-a83f-aa37159bbf2b	bon_jovi	wanted_dead_or_alive_ver3_crd.htm	281,197,141,197,281,253,1,281,197,141,197,281,253,281,197,281,253,281,197,281,253,281,197,281,253,1,281,197,141,197,281,253,1,281,197,141,197,281,253,281,197,281,253,281,197,281,253,281,197,281,253,281,197,281,253,281,141,253,1,281,197,141,197,281,253,1,281,197,141,197,281,253,281,197,281,253,281,197,281,253,281,197,281,253,281,197,281,253,281,197,141,197,141,197,281,253,281,197,141,197,141,197,141,197,141,197,
b2737320-1c23-4c41-93cc-f742d9045ff1	don_mclean	american_pie_ver2_crd.htm	197,67,3511,3445,123,3641,141,197,67,3511,3445,123,3585,57,67,3511,3567,3511,3445,197,67,3445,57,141,197,67,3511,3501,141,197,67,3585,57,141,141,197,1,141,197,197,141,141,197,197,141,141,197,197,67,3501,207,3641,141,67,3445,263,3567,3641,141,197,67,3511,3445,123,3501,141,67,3641,67,3641,281,197,57,85,57,141,197,67,3511,3445,197,197,67,3585,57,141,141,197,1,141,197,197,141,141,197,197,141,141,197,197,67,3501,207,3641,141,67,3445,263,3567,3641,141,197,67,3511,3445,123,3501,141,67,3641,67,3641,281,197,57,85,57,141,197,67,3511,3445,197,197,67,3585,57,141,141,197,1,141,197,197,141,141,197,197,141,141,197,197,67,3501,207,3641,141,67,3445,263,3567,3641,141,197,67,3511,3445,123,3501,141,197,207,3641,67,3641,281,197,57,85,57,141,197,67,3511,3445,197,197,67,3585,57,141,141,197,1,141,197,197,141,141,197,197,141,141,197,197,67,3501,207,3641,141,67,3445,263,3567,3641,141,197,67,3511,3445,123,3501,141,67,3641,67,3641,281,197,57,85,57,141,197,67,3511,3445,197,197,67,3585,57,141,141,197,1,141,197,197,141,141,197,197,141,141,197,197,67,3501,207,3641,141,197,67,3511,3445,123,3641,141,197,67,3511,3445,123,3585,57,67,3511,3567,3511,3445,197,67,3445,57,141,197,67,3511,3445,57,141,197,67,3511,3501,141,197,141,141,197,197,141,141,197,197,141,141,197,197,281,57,141,141,197,
3ce76941-dbc7-483e-afcb-7c19b0e64a7d	guns_n_roses	patience_ver2_crd.htm	141,141,141,113,141,253,197,57,141,281,197,57,141,281,197,141,123,3585,197,197,1,281,197,57,141,1,1,1,1,1,1,281,197,57,141,1,1,1,1,1,1,281,197,141,123,3585,197,197,1,1,1,1,1,1,281,197,141,123,3585,197,197,1,1,1,1,1,1,1,1,1,1,1,1,1,1,1,1,1,1,1,1,281,197,57,141,1,1,1,1,1,1,281,197,57,141,1,1,1,1,1,1,281,197,141,123,3585,197,197,1,1,1,1,1,1,281,197,141,123,3585,197,197,1,1,1,1,1,1,1,1,1,1,1,1,1,1,1,1,1,1,1,1,1,1,1,1,1,1,1,281,197,141,123,3585,197,197,1,1,1,1,1,1,1,1,1,1,1,1,1,1,141,197,141,197,141,197,141,197,141,197,141,197,141,197,141,197,141,197,141,197,141,197,141,197,
63435e3a-40e1-4824-9dd4-72d1ff59dcca	simon_and_garfunkel	sound_of_silence_ver3_crd.htm	3641,67,3585,197,141,197,141,197,263,3641,67,3641,67,3585,197,141,197,141,197,263,3641,67,3641,67,3585,197,141,197,141,197,263,3641,67,3641,67,3585,197,141,197,141,197,197,67,3641,67,3585,197,141,197,141,123,3445,1,197,67,3501,207,3641,281,197,
de14c467-a8f6-4d6a-b672-31b37e482498	system_of_a_down	lonely_day_ver2_crd.htm	3585,197,113,151,3585,197,113,151,3585,197,113,151,3585,197,113,151,3585,197,113,151,3585,197,113,151,3585,197,113,151,3585,197,113,151,3585,197,113,151,3585,197,113,29,309,85,67,3585,309,85,67,3585,309,151,3585,197,113,151,3585,197,113,151,3585,197,113,141,141,
8167cd4e-8126-41aa-84c0-5b05f6191d73	queen	bohemian_rhapsody_crd.htm	309,11,3361,197,225,309,1,1,1,1,29,319,3371,3399,3389,1,1,11,3371,3417,309,1,1,85,309,1,1,57,1,1,11,3361,11,3371,3417,1,309,1,39,3371,3371,3445,57,281,57,141,207,3501,141,67,3641,263,3445,141,263,3501,169,309,309,29,29,309,309,29,141,197,197,1,141,1,263,3511,3501,141,263,3511,3669,113,57,11,3641,197,67,3511,3501,141,197,67,3595,3557,141,197,67,3501,1,141,197,67,3511,3501,141,123,3511,3511,3585,1,263,3669,141,197,1,141,197,1,141,197,141,197,1,141,197,113,197,113,113,141,57,309,309,29,29,309,309,29,281,197,1,141,197,1,141,197,57,141,281,197,67,3529,309,309,29,29,309,309,29,141,197,141,197,141,197,225,151,3641,141,309,141,113,141,1,197,141,141,169,151,3445,141,57,141,141,197,141,197,85,253,141,197,141,141,263,3501,207,3501,207,3501,207,3501,141,197,141,197,67,3557,151,3557,151,3641,141,309,151,3389,197,263,3567,3511,3567,3511,3595,3417,141,141,197,197,11,3417,1,1,141,141,197,67,
2e5e4441-14a6-4ab5-a867-54d8040fea95	limp_bizkit	behind_blue_eyes_ver3_crd.htm	3445,197,281,253,141,141,253,1,207,3511,3445,197,281,253,207,3445,197,281,253,85,57,141,141,57,57,1,1,1,1,207,3389,57,197,85,57,141,141,57,57,1,1,1,1,207,3389,57,197,1,207,3445,197,281,253,1,207,3445,197,281,253,85,57,141,141,57,57,1,1,1,1,207,3389,57,197,57,
2160cfa8-ba3a-4e5c-9444-59fa6d48f8e3	guns_n_roses	november_rain_ver3_crd.htm	263,3641,141,263,3641,67,3501,141,67,3501,141,141,263,3641,141,263,3641,141,263,3641,67,3501,141,67,3501,141,141,57,281,57,281,57,281,57,263,3389,197,123,3389,263,3427,3389,197,123,3389,57,281,57,281,57,281,57,281,57,281,263,3641,141,263,3641,67,3501,141,67,3501,141,
abe5ffb6-e53a-4e25-821a-19d2a29b032c	red_hot_chili_peppers	cant_stop_crd.htm	3641,263,3389,123,3641,263,3389,197,197,263,3389,197,197,263,3389,197,197,263,3389,197,197,263,3389,123,3641,263,3389,123,3641,263,3389,123,3641,263,3389,123,3641,263,3389,
946d5c9c-91ed-4af2-9ea2-1a669eb3abfd	ronan_keating	when_you_say_nothing_at_all_ver2_crd.htm	197,281,57,141,197,281,57,141,197,281,57,141,197,281,57,281,57,141,197,281,57,141,197,281,57,141,197,281,57,141,197,281,57,281,57,141,197,281,57,
cc39ec1c-2400-41b2-9264-1a496dab25e8	bill_withers	aint_no_sunshine_ver2_crd.htm	3371,3567,3445,67,3371,3371,3567,3445,67,3567,3651,3567,3567,3445,67,3371,3371,3567,3445,67,3371,3371,3567,3445,67,3567,3651,3567,3567,3445,67,3371,3567,3445,67,3371,3371,3567,3445,67,3567,3651,3567,3567,3445,67,3371,3567,3445,67,3371,3567,3445,67,3371,3567,3445,67,3371,3567,3445,67,
e9a2d62e-3d54-4914-b965-5a7cb093f0c0	johnny_cash	folsom_prison_blues_ver4_crd.htm	1,141,197,197,141,1,141,197,197,281,197,
3d1307ee-7285-4fc3-81dc-2c7bf7395b5e	taylor_swift	speak_now_crd.htm	1,1,197,207,3445,197,197,207,3445,197,197,207,3445,197,197,207,3445,263,3445,197,197,207,3445,57,281,197,197,207,3445,197,197,207,3445,197,197,207,3445,197,197,207,3445,197,197,207,3445,263,3445,197,197,207,3445,197,197,141,197,207,3445,197,197,207,3445,197,197,207,3445,197,197,207,3445,197,197,207,3445,197,197,207,3445,123,3585,197,197,1,207,3445,197,197,207,3445,57,1,141,197,207,3445,197,197,207,3445,197,197,207,3445,197,197,207,3445,197,197,207,3445,197,197,207,3445,197,
b0795c9a-2377-4291-bc63-bfa720879b0b	muse	hysteria_ver2_crd.htm	3557,291,3567,3557,291,3567,3371,3445,197,207,3567,3445,197,207,3417,151,3557,291,3567,3557,291,3567,3371,3445,197,207,3567,3445,197,207,3417,225,197,207,3567,3445,197,207,3417,
3da8e601-28aa-48a7-8c19-a226a88357c7	enrique_iglesias	hero_crd.htm	263,3585,57,141,263,3585,57,141,263,3585,57,141,1,1,263,3585,57,141,263,3585,57,141,1,1,197,281,1,57,141,197,281,1,57,141,197,281,1,57,141,197,281,197,263,3585,57,141,263,3585,57,141,1,
e2ec0932-b498-4885-938d-ce41047fef28	taylor_swift	white_horse_ver2_crd.htm	141,123,3641,1,1,85,253,1,141,141,123,3585,197,141,123,3585,197,141,123,3585,123,3585,197,263,3585,57,141,263,3585,57,67,3641,281,197,1,1,141,123,3585,197,141,123,3585,123,3585,57,141,263,3585,57,141,263,3585,57,67,3641,281,197,263,3585,57,67,3641,281,197,197,281,197,197,281,141,57,263,3585,57,141,263,3585,57,67,3641,281,123,3641,281,197,141,123,3585,197,141,123,3585,197,
9911ab3a-1284-4d42-8786-426a805a79bf	adele	to_make_you_feel_my_love_crd.htm	197,85,197,11,3557,57,85,197,1,197,85,197,11,3557,57,85,197,1,197,85,197,11,3557,57,85,197,141,197,225,253,197,141,197,57,141,141,197,85,197,11,3557,57,85,197,1,197,85,197,11,3557,57,85,197,141,197,225,253,197,141,197,57,141,141,197,85,197,11,3557,57,85,197,57,85,197,
77e93955-b112-4ac3-aafc-9dfbcc9b16d6	tracy_chapman	fast_car_crd.htm	197,263,3585,197,263,3585,197,263,3585,197,263,3585,197,263,3585,197,263,3585,197,263,3585,197,263,3585,197,263,3585,197,263,3641,281,123,3641,281,123,3641,281,57,
25b16a7e-d1ef-456f-a789-d24c5929127c	guns_n_roses	paradise_city_crd.htm	141,57,1,85,253,1,281,57,1,141,197,1,141,281,197,57,225,113,281,1,281,253,281,57,141,141,197,197,1,141,141,197,197,1,281,197,281,253,281,197,281,253,281,197,281,57,281,253,281,57,281,197,281,253,281,197,281,253,281,197,281,57,281,253,281,57,141,141,197,197,1,141,141,197,197,1,281,197,281,253,281,197,281,253,281,197,281,253,141,281,253,281,57,141,141,197,197,1,141,141,197,197,197,281,57,281,57,281,57,281,281,253,281,197,281,253,281,197,281,253,281,197,281,253,281,197,281,253,281,57,141,141,197,197,1,141,141,197,197,1,141,141,197,197,1,141,141,197,197,141,141,197,141,57,141,141,197,141,57,1,1,141,141,57,141,281,
66c38c21-cfdd-45ce-825e-acac67532eb1	black_sabbath	paranoid_crd.htm	141,281,141,197,57,1,281,141,197,57,1,225,57,57,1,281,141,197,57,1,281,141,197,57,1,225,57,57,1,281,141,197,57,1,281,141,197,57,1,281,141,197,57,1,281,141,197,57,1,225,57,57,
d00c408d-bb31-4729-ad6a-7f27f65ff5ed	creedence_clearwater_revival	have_you_ever_seen_the_rain_crd.htm	197,141,197,141,1,141,57,141,123,3511,3585,57,141,123,3511,3585,57,141,1,197,141,1,197,141,1,
1daa4b5f-90e7-482e-b753-a55560256283	john_mayer	who_says_ver3_crd.htm	141,197,67,3501,29,39,3501,85,57,141,1,141,197,67,3501,29,39,3501,85,57,141,141,197,197,281,197,197,281,197,225,39,3511,3501,1,1,141,141,197,67,3501,29,39,3501,85,57,141,1,141,197,67,3501,29,39,3501,85,57,141,141,197,197,281,197,197,281,197,225,39,3511,3501,1,1,281,57,1,141,141,197,197,281,197,225,39,3511,3501,1,1,141,141,197,67,3501,29,39,3501,85,57,141,141,197,197,281,197,197,281,197,225,39,3511,3501,1,1,281,57,1,141,141,197,1,
2308f70c-0b84-41c5-8251-44459266bfab	dire_straits	sultans_of_swing_ver3_crd.htm	3371,3641,1,67,3641,1,67,3641,281,309,151,3641,281,309,225,197,281,123,3585,57,67,3641,281,309,151,3641,281,309,225,197,281,123,3585,57,281,57,67,3371,3641,281,57,67,3641,281,57,67,3641,281,309,151,3641,281,309,225,197,281,123,3585,57,67,3641,281,309,151,3641,281,309,225,197,281,123,3585,57,281,57,67,3371,3641,281,57,67,3641,281,57,67,3641,281,309,151,3641,281,309,225,197,281,123,3585,57,281,57,67,3371,3641,281,57,67,3641,281,57,67,3641,281,309,151,3641,281,309,1,225,197,281,123,3585,57,281,57,67,3371,3641,281,57,67,3641,281,57,
36037fb1-895b-4b3a-96c3-0b6bea2ecfdf	radiohead	karma_police_ver2_crd.htm	3501,67,3445,67,3585,319,3445,67,3501,141,1,141,1,263,3427,3445,207,3501,67,3445,67,3585,319,3445,67,3501,141,141,1,263,3427,3445,207,3501,67,3445,67,3585,319,3445,67,3501,141,141,1,263,3427,3445,281,57,141,309,169,57,141,309,169,57,141,123,3389,319,3445,207,3501,67,3445,67,3585,319,3445,67,3501,141,141,1,263,3427,3445,281,57,141,309,169,57,141,309,169,57,141,123,3389,319,3445,263,3445,141,197,141,197,57,207,3445,141,197,141,197,57,207,3445,141,197,141,197,57,207,3445,141,197,141,197,57,281,141,141,113,207,
dc91106b-0892-4731-aa3e-02db942dc45d	john_mayer	slow_dancing_in_a_burning_room_ver2_crd.htm	141,141,141,113,141,263,3585,197,263,3585,197,263,3585,197,263,3585,123,3585,123,3585,197,263,3585,197,263,3585,197,263,3585,197,
7dfd0909-213b-4bab-bc6c-bc03a2a5b30b	avril_lavigne	when_youre_gone_ver2_crd.htm	57,1,207,3641,123,3361,281,207,3585,123,3641,281,123,3641,141,197,67,3585,57,141,197,67,3585,57,207,3641,141,57,281,123,3641,281,123,3641,207,3445,197,197,281,57,141,197,67,3585,57,141,197,67,3585,57,263,3389,197,197,253,151,3585,253,141,
774b2a1b-3ca7-444f-af51-5896b3cc3f79	rem	losing_my_religion_ver2_crd.htm	141,141,141,113,141,197,1,169,263,3501,67,3371,3371,3371,3371,3585,263,3501,67,3417,1,225,67,3567,3511,3567,3511,3567,3651,3501,113,1,291,3567,3511,3567,3511,3567,3651,3501,113,1,225,281,263,3501,67,3371,3371,3371,3371,3585,1,263,3501,67,3417,1,225,67,3567,3511,3567,3511,3567,3651,3501,113,1,291,3567,3511,3567,3511,3567,3651,3501,113,1,225,281,263,3501,67,3371,3371,3371,3371,3585,1,263,3501,67,3641,113,1,291,3641,281,57,141,57,281,57,253,1,291,3567,3511,3567,3511,3567,3651,3501,113,1,225,281,263,3501,67,3371,3371,3371,3371,3585,1,263,3501,67,3371,3371,3371,3371,3585,263,3501,67,3371,3371,3371,3371,3585,263,3501,67,3641,67,
1ba755b1-bc61-4272-b3f1-4e864c293605	guns_n_roses	dont_cry_crd.htm	141,141,141,113,141,179,3445,67,3417,29,57,1,67,3511,3501,141,197,67,3511,3501,67,3371,3511,3501,141,197,67,3511,3501,141,197,67,3511,3501,141,197,67,3511,3501,141,197,281,57,67,3585,57,67,3585,57,141,197,67,3641,281,57,67,3371,3511,3501,141,197,67,3511,3501,141,197,67,3511,3501,141,197,67,3511,3501,141,197,67,3641,281,57,67,3585,57,67,3585,57,141,197,67,3641,281,57,67,3511,3445,57,67,3641,281,57,67,3641,281,57,253,29,1,57,67,3511,3501,141,197,67,3511,3501,141,197,67,3641,207,3501,141,197,67,3641,207,3501,141,197,67,3641,281,57,67,3585,57,67,3585,57,141,197,67,3641,281,57,281,57,281,57,253,29,1,57,281,57,281,57,141,
68e28de7-a1b5-4203-8487-cf4858499841	onerepublic	secrets_ver2_crd.htm	123,3557,291,3585,197,123,3557,291,3585,197,123,3557,291,3585,197,123,3557,291,3585,197,123,3557,291,3585,197,123,3557,291,3585,197,123,3557,291,3585,197,123,3557,291,3585,197,123,3557,291,3585,
d9e7ea10-e556-4c15-8490-b599aa2aa7b6	johnny_cash	i_walk_the_line_ver3_crd.htm	141,197,141,141,197,197,141,1,141,197,141,141,197,197,141,1,141,197,141,141,197,197,141,57,141,197,141,141,197,197,141,57,141,197,141,141,197,197,141,
eac38875-e467-4731-99e4-1bd11ae56f84	the_kooks	naive_ver3_crd.htm	225,169,225,141,197,67,3585,169,225,141,197,67,3585,169,225,141,197,67,3585,169,225,141,197,281,197,309,225,281,197,309,225,281,123,3417,225,281,197,309,225,281,123,3585,169,225,141,197,67,3585,169,225,141,197,67,3585,169,225,141,197,281,197,309,225,281,197,309,225,281,123,3417,225,281,197,309,225,281,123,3585,169,225,141,197,67,3585,169,225,141,309,225,281,197,309,225,281,197,309,225,281,123,3417,225,281,197,309,225,281,1,123,3445,141,1,123,3445,141,1,123,3445,141,1,123,3445,141,1,123,3445,141,1,123,
8cb86be6-1ed9-4902-913d-5434051c6ab3	elton_john	your_song_ver4_crd.htm	141,141,141,113,141,281,1,1,141,57,1,281,309,11,3511,3371,3371,3613,309,263,3445,197,141,57,263,3511,3371,3371,3613,309,197,197,253,151,3445,67,3445,57,1,1,141,141,57,263,3511,3371,3371,3613,309,197,197,253,151,3445,67,3445,197,1,1,197,67,3511,3445,57,67,3511,3445,123,3371,3371,3613,309,197,141,1,57,1,1,141,141,57,281,197,141,57,263,3511,3371,3371,3613,309,197,197,253,151,3445,67,3445,57,1,1,141,141,57,263,3511,3371,3371,3613,309,197,197,253,151,3445,67,3445,197,1,1,197,67,3511,3445,57,67,3511,3445,123,3371,3371,3613,309,197,141,1,57,1,1,67,3371,3371,3613,309,197,141,1,
0ecb8efd-400b-4d14-8418-9048f420f0f2	taylor_swift	enchanted_crd.htm	123,3585,141,57,67,3445,123,3389,197,1,123,3389,197,1,123,3389,197,141,123,3641,141,123,3389,197,1,123,3389,197,141,123,3641,281,123,3641,281,197,197,281,197,197,281,197,197,281,123,3641,141,1,123,3389,197,1,123,3389,197,141,123,3641,281,123,3641,281,197,197,281,197,197,281,197,197,281,123,3641,281,197,197,281,197,197,281,197,197,281,123,3641,141,1,123,3389,197,123,3389,57,281,123,3641,281,123,3641,281,123,3641,281,123,3641,141,1,123,3389,197,1,123,3389,197,141,197,197,281,197,197,281,197,197,281,123,3641,281,197,197,281,197,197,281,197,197,281,123,3641,141,1,123,3389,197,
7e06b032-0565-4300-b13a-dcc471714e11	bright_eyes	first_day_of_my_life_crd.htm	263,3585,253,281,1,113,151,3585,57,141,1,113,151,3585,57,141,1,113,151,3501,141,141,113,151,3585,57,141,1,113,151,3501,141,141,197,67,3585,57,141,1,263,3445,197,67,3445,113,151,3585,57,141,1,113,151,3501,141,141,113,151,3585,57,141,1,113,151,3501,141,141,197,67,3585,57,141,1,263,3445,113,151,3445,113,151,3445,113,151,3445,
9d9c1d54-3878-46c2-9b1f-52c7e429973b	kings_of_leon	sex_on_fire_crd.htm	263,3445,263,3445,263,3445,263,3585,197,263,3445,263,3585,197,263,3585,197,263,3585,197,263,3445,263,3445,263,3585,197,263,3445,263,3585,197,263,3585,197,263,3585,197,
a693c49c-4236-477e-9393-c5b27f728b55	van_morrison	brown_eyed_girl_ver2_crd.htm	141,197,197,141,141,197,197,141,141,197,197,141,141,197,197,281,57,141,263,3585,57,141,197,141,141,197,197,141,141,197,197,141,
4b591c37-3ef8-4184-a5ef-c01e5e07022b	beatles	while_my_guitar_gently_weeps_ver5_crd.htm	3371,3501,85,57,197,57,225,39,3511,3511,3501,1,151,3371,3501,85,123,3641,197,57,151,3371,3501,85,197,197,141,113,141,123,3511,3567,3651,3501,1,1,141,123,3511,3567,3651,3501,1,1,151,3371,3501,85,123,3641,197,57,151,3371,3501,85,123,3641,141,113,141,123,3511,3567,3651,3501,1,1,141,123,3511,3567,3651,3501,1,1,151,3371,3501,85,123,3641,197,57,151,3371,3501,85,123,3641,141,113,
fce07dbe-2de5-4932-8b2f-4b2153741902	paramore	misery_business_crd.htm	3445,197,281,1,123,3641,67,3585,123,3641,67,3585,123,3641,67,3585,123,3641,67,3585,123,3641,67,3585,123,3641,1,1,1,1,281,197,197,67,3641,281,197,197,67,3641,281,57,281,57,67,3641,67,3585,1,1,1,123,3641,67,3585,123,3641,67,3585,123,3641,67,3585,123,3641,67,3585,123,3641,1,1,1,1,281,197,197,67,3641,281,197,197,67,3641,281,57,281,57,281,197,197,67,3641,281,57,67,3641,281,197,197,67,3641,281,197,197,281,1,197,197,67,3641,281,197,197,67,3641,281,197,197,67,3641,281,57,281,57,67,3641,67,3585,123,3641,281,1,1,1,
d053ce4d-126c-41be-a906-0f150014eff0	avenged_sevenfold	dear_god_crd.htm	197,67,3567,3417,169,197,141,197,67,3567,3417,169,197,141,197,67,3567,3417,169,197,141,197,67,3641,309,169,197,141,197,67,3641,309,169,197,309,29,67,3641,309,169,1,197,67,3567,3417,169,197,141,197,67,3567,3417,169,197,141,197,67,3641,309,169,197,141,197,67,3641,309,169,197,309,29,67,3641,309,169,263,3613,169,263,3613,169,263,3613,169,263,3613,169,67,3501,141,197,67,3567,3417,169,197,141,197,67,3641,309,169,197,141,197,67,3641,309,169,197,309,29,67,3641,309,169,
e3ceb65a-e7ad-4aed-98cb-c601e288273e	cat_stevens	father_and_son_crd.htm	197,281,263,3641,263,3511,3501,141,197,281,263,3641,263,3511,3445,57,141,123,3389,263,3641,263,3511,3445,57,141,123,3389,263,3641,263,3641,141,1,141,197,141,197,123,3389,263,3641,263,3511,3445,57,141,123,3389,263,3641,263,3641,141,197,281,197,1,141,197,141,
eb07ae99-f09c-48ca-a3d0-ecb657d2f9d0	tom_petty	free_fallin_ver4_crd.htm	1,1,1,197,141,1,1,1,197,141,1,1,1,197,141,1,1,1,197,141,1,1,1,197,141,1,1,1,197,141,1,1,1,197,141,1,1,1,197,141,1,1,1,197,141,1,1,1,197,141,1,1,1,197,141,1,1,1,197,141,1,1,1,197,197,141,1,197,197,
57e428d1-8447-448f-8a21-c8b253f54377	beatles	across_the_universe_crd.htm	263,3567,3651,3501,1,141,263,3567,3651,3455,3557,197,1,281,197,197,281,197,1,263,3567,3651,3501,1,141,263,3567,3651,3501,1,141,197,1,281,197,197,281,197,1,263,3567,3651,3455,3557,263,3567,3651,3501,1,141,197,1,281,197,197,281,197,1,281,263,3567,3651,3501,141,263,3567,3651,3455,3557,197,281,197,197,281,197,
ff5fdd0d-935c-41e2-ad2b-580a797901b3	stone_sour	through_glass_ver3_crd.htm	57,67,3371,3371,3641,281,57,67,3585,57,67,3371,3371,3641,281,57,67,3371,3371,3641,281,57,67,3371,3641,281,57,67,3371,3641,281,57,67,3585,57,67,3585,57,67,
dd033901-b630-44e3-b9a4-ed3eb5e30f77	auburn	perfect_two_crd.htm	197,207,3445,197,197,207,3445,197,197,207,3445,309,225,197,207,3445,197,197,207,3445,197,197,207,3445,197,197,207,3445,197,197,207,3445,197,197,207,3445,309,225,197,1,207,3371,3445,197,197,207,3445,197,197,207,3445,
d2eea311-00c8-46f9-ae4e-39e6204464e0	poison	every_rose_has_its_thorn_crd.htm	141,57,67,3585,197,141,197,141,197,141,197,141,197,141,57,281,197,141,197,141,197,197,281,197,141,197,141,197,141,197,141,197,141,197,141,197,141,57,281,123,3641,281,197,263,3641,281,197,1,141,197,141,197,141,197,141,197,141,57,281,
3bee7f65-be58-42c2-96d1-9f11bbf4e005	chris_medina	what_are_words_crd.htm	197,263,3445,197,141,253,207,3389,57,141,1,141,1,57,141,141,57,141,1,141,57,67,3361,11,3585,57,141,1,141,57,141,141,57,141,141,57,67,3585,57,141,197,67,3567,3389,57,281,57,141,1,141,57,67,3361,11,3585,57,141,1,141,57,141,141,57,141,141,57,67,3585,57,141,197,67,3567,3389,57,281,57,141,1,141,57,67,3361,11,3585,57,141,1,141,57,141,1,
9f01386f-75d6-4915-bb4e-235dd92f45c6	maroon_5	this_love_ver6_crd.htm	151,3511,3417,1,151,3511,3417,1,151,3511,3417,151,3511,3501,141,263,3511,3501,141,263,3511,3501,141,263,3511,3501,141,113,151,3511,3417,291,3641,113,151,3511,3641,113,
18627a98-1954-4320-a62f-799081ac00f1	third_eye_blind	jumper_crd.htm	141,141,141,113,141,29,197,197,67,3445,197,67,3445,
e6e7fe72-f9d3-4934-8867-0089194afede	blink_182	i_miss_you_ver3_crd.htm	1,263,3445,309,29,141,11,3557,1,263,3641,141,1,263,3641,141,1,1,263,3641,141,1,263,3641,141,1,263,3641,141,1,309,291,3641,281,11,3557,1,309,291,3641,281,11,3557,1,263,3641,141,1,263,3641,141,1,263,3641,141,1,263,3641,141,1,309,291,3641,281,11,3557,1,309,291,3641,281,11,
2a355ce7-7d10-435e-8162-f4c92983ffe9	milow	you_dont_know_crd.htm	3585,57,141,113,1,151,3585,57,67,3585,57,141,113,151,3585,57,67,3585,57,141,113,151,3585,57,67,3585,57,141,113,151,3585,57,67,3585,309,151,3585,57,67,3585,57,141,113,151,3585,57,67,3585,57,253,1,151,3585,57,67,3585,57,141,113,151,3585,57,67,3585,57,253,1,29,57,141,141,57,141,263,3585,57,67,3585,57,141,113,151,3585,57,67,3585,57,253,151,3585,57,67,3585,57,141,113,151,3585,57,67,3641,281,1,123,3585,57,67,3585,57,141,113,151,3585,57,67,3585,57,253,1,
031a06fa-d12f-41d2-8071-52d1d338df70	jimi_hendrix	little_wing_crd.htm	3445,67,3567,3567,3669,319,3641,281,197,57,1,67,3445,67,3567,3567,3669,319,3445,197,281,197,57,1,67,3445,67,3567,3567,3669,319,3445,197,281,197,57,1,67,3445,67,3567,3511,3567,3511,3427,3371,3669,57,57,85,319,
8fd90fa2-24a7-40b4-8277-ea6f427d40c8	boston	more_than_a_feeling_crd.htm	1,281,197,67,3371,3501,141,141,123,3641,141,141,85,39,3501,1,1,1,281,197,67,3641,57,141,141,141,113,141,281,141,57,281,197,141,197,197,141,141,123,3641,141,263,3511,3501,281,197,
eb8705c9-7e0b-4b4f-91ac-26e4eca4241f	beatles	something_ver2_crd.htm	3557,291,3529,1,1,1,1,141,253,141,67,3371,3371,3501,281,1,1,141,1,253,141,67,3371,3371,3501,197,123,3557,291,3445,141,141,57,1,123,3557,291,3445,141,141,57,85,1,1,141,253,141,67,3371,3371,3501,
701fba39-c06c-4756-8ee7-17bb2c986b96	paramore	decode_ver4_crd.htm	3585,263,3567,3567,3389,263,3567,3567,3389,263,3567,3567,3389,263,3567,3567,3389,263,3567,3567,3389,263,3567,3567,3389,263,3567,3567,3389,263,3567,3567,3389,263,3567,3567,3389,263,3567,3585,1,263,3567,3567,3389,263,3567,3567,3389,123,3567,3389,57,207,3567,3445,141,123,3567,3651,
08e8b85e-3f45-4d68-931c-aa14252553aa	tenacious_d	tribute_crd.htm	3371,3371,3371,3371,3371,3361,11,3371,3371,3641,281,123,3641,281,253,85,197,197,281,253,85,197,197,281,123,3371,3371,3371,3371,3501,85,197,197,281,123,3641,67,3371,3641,67,3371,3641,67,3371,3641,67,3371,3641,197,85,123,3641,197,85,123,3641,197,85,123,3641,197,85,123,3641,197,85,123,3641,197,85,123,3641,197,85,123,3641,197,85,123,3641,197,85,123,3641,197,85,309,29,57,253,29,309,29,123,3371,3361,141,281,
ab2a8d9f-bcf2-43c8-8879-dfd66c3e32d1	nirvana	the_man_who_sold_the_world_ver2_crd.htm	3557,151,3557,225,197,253,151,3641,1,141,225,309,1,141,225,39,3557,151,3557,225,197,253,151,3641,1,141,225,309,1,141,225,309,141,225,309,1,141,225,113,1,263,3371,3557,1,151,3371,3445,1,263,3371,3557,1,151,3371,3445,1,263,3371,3557,1,151,3371,3445,
e49e8c07-0021-4f89-b9d4-fdeb8b118818	weezer	say_it_aint_so_ver4_crd.htm	3557,29,197,263,3557,29,197,263,3557,29,197,263,3557,29,197,263,3557,29,197,263,3557,29,197,263,3557,29,197,263,3557,29,197,263,3557,29,197,263,3557,29,197,263,3557,29,197,263,3557,29,197,263,3557,29,197,263,3557,29,197,263,3557,29,197,263,3557,29,197,263,3557,29,197,263,3557,29,197,263,3557,29,197,263,3557,29,197,263,3557,29,197,263,3557,29,197,263,3557,29,197,263,3557,29,197,197,1,141,281,253,1,141,281,253,1,141,281,253,1,141,281,319,3557,29,197,263,3557,29,197,263,3557,29,197,263,3557,29,197,263,3557,29,197,263,3557,29,197,
69126a1a-def6-416f-9a43-7fbc55a828df	zac_brown_band	colder_weather_crd.htm	1,197,141,1,197,141,1,57,281,57,141,141,57,141,141,57,141,141,263,3371,3501,141,141,197,141,197,141,197,197,281,197,141,197,141,197,197,281,57,141,141,57,141,141,57,141,141,263,3371,3501,141,141,197,141,197,141,197,197,281,197,141,197,141,197,197,281,197,197,141,141,197,197,281,197,141,197,141,197,197,281,1,197,141,1,197,141,1,197,197,281,197,141,197,141,197,197,281,197,141,197,141,197,197,1,281,197,141,197,141,197,141,197,141,197,141,1,197,141,1,197,141,1,197,197,141,
1af68724-5be7-47f3-9795-0d277b54f5f7	taylor_swift	fifteen_crd.htm	141,123,3641,1,141,141,123,3585,197,141,123,3585,197,141,123,3585,197,141,123,3585,197,141,123,3585,1,197,263,3641,281,197,197,67,3585,123,3641,141,197,281,57,141,141,123,3585,197,141,123,3585,197,141,123,3585,197,141,123,3585,197,141,123,3585,1,197,263,3641,281,197,197,67,3585,123,3641,141,197,281,57,141,141,123,3585,57,281,123,3641,141,197,281,57,141,141,123,3585,197,141,123,3585,1,197,263,3641,281,197,197,67,3585,123,3641,141,197,281,123,3641,281,57,141,141,123,3585,197,141,123,3585,197,263,3585,
0de23c1e-8080-4783-8c73-33859efe38cc	maroon_5	misery_crd.htm	309,29,309,151,3585,309,151,3585,309,151,3585,309,151,3585,309,151,3511,3501,141,263,3511,3501,141,263,3511,3501,141,263,3511,3501,141,263,3511,3501,141,263,3511,3501,141,141,309,151,3445,141,309,225,113,151,3511,3501,141,263,3511,3501,141,263,3511,3501,141,263,3511,3501,141,
7d9df752-a1c5-4505-a9d9-c11095cc8b10	cat_stevens	wild_world_crd.htm	3501,141,1,141,141,1,263,3417,1,151,3501,141,1,141,141,1,263,3417,85,141,197,67,3585,57,281,197,1,197,67,3585,57,281,197,57,57,151,3501,141,1,141,141,1,263,3417,1,151,3501,141,1,141,141,1,263,3417,85,141,197,67,3585,57,281,197,1,197,67,3585,57,281,197,57,57,151,3501,141,141,141,263,3567,3501,141,141,141,263,3417,151,3371,3501,141,1,141,141,1,263,3417,85,
de2c0776-6ecb-48d5-abbe-4614831dcc6c	jose_gonzalez	heartbeats_ver2_crd.htm	1,1,1,263,3585,197,1,263,3585,197,1,263,3585,197,1,263,3585,197,1,263,3585,197,1,263,3585,197,1,263,3585,197,1,263,3585,197,1,263,3585,197,263,3445,263,3371,3371,3445,1,263,3585,197,1,263,3585,197,1,263,3585,197,1,263,3585,
550bf54b-420e-4d3e-9fbd-898a1a88269b	neil_young	old_man_crd.htm	3613,1,1,95,3613,1,85,197,197,197,85,197,141,253,85,197,197,197,85,197,141,253,85,197,197,197,281,141,57,197,207,3567,3445,197,1,207,3567,3445,197,207,3567,3445,197,207,3567,3641,85,197,197,197,85,197,141,253,85,197,197,197,95,3613,1,207,3567,3361,281,1,1,
506448c4-182b-4be4-8f07-e5887c975e26	slipknot	snuff_crd.htm	141,141,141,113,141,235,3567,3389,123,3567,3389,123,3567,3389,123,3567,3389,123,3567,3389,123,3567,3389,57,67,3641,67,3641,67,3641,281,123,3371,3567,3389,123,3567,3389,123,3567,3389,123,3567,3389,123,3567,3389,57,67,3641,67,3641,67,3641,281,123,3371,3567,3389,57,67,3641,67,3641,67,3641,281,113,57,29,113,29,123,3567,3389,123,
17c2a0b0-5ff1-4847-a21d-34c1994ac98d	bryan_adams	summer_of_69_crd_843137id_02072009date.htm	197,141,197,141,197,141,197,67,3641,141,141,123,3641,141,141,123,3641,141,197,141,197,141,197,67,3641,141,141,123,3641,141,141,123,3641,141,197,141,197,225,141,57,281,197,141,57,57,197,141,197,141,197,141,197,67,3641,141,141,123,3641,141,141,123,3641,141,197,141,197,
a008bd94-8041-4b03-96e1-1695fcdddcb5	panic_at_the_disco	the_ballad_of_mona_lisa_ver8_crd.htm	3371,3511,3417,151,3371,3511,3417,151,3371,3371,3511,3417,151,3585,197,113,151,3641,281,197,113,29,123,3641,281,263,3567,3557,151,3371,3511,3417,151,3371,3511,3417,151,3371,3585,197,113,151,3641,281,197,113,29,123,3641,281,263,3567,3557,151,3445,113,151,3445,113,151,3445,113,29,197,113,151,3641,281,197,113,29,123,3641,281,263,3567,3557,29,123,3641,281,197,113,151,3371,3511,3417,151,
784084e1-fc79-4670-970e-5d3b2e9f579e	kansas	carry_on_my_wayward_son_ver3_crd.htm	281,57,85,253,281,57,141,57,85,253,281,281,57,141,197,113,281,1,1,1,141,57,85,141,197,57,1,1,1,1,141,57,85,141,197,57,151,3641,281,57,67,3641,281,57,207,3641,281,1,57,67,3641,197,67,3641,281,57,67,3641,281,57,207,3641,281,123,3641,197,67,3445,197,281,123,3445,197,67,3445,197,281,1,123,3641,281,57,67,3641,281,57,207,3641,281,1,57,67,3641,197,67,3641,281,57,67,3641,281,57,207,3641,281,1,57,67,3641,197,67,3445,197,281,123,3445,197,57,1,281,57,141,281,253,1,281,57,141,57,1,281,309,281,281,281,253,85,253,1,281,309,281,85,113,29,29,29,11,3371,3641,281,309,29,57,57,85,263,3371,3641,281,309,29,57,57,85,67,3641,281,1,57,67,3641,197,67,3445,197,281,123,3445,197,
c424f228-488b-4bc2-b1d1-e5fbad6bbe88	chris_tomlin	how_great_is_our_god_ver2_crd.htm	263,3585,197,263,3585,197,263,3585,57,141,1,263,3585,57,141,
669de84d-0ec0-4765-bd8b-2b42a176a0c3	milow	ayo_technology_ver2_crd.htm	3641,281,123,3641,281,123,3641,281,123,3641,281,57,281,123,3641,281,123,3641,281,123,3641,281,123,3641,281,123,3641,281,123,3585,
ebed18c2-6d89-4e23-bebe-6bdf97ea3a39	scorpions	wind_of_change_ver2_crd.htm	197,225,197,197,197,29,263,3445,263,3567,3641,141,1,67,3641,67,3567,3641,141,1,67,3641,67,3567,3641,141,1,67,3641,67,3567,3641,141,1,67,3641,67,3567,3641,141,1,197,207,3501,141,197,207,3501,67,3585,57,141,67,3641,67,3567,3641,141,1,67,3641,67,3567,3641,141,1,197,207,3501,141,197,207,3501,67,3585,57,141,197,207,3501,141,197,207,3501,67,3585,57,67,3641,67,3641,67,3445,123,3361,225,197,207,3501,141,197,207,3501,67,3585,57,141,197,207,3501,141,197,207,3501,67,3585,57,207,3567,3641,207,3567,3641,
db72e037-9ee9-4609-9752-55459d8b309b	john_mayer	gravity_crd.htm	141,263,3501,151,3641,57,141,197,141,263,3501,151,3641,253,141,141,197,141,263,3501,151,3641,253,207,3501,151,3641,253,141,141,197,141,197,141,197,141,197,141,
49556864-e6cc-4c49-a769-379fded06d3a	taylor_swift	fearless_ver2_crd.htm	197,207,3445,197,197,207,3445,197,197,207,3445,197,197,207,3445,197,197,207,3445,197,197,207,3445,57,141,197,207,3445,57,141,197,207,3445,57,141,197,207,3445,197,197,207,3445,197,197,207,3445,57,141,197,207,3445,57,141,197,207,3445,57,85,57,67,3371,3445,57,85,57,67,3371,3445,57,141,1,197,207,3445,197,197,207,3445,57,141,197,207,3445,57,141,197,207,3445,197,197,207,3445,263,3445,197,1,
3fff4a4d-c94a-4528-8726-36984df7a34f	nickelback	rockstar_ver4_crd.htm	141,141,57,1,141,141,57,1,141,141,57,1,141,141,57,1,141,141,57,85,57,281,57,197,85,57,85,57,57,85,57,85,57,57,85,57,85,57,141,57,197,85,57,197,85,57,197,225,197,57,141,281,197,141,253,141,57,85,57,85,57,57,85,57,85,57,57,85,57,85,57,141,57,197,85,57,197,
342ee99e-bf9d-4bbf-b859-4d0d9ad8b8f7	linkin_park	what_ive_done_crd.htm	3445,197,207,3567,3445,197,207,3567,3371,3445,197,207,3567,3445,197,207,3445,57,67,3445,197,207,3567,3445,197,207,3567,3445,197,207,3567,3445,197,207,3567,3445,197,207,3567,3445,197,207,3427,3389,57,67,3371,3445,197,207,3567,3445,197,207,3427,3389,57,67,3445,197,207,3567,3445,197,207,3567,3445,197,207,3567,3445,197,207,3567,3445,197,207,3567,3445,197,207,3567,
c666c17e-efbe-4a4e-85e2-c1be4a3ec13c	adam_lambert	whataya_want_from_me_ver2_crd.htm	3371,3641,141,1,1,1,141,1,197,1,1,1,141,1,123,3371,3641,141,1,1,1,141,1,197,1,1,1,141,1,123,3371,3641,67,3371,3641,141,1,1,1,141,1,197,1,1,1,141,1,57,67,3445,141,57,67,3445,141,57,67,3445,141,57,67,3445,141,57,67,3445,141,57,67,3371,3641,141,1,1,1,141,1,197,1,1,1,141,1,123,3371,3641,141,1,1,1,141,1,197,1,1,1,141,1,123,3371,3641,1,67,3445,141,57,67,3445,141,57,67,3445,141,57,67,3445,141,57,67,3445,141,57,1,67,3445,141,57,67,3445,141,57,67,3445,141,57,67,3445,141,57,67,3445,141,57,1,67,3445,141,57,67,3445,141,57,67,3445,141,57,67,3445,141,57,67,3445,141,57,67,
e28456ac-a092-4da9-976c-5c4f89534f80	blink_182	adams_song_crd.htm	141,123,3585,197,141,123,3585,197,141,123,3585,197,141,123,3585,197,1,67,3567,3585,197,67,3567,3585,197,67,3567,3585,197,67,3567,3585,197,1,141,123,3585,197,141,123,3585,197,141,123,3585,197,141,123,3585,197,1,67,3567,3585,197,67,3567,3585,197,141,123,3585,197,141,123,3585,197,1,67,3567,3585,197,67,3567,3585,197,67,3567,3585,197,67,3567,3585,197,
1569bc47-eea8-4e71-9214-8cbc4dc27df9	weezer	island_in_the_sun_ver2_crd.htm	3511,3501,141,263,3511,3501,141,263,3511,3501,141,263,3511,3501,141,263,3511,3501,141,263,3511,3501,141,263,3511,3501,141,263,3511,3501,141,263,3511,3501,141,263,3511,3501,141,263,3511,3501,141,263,3511,3501,141,263,3511,3501,141,263,3511,3501,141,263,3511,3501,141,263,3511,3501,141,263,3511,3501,141,263,3511,3501,141,263,3511,3501,141,263,3511,3501,141,263,3511,3501,141,263,3511,3501,141,197,141,197,141,141,263,3501,67,3511,3501,141,263,3511,3501,141,263,3511,3501,141,197,141,263,3511,3501,141,263,3511,3501,141,263,3511,3501,141,197,141,197,141,141,263,3501,67,3511,3501,141,263,3511,3501,141,263,3511,3501,141,263,3511,3501,141,263,3511,3501,141,263,3511,3501,141,263,3511,3501,141,263,3511,3501,141,
f8317076-2cd4-4762-a99c-0cf0c32458d0	boys_like_girls	two_is_better_than_one_ver5_crd_920637id_11022010date.htm	263,3585,57,141,1,263,3585,57,141,141,57,281,57,281,57,67,3641,281,123,3641,141,
aad37693-80ab-4712-8819-42b8e684f23b	beyonce_knowles	halo_ver2_crd.htm	57,11,3427,3511,3427,3529,57,141,67,3567,3585,197,67,3567,3585,197,67,3567,3585,197,67,3567,3585,197,
9b1686a6-4528-41d0-9f27-fc90a94fb6cc	jimi_hendrix	hey_joe_ver2_crd.htm	11,3361,225,197,197,197,197,11,3361,1,225,197,197,197,197,1,225,197,197,197,197,1,225,197,197,197,197,1,225,197,197,197,197,1,225,197,197,197,197,1,225,197,197,197,197,1,225,197,197,197,197,1,225,197,197,197,197,1,225,197,197,197,197,225,197,197,197,197,225,197,197,197,197,1,225,197,197,197,197,1,225,197,197,197,197,1,225,197,197,197,197,1,225,197,197,197,197,1,225,197,197,197,197,1,225,197,197,197,197,1,
e47165c0-ccd5-4af2-854d-6a6ace4791f2	4_non_blondes	whats_up_ver2_crd.htm	57,11,3427,3389,57,141,67,3445,197,1,67,3445,197,1,67,3445,197,1,67,3445,197,1,67,3445,197,1,67,3445,197,1,67,3445,197,1,67,3445,197,1,67,3445,197,1,67,3445,197,1,67,3445,197,1,67,3445,197,1,67,3445,197,1,67,3445,197,
82a7c545-42e4-441a-8245-838b2aa4b28e	hillsong_united	hosanna_ver2_crd.htm	3445,67,3427,3585,263,3511,3427,3511,3445,263,3511,3501,263,3389,57,67,3585,123,3641,263,3389,57,67,3585,57,67,3445,263,3511,3427,3585,263,3511,3501,67,3445,67,3427,3389,57,141,263,3585,57,67,3585,57,141,263,3585,57,67,3567,3389,57,67,3585,123,3641,263,3389,57,67,3585,57,141,123,3389,57,67,3585,123,3641,263,3389,57,67,3585,57,67,3585,57,141,
b86e612d-c8c2-4fe4-915d-811f9bba035c	rolling_stones	angie_ver2_crd.htm	3557,85,281,1,197,1,309,291,3557,85,1,281,1,197,263,3557,85,1,281,1,197,197,67,3445,141,57,67,3371,3557,85,281,1,1,197,263,3371,3557,85,281,1,1,57,141,263,3371,3557,85,281,1,1,57,141,1,197,207,3361,207,3371,3585,197,197,67,3557,85,281,1,1,1,197,1,197,207,3567,3445,141,57,67,3361,197,85,281,1,1,197,263,3557,85,281,1,57,141,197,207,3567,3445,141,57,207,3417,151,3371,3371,3511,3417,151,3371,3371,3371,3511,3371,3371,3567,3641,141,141,57,67,3371,3371,3557,1,85,281,1,1,1,197,263,3641,253,85,281,1,1,1,1,57,141,
606aa6ec-f4fd-4c0e-85c7-b26c2241eecc	hinder	lips_of_an_angel_ver4_crd.htm	207,3445,197,197,207,3445,197,1,197,207,3445,197,1,197,207,3445,197,1,197,207,3445,197,197,207,3445,197,197,207,3445,197,1,197,85,197,197,1,197,85,197,197,197,207,3445,263,3501,281,
8e9c9360-9b67-4579-a9f6-ddccee820cd9	miley_cyrus	party_in_the_usa_ver8_crd.htm	123,3511,3641,141,123,3511,3641,141,123,3511,3641,141,123,3511,3641,141,123,3511,3641,141,123,3511,3445,123,3511,3641,141,123,3511,3641,141,123,3511,3641,141,123,3511,3641,263,3511,3567,3651,3427,3511,3585,57,
dfb45cdb-f9d2-4483-bced-92b3d4dce5f5	my_chemical_romance	na_na_na_crd.htm	197,281,141,281,309,141,197,281,141,57,197,141,207,3641,141,57,197,225,197,67,3585,85,113,197,67,3585,85,39,3361,197,281,141,57,197,225,197,67,3613,113,197,85,113,197,67,3585,85,39,3669,319,3557,85,281,169,11,3669,309,319,3669,85,39,3557,235,3417,85,319,3501,11,3361,85,197,67,3585,85,113,197,67,3361,225,85,113,197,67,3585,85,253,85,253,85,113,
7ccc519b-2327-4afc-a6c9-e4fc56d7ee1b	bryan_adams	heaven_crd.htm	263,3641,207,3567,3511,3501,141,263,3641,207,3567,3511,3501,281,57,67,3445,141,1,57,67,3641,281,57,67,3445,141,1,57,67,3641,141,263,3641,207,3567,3511,3501,141,263,3641,207,3567,3511,3501,141,67,3445,197,263,3511,3501,207,3445,197,263,3641,141,
4f807a81-5134-4412-afed-5d71260da1ea	jimi_hendrix	all_along_the_watchtower_crd.htm	3641,281,57,67,3641,281,57,67,3641,281,57,67,3641,281,57,67,3641,281,57,67,3641,281,57,67,3641,281,57,67,3641,281,57,67,3641,281,57,281,57,67,
eb7c376b-9ccb-451b-ba24-2e834e444afd	snow_patrol	run_ver3_crd.htm	3585,57,1,67,3585,57,67,3585,57,67,3585,57,67,3585,57,67,3585,57,67,3585,57,67,3585,57,67,3585,57,141,197,1,67,3585,197,197,1,67,3585,57,1,67,3585,57,67,3585,57,67,3585,57,67,3585,57,141,197,1,67,3585,197,197,1,67,3585,197,197,1,67,3585,197,197,1,67,3585,57,141,197,1,67,3585,197,197,1,67,3585,57,141,
030653f6-4470-4af6-88dc-e6c479a11526	jack_johnson	sitting_waiting_wishing_crd.htm	3371,3641,1,281,1,197,1,113,151,3371,3371,3371,3445,113,29,57,
c879bb31-416b-40ee-a22a-c4ad892f99ee	taylor_swift	our_song_crd.htm	67,3445,57,141,67,3445,57,141,67,3445,57,141,67,3445,57,141,67,3445,57,141,67,3445,57,141,67,3445,57,141,67,3445,57,141,67,3445,57,141,67,3445,57,207,3501,207,3641,141,197,67,3445,57,141,67,3445,57,141,67,3445,57,141,67,3445,57,141,67,3445,57,141,67,3445,57,141,67,3445,57,141,67,3445,57,207,3501,207,3641,141,197,67,3445,57,141,67,3445,57,207,3445,197,197,207,3445,197,67,3445,57,141,67,3445,57,141,67,3445,57,207,3501,207,3641,141,197,67,3445,57,141,67,3445,57,141,67,3445,57,141,67,3445,57,141,67,3445,
f6566a2d-31fd-428f-95e6-938e03e8ac47	foo_fighters	best_of_you_ver4_crd.htm	3585,123,3585,57,281,123,3641,281,123,3641,281,123,3641,281,123,3585,123,3585,57,281,123,3585,123,3585,57,281,123,3641,281,263,3567,3641,281,263,3567,3641,281,263,3567,3641,281,263,3567,3585,123,3585,57,281,57,281,123,3641,281,263,3567,3641,281,263,3567,3641,281,263,3567,3641,281,263,3567,3585,123,3585,57,281,57,281,123,3641,281,263,3567,3641,281,263,3567,3641,281,263,3567,
a0c5aa7a-efa9-4fb3-ac14-cd6509936668	miley_cyrus	butterfly_fly_away_ver4_crd.htm	197,57,141,1,281,197,57,281,141,197,57,281,141,197,57,281,141,197,57,281,141,197,57,281,141,197,57,281,141,197,57,281,141,197,57,281,141,197,57,281,141,197,197,1,281,197,57,281,141,197,57,281,141,197,57,281,141,197,197,1,281,197,57,281,141,197,57,281,141,197,57,281,141,197,57,281,141,197,57,281,141,197,57,281,141,197,57,281,141,197,57,281,141,197,57,281,141,197,57,281,141,
2867cc3a-a513-418f-b22c-00912e5114d3	taylor_swift	dear_john_ver3_crd.htm	141,57,67,3585,197,141,197,141,197,141,57,67,3641,281,197,141,197,141,57,67,3641,281,57,67,3641,281,197,141,123,3641,281,197,141,197,141,197,141,57,67,3641,281,57,67,3641,281,197,141,123,3641,281,197,141,123,3641,281,197,141,123,3641,281,123,3641,281,57,67,3641,281,57,281,197,141,123,3641,281,197,141,123,3641,281,197,141,123,3641,281,197,141,197,141,197,
2728e594-f5ee-48ac-9d6d-36477329e86f	staind	outside_ver5_crd.htm	281,141,57,197,85,197,197,197,281,197,197,281,141,57,197,281,141,57,197,281,141,57,197,281,141,57,197,85,197,197,197,85,197,197,197,281,141,57,1,141,141,57,197,281,141,57,197,281,141,57,197,281,141,57,197,85,197,197,197,85,197,197,197,281,141,57,197,281,141,57,197,281,141,57,197,281,141,57,197,281,141,57,197,85,197,197,197,85,197,197,
11b92dca-2670-4d0f-87a3-0671451d9aa2	three_days_grace	never_too_late_crd.htm	123,3585,123,3585,123,3567,3445,281,123,3585,123,3585,123,3567,3445,281,123,3585,123,3585,123,3567,3445,67,3585,319,3445,67,3585,319,3445,67,3585,319,3445,281,123,3567,3445,281,123,3585,123,3585,123,3585,123,3585,123,3585,123,3585,123,3567,3445,67,3585,319,3445,67,3585,319,3445,67,3585,319,3445,281,123,3567,3445,281,123,3641,281,123,3641,281,123,3641,281,319,3445,281,123,3585,123,3585,123,3641,67,3585,319,3445,67,3585,319,3445,67,3585,319,3445,281,123,3567,3445,281,123,3585,123,3585,123,3567,3445,
f3cc75e0-d3a8-4d71-80de-06ab373f76d2	onerepublic	stop_and_stare_ver4_crd.htm	123,3585,123,3511,3585,123,3585,197,197,67,3585,1,57,141,197,67,3585,1,197,1,197,67,3585,1,57,141,197,67,3585,57,141,123,3511,3585,57,141,197,67,3585,57,141,
43be49c0-9a3d-4286-9c7b-d83d1d9d05da	daniel_powter	bad_day_ver2_crd.htm	141,57,281,197,141,57,281,197,141,57,281,123,3641,281,197,67,3501,281,57,141,141,57,281,197,141,57,281,123,3641,281,197,67,3501,141,141,263,3501,141,141,263,3501,67,3641,281,197,67,3501,141,141,57,281,123,3641,281,197,67,3501,141,141,263,3501,141,141,263,3501,67,3641,281,197,67,3501,225,141,197,141,309,141,141,57,281,197,141,57,141,141,263,3501,141,141,263,3501,67,3371,3371,3371,3641,141,141,263,3501,
07d22082-278d-491c-afe3-37910dc4331e	radiohead	creep_acoustic_ver3_crd.htm	1,1,113,1,1,29,1,1,11,3557,1,1,113,1,1,29,1,1,11,3361,11,3557,1,1,113,1,1,29,1,1,11,3361,11,3557,1,1,113,1,1,29,1,1,11,3361,11,3557,1,1,113,1,1,29,1,1,11,3361,11,3557,1,1,113,1,1,29,1,1,11,3361,11,3557,1,1,113,1,1,29,1,1,11,3361,11,3557,1,1,113,1,1,29,1,1,11,3557,1,1,113,1,1,29,1,1,11,3557,1,1,113,1,1,29,1,1,11,3361,11,3557,1,1,113,1,1,29,1,1,11,3361,11,3557,1,1,113,1,29,1,11,3361,
7c5f7abd-53b9-4743-beca-0e3b411b331a	outkast	hey_ya_ver3_crd.htm	141,57,67,3445,141,57,67,3445,141,57,67,3445,141,57,67,3445,141,57,67,3445,141,57,67,3445,141,57,67,3445,141,57,67,3445,141,57,67,3445,141,57,67,3445,141,57,67,3445,141,57,67,3445,141,57,67,3445,141,57,67,3445,141,57,67,
ca0837a1-1458-4aa6-82c6-8f7fb70b0a33	muse	uprising_crd.htm	11,3511,3641,113,291,3641,263,3511,3641,113,291,3641,263,3371,3511,3641,113,291,3641,263,3371,3511,3641,113,291,3641,263,3371,3511,3641,113,291,3641,263,3511,3641,113,291,3641,263,3371,3511,3641,113,291,3641,263,3371,3511,3641,113,291,3641,263,3371,3511,3641,113,291,3641,
f046880f-76c0-4a8c-86b0-d12d994220e3	no_doubt	dont_speak_ver3_crd.htm	3567,3651,3501,263,3651,3501,67,3567,3651,3501,263,3511,3511,3501,67,3567,3651,3501,141,197,57,151,3585,57,253,291,3417,151,3511,3417,151,3585,57,253,291,3417,151,3511,3417,11,3567,3651,3501,263,3651,3501,67,3567,3651,3501,141,197,57,151,3585,57,253,291,3417,151,3511,3417,151,3585,57,253,291,3417,141,281,253,225,141,123,3529,197,85,113,57,281,57,141,123,3567,3651,3501,67,3567,3651,3567,3567,3651,3501,207,3501,207,3585,57,253,291,3417,151,3511,3417,151,3585,57,253,291,3417,151,3511,3417,151,3585,57,253,291,3417,151,3511,3417,151,3585,57,253,291,3417,151,3585,309,
ea4b4c4f-6318-4b63-bd9f-20e69ab975a8	radiohead	fake_plastic_trees_ver4_crd.htm	1,1,1,1,141,197,141,197,1,1,1,1,141,197,141,197,1,1,1,1,141,197,141,197,1,1,1,1,141,197,141,197,1,1,1,1,1,1,141,197,141,197,1,1,1,1,141,197,141,197,1,141,197,141,197,141,197,141,197,
e8dc12e2-fc7b-4124-9f75-34ef509fc3e5	beatles	all_my_loving_ver4_crd.htm	3501,141,263,3585,263,3585,253,207,3501,141,263,3585,57,141,67,3501,141,263,3585,263,3585,253,207,3501,141,263,3585,57,141,263,3557,225,263,3557,225,67,3501,141,263,3585,263,3585,253,207,3501,141,263,3585,57,141,263,3557,225,263,3557,225,
c9845414-ecca-4bbf-a981-8d278127e0b2	judy_garland	somewhere_over_the_rainbow_crd.htm	123,3585,141,1,197,1,141,11,3557,1,1,67,3501,141,141,57,141,123,3585,141,1,197,1,141,11,3557,1,67,3501,141,1,1,1,1,309,225,123,3455,3501,141,123,3585,141,1,197,1,141,11,3557,1,1,67,3501,141,1,1,67,3445,197,309,11,3389,1,1,1,67,3371,3427,3389,11,3361,1,169,225,1,1,
16dac413-d214-473c-af99-d0140292ba8c	james_morrison	broken_strings_ver2_crd.htm	3445,141,123,3445,141,263,3567,3445,141,123,3445,141,263,3445,57,67,3585,57,263,3389,57,263,3389,197,67,3567,3445,197,207,3567,3445,197,281,123,3445,197,207,3567,3641,67,3445,141,123,3445,141,263,3567,3445,141,123,3445,141,263,3445,57,67,3585,57,263,3389,57,263,3389,197,67,3567,3445,197,207,3567,3445,197,281,123,3445,197,207,3567,3641,67,3445,141,123,3445,141,263,3371,3567,3445,197,207,3567,3445,197,281,123,3445,197,207,3567,3641,207,3567,3641,67,3445,141,263,
ae031c64-e725-4f5d-857e-d57ef6f3c949	michael_buble	everything_ver6_crd.htm	1,1,263,3511,3445,11,3669,85,57,141,1,1,263,3371,3641,253,281,95,3501,263,3501,11,3641,263,3501,11,3641,263,3501,85,57,141,1,1,263,3501,85,57,141,1,1,263,3501,85,57,141,1,1,263,3501,85,57,141,1,1,263,3501,85,57,141,141,57,141,263,3585,57,141,1,141,309,151,3445,57,95,3557,263,3501,85,57,141,1,1,263,3501,85,57,141,1,1,263,3501,85,57,141,1,1,263,3501,85,57,141,1,1,263,3501,85,57,141,1,263,3501,85,57,141,1,263,3501,85,57,141,197,57,141,263,3585,57,141,1,141,309,151,3445,57,95,3483,3371,3641,197,95,3557,263,3501,85,57,141,1,1,263,3501,85,57,141,1,1,263,3501,85,57,141,
027e794c-945b-431c-b73f-1089234934d6	oasis	champagne_supernova_ver2_crd.htm	1,1,281,57,1,253,85,1,197,11,3361,1,141,281,1,197,113,225,113,11,3371,3669,1,253,1,197,1,1,207,3501,1,281,57,253,85,197,141,1,1,1,281,57,207,3501,253,85,197,141,1,1,1,281,57,207,3501,253,85,197,141,1,1,1,281,57,207,3501,253,85,197,141,1,1,1,281,57,207,3501,253,85,197,141,1,1,207,3501,1,281,57,253,85,197,141,1,1,1,281,57,207,3501,253,85,197,141,1,1,1,281,57,207,3501,253,85,197,141,281,57,281,253,281,113,281,141,281,57,281,253,281,113,281,85,197,197,281,57,281,197,141,197,57,85,197,57,141,1,1,207,3501,1,281,57,253,85,197,141,1,1,207,3501,1,281,57,253,85,197,141,1,1,1,281,57,207,3501,253,85,197,141,1,1,1,281,57,207,3501,253,85,197,141,281,57,281,253,281,113,281,141,281,57,281,253,281,113,281,85,197,197,281,57,281,197,141,197,57,85,197,57,141,281,319,3669,57,57,281,319,3669,57,57,281,319,3669,57,57,281,319,3669,57,57,281,319,3669,57,57,281,319,3445,281,319,3669,57,57,281,319,3669,57,281,57,281,57,57,1,1,207,3389,57,281,57,281,57,57,1,281,57,253,85,197,141,1,1,207,3501,1,281,57,253,85,197,141,1,1,1,281,57,207,3501,253,85,197,141,1,1,1,281,57,207,3501,253,85,197,141,1,1,1,281,57,207,3501,253,85,197,141,1,1,225,57,57,1,1,281,57,253,309,57,57,225,57,57,225,57,57,
2b81db4c-83d4-4904-a4b9-be8a59ec30c5	queen	crazy_little_thing_called_love_ver3_crd.htm	1,1,1,141,141,197,197,141,141,197,197,225,57,57,1,141,141,197,197,141,141,197,197,225,57,57,141,141,197,85,169,141,225,309,141,141,141,141,197,197,141,141,197,197,225,57,57,225,113,225,169,141,225,309,141,141,141,141,197,197,141,141,197,197,225,57,57,1,141,141,197,197,141,141,197,197,225,57,57,225,57,57,
34f9a7b7-0abc-46dd-9477-bb3e50e2bb9a	mamas_and_the_papas	california_dreaming_crd.htm	3557,151,3585,57,253,1,29,197,113,151,3585,309,1,151,3585,57,253,1,151,3585,57,253,1,151,3585,57,67,3585,57,67,3585,57,281,123,
b12f7213-3396-42cb-9b7f-3cc320e036ed	coheed_and_cambria	welcome_home_crd.htm	3585,57,67,3585,57,67,3585,57,67,3585,57,67,3389,123,3445,141,123,3445,123,3585,57,67,3585,57,67,3585,57,67,3585,57,67,3389,123,3445,141,123,3445,141,123,3641,281,1,123,3641,281,319,3585,57,67,
9328255a-ce0a-42dd-80ec-5f682ff51be7	beatles	help_crd.htm	3371,3585,1,253,141,1,123,3511,3585,141,57,123,3511,3585,141,57,67,3371,3585,1,253,141,123,3511,3585,141,57,123,3511,3585,141,57,67,3371,3585,1,253,141,1,123,3511,3585,141,57,123,3511,3585,141,57,67,3371,3585,1,253,141,263,3445,1,1,207,3585,253,281,1,123,3511,3585,141,57,123,3511,3585,141,57,67,3585,253,141,123,3511,3585,141,57,123,3511,3585,141,57,67,3585,253,141,1,123,3511,3585,141,57,123,3511,3585,141,57,67,3585,253,141,263,3445,263,
33d3160a-ff07-4d57-885c-8bea842e2a52	kelly_clarkson	because_of_you_ver3_crd.htm	197,67,3641,141,197,67,3641,141,197,67,3641,141,197,67,3641,67,3585,57,67,3585,57,67,3585,57,85,197,57,141,197,67,3641,141,197,67,3641,141,1,197,67,3641,141,1,197,67,3641,67,3585,57,67,3585,57,67,3585,57,67,3585,57,67,3585,57,67,3585,57,123,3585,57,67,3585,57,67,3585,57,67,3585,57,67,3585,57,67,3585,57,141,
973af292-ca58-4e74-a38a-ccd27ee68c31	rufus_wainwright	hallelujah_crd.htm	263,3445,263,3445,263,3445,263,3585,57,141,197,141,141,57,67,3585,57,263,3511,3585,123,3585,197,197,141,1,141,123,3585,197,197,281,123,3585,197,197,141,
57507262-a427-444a-a7a2-324a5b41797e	avenged_sevenfold	so_far_away_crd.htm	3371,3445,197,263,3389,123,3371,3445,197,263,3389,1,57,67,3445,67,3567,3641,67,3445,67,3445,57,67,3371,3445,197,263,3389,123,3371,3445,197,263,3389,1,57,67,3445,67,3567,3641,67,3445,67,3445,57,57,225,263,3567,3361,225,57,281,57,57,225,263,3567,3361,225,57,281,57,67,3445,67,3567,3641,67,3445,67,3445,57,207,3445,57,67,3371,3641,207,3641,197,67,3641,281,123,3641,207,3641,197,67,3641,281,123,3641,281,123,3641,207,3641,197,67,3641,281,123,3641,207,3641,197,67,3641,281,123,3641,281,123,3641,281,123,3641,281,123,3641,281,
3a553394-70c7-49b2-aac7-08c20dbada9a	30_seconds_to_mars	the_kill_ver2_crd.htm	57,67,3567,3389,57,67,3567,3389,57,67,3567,3389,57,67,3567,3389,57,67,3567,3389,57,67,3445,141,57,67,3445,141,57,67,3445,141,57,67,3585,
386d6c99-9df8-47cc-993b-31f4fb4f65bf	damien_rice	cannonball_ver3_crd.htm	3445,197,113,291,3445,197,113,291,3445,197,113,95,3445,123,3445,197,113,291,3445,197,113,291,3445,197,113,95,3445,197,141,57,113,29,141,57,113,29,141,57,113,95,3445,123,3445,141,57,113,29,141,57,113,29,141,57,113,95,3445,197,141,57,113,29,141,57,113,29,141,57,113,95,3445,57,113,95,3445,57,113,95,3445,197,
59c623c1-8cf8-4142-8a0e-5c8274995eec	coldplay	green_eyes_ver2_crd.htm	197,207,3641,197,207,3641,197,207,3641,197,207,3445,197,197,207,3445,197,197,207,3445,197,281,197,263,3445,197,281,197,263,3641,197,207,3641,197,207,3641,197,207,3641,197,207,3371,3445,197,197,207,3445,197,197,207,3445,197,281,197,263,3445,197,281,197,263,3641,67,3641,197,207,3641,197,207,
413d9b7b-3011-483a-8185-9639c88008a1	evanescence	my_immortal_ver2_crd.htm	123,3585,123,3585,123,3585,123,3585,123,3585,123,3511,3567,3511,3567,3511,3567,3445,67,3585,57,263,3511,3585,57,263,3511,3585,57,263,3511,3585,57,141,123,3585,123,3585,123,3585,123,3511,3567,3511,3567,3511,3567,3445,67,3585,57,263,3511,3585,57,263,3511,3585,57,263,3511,3585,57,281,123,3567,3389,263,3427,3389,57,67,3585,57,263,3511,3585,57,263,3511,3585,57,263,3511,3585,57,263,3511,3585,57,
3d7ac58a-96f4-41a4-aaeb-f2215464f94b	mr_big	to_be_with_you_crd.htm	3445,141,197,263,3445,141,197,141,197,141,197,281,253,141,1,1,1,141,57,141,141,123,3529,113,1,225,1,1,1,141,57,141,1,1,1,1,141,57,67,3361,1,1,1,141,57,141,1,1,1,1,141,57,67,
0fc717c6-7b15-443a-b6b4-b6e63fb0e7b2	bonnie_tyler	total_eclipse_of_the_heart_ver4_crd_960748id_21062010date.htm	3641,67,3641,141,281,57,281,141,141,197,141,309,123,3389,57,141,123,3389,57,141,123,3389,57,281,57,67,3501,281,197,67,3501,281,123,3389,57,141,263,3567,3389,1,263,3501,141,123,3389,57,141,263,3567,3389,1,263,3501,141,123,3389,57,141,67,3641,67,3641,141,281,57,281,141,141,197,141,309,123,3389,57,141,123,3389,57,141,123,3389,57,281,57,67,3501,281,197,67,3501,281,123,3389,57,141,263,3567,3389,1,263,3501,141,123,3389,57,141,123,3389,57,
