0e9a08bf-f2d3-4b2c-856a-87d30394b957	journey	dont_stop_believing_ver2_crd.htm	197,67,3585,197,197,263,3389,197,197,67,3585,197,197,263,3389,197,197,67,3585,197,197,263,3389,1,197,141,197,141,197,141,197,1,197,67,3585,197,197,263,3389,197,197,67,3585,197,197,263,3389,1,197,141,197,141,197,141,197,1,197,67,3585,197,197,263,3585,197,67,3585,197,197,263,3585,197,67,3585,197,197,263,
dc7172f9-0f92-4b3e-8830-81b5b1fe5a83	james_blunt	youre_beautiful_ver2_crd.htm	197,67,3585,197,197,67,3585,1,57,141,141,57,141,141,57,141,197,67,3585,57,67,3585,57,141,1,197,67,3585,197,197,67,3585,1,57,141,141,57,141,141,57,141,197,67,3585,57,67,3585,57,141,263,3371,3371,3501,85,57,141,141,57,141,141,57,141,197,67,3585,57,141,197,67,3585,57,67,3585,57,141,
0385c7ae-14c7-4fe1-9e4d-107fe19f12d0	richard_marx	right_here_waiting_crd.htm	141,263,3501,141,141,263,3501,67,3371,3513,4173,141,197,67,3585,57,141,197,67,3585,57,67,3513,4313,141,1,265,4313,141,75,6189,197,67,3641,141,197,67,3585,57,
cfba3e5e-da51-4e19-8cd7-0e3421161a2d	alicia_keys	no_one_ver6_crd.htm	197,67,3585,197,197,67,3585,197,197,67,3585,197,197,67,3585,197,197,67,3585,197,197,67,3585,123,3641,281,197,263,3641,281,197,1,
7d5abf51-d1f6-47bb-8db8-5429aac0a2c6	mika	happy_ending_crd.htm	197,67,3585,197,197,67,3585,197,197,67,3585,197,1,197,67,3585,197,1,197,67,3585,197,1,197,67,3585,197,263,3567,3585,197,141,197,67,3585,197,197,67,3585,197,197,67,3585,197,1,263,3371,3641,1,281,1,
a23bc5c0-7b6a-4a95-aeb2-9c5fdf05ccf8	black_eyed_peas	where_is_the_love_crd.htm	197,67,3585,197,197,67,3585,197,197,67,3585,197,1,197,67,3585,197,197,67,3585,197,197,67,3585,197,1,197,67,3585,197,197,67,3585,197,197,67,3585,197,
c03894aa-98ff-4ac7-8d06-bb410955a4aa	alex_lloyd	amazing_ver2_crd.htm	141,197,6,1747,3501,57,11,3445,1,1,1,1,6,1681,253,85,197,67,3585,197,197,67,3585,197,1,1,1,1,6,1681,253,85,197,67,3585,197,197,67,3585,263,3501,207,3501,207,3445,57,141,197,67,3585,197,197,67,3585,197,197,67,3585,197,197,67,3585,197,
52ef1a43-7bdb-42bb-9e48-585bc5764702	calling	wherever_you_will_go_ver6_crd.htm	197,67,3585,197,197,67,3585,197,1,197,67,3585,197,1,197,67,3585,197,1,197,67,3585,197,1,197,67,3585,197,1,197,67,3585,197,1,197,67,3585,197,1,197,67,3585,197,1,197,67,3585,197,1,197,67,3585,1,197,1,197,67,3585,197,1,197,67,3585,123,3371,3585,57,263,3511,3585,57,263,3371,3511,3445,197,67,3585,197,1,197,67,3585,197,1,197,67,3585,197,1,197,67,3585,197,1,197,67,3585,197,1,197,67,3585,197,197,67,3585,197,197,67,3585,
8c5a5b3a-1430-4db1-8a02-22435671a9ef	thirsty_merc	20_good_reasons_ver2_crd.htm	197,67,3585,197,197,67,3585,197,197,67,3585,197,197,67,3585,197,197,67,3585,197,197,67,3585,197,197,67,3585,197,197,67,3585,197,197,67,3585,197,197,67,3585,197,197,67,3585,197,197,67,3585,
03333990-f665-47a2-92bf-02f4df4cbbe3	lighthouse_family	high_ver3_crd.htm	197,67,3585,197,197,67,3585,197,197,67,3585,197,197,67,3585,67,3651,3427,3651,3427,3651,3427,3641,57,141,197,67,3585,197,197,67,3585,197,197,67,3585,197,197,67,3585,197,197,67,3585,197,197,67,3585,67,3651,3427,3651,3427,3651,3427,3641,57,141,197,67,3585,197,197,67,3585,197,197,67,3585,197,197,67,3585,67,3651,3427,3651,3427,3651,3427,3641,57,141,197,67,3585,197,197,67,3585,
bcddd5e6-7504-4a16-8291-d71dec571f65	red_hot_chili_peppers	soul_to_squeeze_crd.htm	197,67,3585,197,197,67,3585,197,197,67,3585,197,197,67,3585,197,197,67,3585,197,197,67,3585,197,197,67,3585,197,197,67,3585,
10adbbb4-13ba-4443-aefe-c2bb8e702ebe	ben_lee	cigarettes_will_kill_you_crd.htm	3641,281,123,3641,281,123,3641,281,253,281,197,67,3585,197,197,67,3585,1,
c9619afd-f079-41d5-97d8-1f32069ffbc4	maroon_5	she_will_be_loved_ver2_crd.htm	3641,67,3641,67,3641,67,3641,67,3641,67,3641,67,3641,67,3641,67,3641,67,3641,141,197,67,3585,197,197,67,3585,197,197,67,3585,123,3641,67,3641,67,3641,67,3585,123,3641,67,3641,67,3641,67,3585,197,197,67,3585,197,197,67,3585,197,197,67,3585,123,3641,67,3641,67,3641,67,3641,281,
9fa2ce6a-0489-4308-acff-59fe5205d876	u2	with_or_without_you_ver3_crd.htm	197,67,3585,197,197,67,3585,197,197,67,3585,197,197,67,3585,197,197,67,3585,197,197,67,3585,197,197,67,3585,197,197,67,3585,197,197,67,3585,197,197,67,3585,197,197,67,3585,
2c7bce14-a144-424c-b04b-4695910286ce	crowded_house	fall_at_your_feet_ver2_crd.htm	3445,319,3501,151,3445,319,3501,151,3445,141,197,197,67,3585,197,197,67,3585,197,197,67,3585,123,3445,319,3501,151,3445,319,3501,151,3585,197,197,67,3585,197,197,67,3585,197,197,67,3585,197,197,67,3585,197,197,67,3585,197,197,67,3585,197,197,67,3585,197,197,67,
169ef8ad-6d8e-452d-9c08-8b286e2c564a	beatles	let_it_be_ver4_crd.htm	197,67,3585,197,197,281,197,1,197,67,3585,197,197,281,197,1,197,67,3585,197,197,281,197,263,3641,281,197,197,281,197,1,197,67,3585,197,197,281,197,197,67,3585,197,197,281,123,3641,281,197,197,281,197,263,3641,281,197,197,281,197,1,197,67,3585,197,197,281,197,263,3641,281,197,197,281,197,1,197,67,3585,197,197,281,197,1,197,67,3585,197,197,281,197,263,3641,281,197,197,281,197,263,3641,281,197,
fdcbd507-8bac-4754-a72b-e3e73b0c1e0a	red_hot_chili_peppers	under_the_bridge_ver2_crd.htm	197,67,3567,3389,197,197,67,3585,197,197,67,3567,3389,197,197,67,3585,215,6049,197,67,3567,3389,197,197,67,3585,197,197,67,3567,3389,197,197,67,3585,215,6115,3641,197,207,3371,3641,197,207,3641,67,3501,207,3371,3641,1,197,67,3567,3389,197,197,67,3585,215,6115,3641,197,207,3371,3641,197,207,3641,67,3501,207,3371,3641,141,85,199,953,113,85,199,953,113,85,199,953,113,85,199,953,113,85,199,953,113,85,199,953,113,85,199,953,113,85,199,953,113,85,199,953,
92864e36-d1ef-4a02-ad2e-445ea2c7b6e2	rihanna	take_a_bow_ver2_crd.htm	197,67,3585,197,197,67,3585,197,197,67,3585,197,197,281,197,197,67,3585,197,197,67,3585,197,197,67,3585,197,197,281,197,197,67,3585,197,197,281,197,197,67,3585,197,197,67,3585,197,197,67,3585,263,3417,29,1,309,29,197,197,67,3511,3641,67,3417,29,197,197,67,3585,197,197,67,3585,
cecace9c-cc50-4ce1-85c7-c98b9043de29	elton_john	can_you_feel_the_love_tonight_ver5_crd.htm	197,281,197,141,197,197,141,69,4313,113,29,197,141,197,141,197,69,4173,281,197,141,197,141,123,3389,253,141,197,67,3585,197,141,253,141,281,197,263,3445,141,263,3641,141,253,141,141,197,67,3585,197,141,253,141,281,197,263,3445,141,263,3641,141,1,197,1,197,281,197,141,197,197,141,69,4313,113,29,197,141,197,141,197,67,3501,281,197,141,197,141,123,3389,253,141,197,67,3585,197,141,253,141,281,197,263,3445,141,263,3641,141,253,141,141,197,67,3585,197,141,253,141,281,197,263,3445,141,263,3641,141,1,197,141,197,263,3445,141,263,3641,141,1,197,
951cc254-dede-4327-9005-f3a2a8553f6a	men_at_work	down_under_crd.htm	3641,67,3585,57,67,3641,67,3585,57,67,3641,67,3585,57,67,3641,67,3585,57,141,197,67,3585,57,141,197,67,3585,57,141,197,67,3585,57,141,197,67,3585,57,
fb7b0b08-19cd-494b-82df-a8dad34168cf	a-ha	take_on_me_crd.htm	3501,141,141,197,67,3501,141,141,197,67,3501,67,3585,197,197,67,3585,197,197,67,3585,197,197,67,3585,197,197,67,3585,263,3501,141,141,197,67,3501,141,141,197,67,3501,67,3585,197,197,67,3585,197,197,67,3585,197,197,67,3585,197,197,67,3585,319,3529,123,3501,207,3501,141,141,197,67,3501,141,141,197,67,3501,67,3585,197,197,281,197,197,281,197,197,281,197,197,281,197,197,281,197,197,281,197,197,281,197,197,281,197,197,197,225,197,197,197,207,3501,197,225,197,197,197,141,197,197,225,197,197,197,1,1,197,225,197,197,197,281,57,197,225,197,197,197,1,1,197,225,197,197,197,67,3641,197,225,197,197,197,263,3445,197,225,197,197,197,85,253,197,225,197,197,197,
4d82296d-ffae-47ff-be7d-871247251da4	eagle_eye_cherry	save_tonight_crd.htm	3585,197,197,67,3585,197,197,67,3585,197,197,67,3585,197,197,67,3585,197,197,67,3585,197,197,67,3585,197,197,67,3585,197,197,67,3585,197,197,67,3585,197,197,67,3585,197,197,67,3585,197,197,67,3585,197,197,67,3585,197,197,67,3585,197,197,67,3585,197,197,67,3585,197,197,67,3585,197,197,67,3585,197,197,67,3585,197,197,67,3585,197,197,67,3585,197,197,67,3585,197,197,67,3585,197,197,67,3585,197,197,67,3585,197,197,67,3585,197,197,67,3585,197,197,67,3585,197,197,67,3585,197,197,67,3585,197,197,67,3585,197,197,67,3585,197,197,67,3585,197,197,67,3585,197,197,67,3585,197,197,67,3585,197,197,67,3585,197,197,67,3585,197,197,67,3585,197,197,67,3585,197,197,67,3585,197,197,67,3585,197,197,67,3585,197,197,67,3585,197,197,67,3585,197,197,67,3585,197,197,67,3585,197,197,67,3585,197,197,
4dbbdc7c-5865-404f-a9e2-072b355baec6	offspring	self_esteem_crd.htm	422,534,534,562,646,562,534,534,394,562,534,534,394,562,534,534,394,562,534,534,338,394,562,534,534,394,562,534,534,394,562,534,534,394,562,534,534,534,562,534,534,394,562,534,534,394,562,534,534,394,562,534,534,394,562,534,534,394,562,534,534,394,562,394,534,618,394,478,533,2,478,533,
d613f346-e82f-49fb-8e57-783aa6852c1e	blink_182	dammit_crd.htm	197,57,225,197,197,57,225,197,197,57,225,197,197,57,225,197,197,57,225,197,197,57,225,197,197,57,225,197,197,57,225,197,197,57,225,197,197,57,225,197,197,57,225,197,197,57,225,197,197,57,225,197,197,57,225,197,197,57,225,197,197,57,225,
4a9be964-5509-4dfc-802b-7f8b1b9dd51c	onerepublic	apologize_crd.htm	3585,197,197,67,3585,197,197,67,3585,197,197,67,3585,197,197,67,3585,197,197,67,3585,197,197,
1c82262d-8cf8-4720-bb00-418c46b3aa0d	tim_minchin	canvas_bags_crd.htm	141,11,3557,197,67,3641,281,11,3557,197,67,3445,141,11,3557,197,67,3641,281,11,3557,197,67,3445,263,3585,197,197,67,3585,197,197,
9a28e28d-de97-4119-adf3-7fbc036e59c9	natalie_imbruglia	torn_crd.htm	3389,57,67,3445,67,3641,141,197,67,3641,123,3389,197,123,3389,123,3641,263,3445,141,1,197,67,3585,197,197,67,3585,197,197,67,3641,281,197,123,3389,123,3641,281,123,3445,197,141,197,67,3585,197,197,67,3585,197,197,67,3585,197,197,67,3641,281,123,3641,141,197,67,3641,281,197,197,67,3641,281,253,197,197,197,29,197,67,3641,281,197,197,67,3641,281,253,197,197,197,29,1,1,1,1,123,3389,197,123,3389,197,197,67,3585,197,197,67,3585,197,197,67,3585,
b6c39f31-467f-4361-b504-85b3f05e5497	missy_higgins	scar_ver2_crd.htm	197,67,3585,197,197,67,3585,197,197,67,3585,197,197,67,3585,263,3445,57,207,3445,57,141,197,67,3585,57,141,197,67,3585,57,141,197,207,3641,309,281,225,
e9b75a56-b81c-4bdb-bfce-5a7050a874c4	snow_patrol	run_crd.htm	3641,67,3641,141,197,67,3585,197,197,67,3585,
27c65294-758d-406d-a455-071c60ad211e	old_crow_medicine_show	wagon_wheel_ver3_crd.htm	197,67,3585,197,197,281,197,197,67,3585,197,197,281,197,197,67,3585,197,197,281,197,197,67,3585,197,197,281,197,197,67,3585,197,197,281,197,197,67,3585,197,197,281,197,197,67,3585,197,197,281,197,197,67,3585,197,197,281,197,197,67,3585,197,197,281,197,197,67,3585,197,197,281,197,197,67,3585,197,197,281,197,197,67,3585,197,197,281,197,197,67,3585,197,197,281,197,197,67,3585,197,197,281,197,197,67,3585,197,197,281,197,
b7f17469-4445-48db-bbae-0ee29941a93e	alphaville	forever_young_crd.htm	1403,813,197,67,3585,57,67,3585,59,957,1403,813,1,197,67,3585,57,67,3585,57,141,197,67,3585,57,67,3585,57,141,
01e7c4cf-a817-4a3c-b707-5d7afa2e722c	john_denver	take_me_home_country_roads_crd.htm	263,3641,281,197,1,263,3641,281,197,1,197,67,3585,197,197,281,197,1,263,3641,281,197,1,263,3641,281,197,1,263,3641,281,197,1,263,3641,281,197,
b8056daf-bcc7-44d4-a95e-53b5583c3981	the_police	so_lonely_crd.htm	197,67,3585,197,197,67,3585,197,197,67,3585,197,197,67,3585,197,197,67,3585,197,197,67,3585,197,197,67,3585,197,197,67,3585,197,197,67,3585,197,197,67,3585,197,197,67,3585,197,197,67,3585,197,197,67,3585,197,197,67,3585,197,197,67,3585,197,197,67,3585,197,197,67,3585,197,197,67,3585,197,197,67,3585,197,197,67,3585,197,197,67,3585,197,197,67,3585,197,197,67,3585,197,197,67,3585,
fbbf18de-3ef1-4cfa-bd1d-9309ab58f75d	a-ha	take_on_me_crd.htm	3501,141,141,197,67,3501,141,141,197,67,3501,67,3585,197,197,67,3585,197,197,67,3585,197,197,67,3585,197,197,67,3585,263,3501,141,141,197,67,3501,141,141,197,67,3501,67,3585,197,197,67,3585,197,197,67,3585,197,197,67,3585,197,197,67,3585,319,3529,123,3501,207,3501,141,141,197,67,3501,141,141,197,67,3501,67,3585,197,197,281,197,197,281,197,197,281,197,197,281,197,197,281,197,197,281,197,197,281,197,197,281,197,197,197,225,197,197,197,207,3501,197,225,197,197,197,141,197,197,225,197,197,197,1,1,197,225,197,197,197,281,57,197,225,197,197,197,1,1,197,225,197,197,197,67,3641,197,225,197,197,197,263,3445,197,225,197,197,197,85,253,197,225,197,197,197,
58d010ba-73f5-4a4a-9787-af66ebe79ba3	who	real_good_looking_boy_crd.htm	197,67,3585,197,197,1,281,57,67,3557,242,5909,141,197,67,3585,197,197,67,3585,197,197,67,3585,197,197,67,3585,197,197,67,3585,197,197,67,3585,197,197,67,3585,197,197,67,3585,197,197,67,3585,197,197,67,3585,1,319,3651,3641,1,197,67,3585,1,319,3651,3641,1,1,
91bc2ee6-fe82-462c-b6cf-3bc886bfdf4f	jason_mraz	im_yours_crd.htm	197,67,3585,197,197,67,3585,57,141,197,67,
f33be998-ff39-453b-8c40-f02c65067ba7	red_hot_chili_peppers	under_the_bridge_ver3_crd.htm	197,67,3567,3389,201,1411,3501,291,3641,281,197,113,197,67,3567,3389,197,197,67,3585,197,197,67,3567,3389,197,197,67,3585,201,1345,197,67,3567,3389,197,197,67,3585,197,197,67,3567,3389,197,197,67,3585,201,1411,3641,197,207,3371,3641,197,207,3371,3641,197,207,3371,3641,197,207,3641,197,67,3567,3389,197,197,67,3585,197,197,67,3567,3389,197,197,67,3585,197,197,67,3567,3389,197,197,67,3585,201,1411,3641,197,207,3371,3641,197,207,3371,3641,197,207,3371,3641,197,207,3445,11,3641,281,113,11,3641,281,113,11,3641,281,113,11,3641,281,113,11,3641,281,113,11,3641,281,113,11,3641,281,113,11,3641,281,113,11,3641,281,113,11,3641,281,113,11,3641,281,113,85,197,281,113,
