solver_type L2R_L2LOSS_SVC_DUAL
nr_class 5
label 1 2 3 4 5
nr_feature 225
bias 1
w
0.07896722763355599 -0.02255126973078958 -0.020650367818313 -0.0360825608299629 -0.01359998194863646 
0.1121981480773395 -0.01569569007372647 -0.01557082396880796 -0.04756051887240021 -0.04398138614174537 
0.05281340618015154 0.00850383442930961 -0.02151822557911464 -0.02229543158985765 -0.03058446394903929 
0.1038503120531439 -0.02575236925454394 0.01780268229897727 -0.04428674266420135 -0.06311325091394639 
0.05617545506664659 0.06407304949351908 -0.01943504875154472 -0.06865675053689652 -0.03630625818248467 
-0.03187912338852764 0.01188177969065091 -0.06349225662662002 0.07362197134161445 -0.02793154990272687 
-0.04903057212389619 0.03125175452536073 -0.05385961824645626 0.0826985760479983 -0.01550894635748654 
0.1012711172806176 -0.0451639229364795 -0.113239442401187 0.04354316148503693 0.007777798881333521 
0.1247513980662004 -0.1100527745945357 -0.08204296879611628 0.0978490707081353 -0.04775853777379902 
0.3124810881647861 -0.134060026160627 -0.03998270197202066 -0.09172748100627041 -0.04623149992926476 
0.2887336306448965 -0.1381359813596109 -0.04749751819798272 -0.01016865495747878 -0.09169412982704582 
0.2315098846938164 -0.1361081602313957 0.009671939536918701 -0.01793022096381421 -0.1033117525709305 
0.2365314865126937 -0.09255836243301356 -0.07776222821004047 -0.02781883425860523 -0.02685528371258169 
0.2470794509842386 -0.1287350004544918 -0.04529949735469613 0.01317070359052688 -0.0958850411184872 
0.2802909352342967 -0.01107057736903164 -0.1070301873399133 -0.0641460964099517 -0.1046338969235859 
0.2363540490237875 -0.07809003740057524 0.07366657085449543 -0.1245629194980149 -0.09589789595780986 
0.3711641587225435 -0.1600883184688869 -0.08491585097019415 -0.02870691076389539 -0.0889872395913502 
0.3953680842216805 -0.0714601225480614 -0.1406825224331739 -0.08472726776322019 -0.08351466548406287 
0.2694201397089341 -0.07358581274878119 -0.09967966486990647 -0.0308746037853508 -0.05856070775077515 
0.2175326518429901 -0.1116101431136355 -0.01933038985735997 -0.0320981171082161 -0.03189468972825177 
0.2755435257018851 -0.09845517753307324 -0.01941666233983311 -0.07706869889852817 -0.0674499187859198 
0.1535991466443367 -0.09863712462885055 0.1227288555922949 -0.09371196348628376 -0.0752301421159937 
0.2851949600851197 -0.09884650285687818 -0.1013847915048265 -0.04614560756379605 -0.04171667625827556 
0.2944094414774834 -0.1144485357746927 -0.06405193572369496 -0.06278477388466196 -0.03821642451750334 
0.06474984284408371 -0.08507008040154668 0.1357228482037068 -0.05951524780674594 -0.06512452846889376 
0.2425558543023034 -0.06111727991178997 -0.03754178871597614 -0.01689379146293056 -0.1181513566419662 
0.2607162927416301 -0.08062842858608231 -0.05388581985630166 -0.1210946167997143 0.001472763883689973 
0.2444716262022525 -0.07375156113703044 -0.06293314060123867 -0.03315848670207149 -0.07180675473697344 
0.1639402064878858 -0.08135332838451916 -0.05391764186734747 0.006686125657006358 -0.03247928249792768 
0.2166397617639374 -0.0770433980594631 -0.03429127595072944 -0.01201300500925924 -0.08622165311876225 
0.2988381080998374 -0.09658775629983431 -0.103438381878699 -0.08207934531692088 -0.004300643349912661 
0.2340733228877809 -0.07125109538141135 -0.06172881695815177 -0.03229629648537301 -0.06787162124431548 
0.2312301295741129 -0.0697410787783655 -0.05596980287224121 -0.03214524671632992 -0.07257983237881153 
0.2312301295741129 -0.0697410787783655 -0.05596980287224121 -0.03214524671632992 -0.07257983237881153 
0.2312301295741129 -0.0697410787783655 -0.05596980287224121 -0.03214524671632992 -0.07257983237881153 
0.2257001127539472 -0.07914348043569365 -0.01967070928830789 -0.04435270965673841 -0.08324925127197018 
0.243294295893009 -0.02879164691104113 -0.02943039469535586 -0.1240096837273242 -0.04886090734338249 
0.3585974483368434 -0.1365685564185508 -0.08363263245274159 -0.05891479233250859 -0.06609593977424028 
0.2261900855716955 -0.07938366982829002 -0.0327385213228027 -0.06644723851780043 -0.0389252294585735 
0.1586681235252849 -0.07619658743125639 -0.1301377052852208 0.1412730988611115 -0.07825615822703036 
0.3083747943660491 -0.1126275601758374 -0.04541208869078303 -0.05820723510249808 -0.07882109345294636 
0.2872038432868266 -0.05127476554701574 -0.0851504307467298 -0.0447979218438016 -0.09506622397662573 
0.296908080428971 -0.07725029421668247 -0.09680950537872739 -0.0257514851759665 -0.08807074181057405 
0.2910946500935354 -0.08203986173930948 -0.03482237668277927 -0.08732304555672576 -0.07919785880081144 
0.2224831007636873 -0.02955316839942683 -0.07538573459273186 -0.05844604271927882 -0.0548434643374237 
-0.06164238147762448 0.2778626318410327 -0.0918627301938269 -0.02636001036969934 -0.09079591184823219 
-0.1055843373891425 0.31901871888856 -0.06797724752203245 -0.04716723689043627 -0.09394318586959689 
-0.08287627115592923 0.2635065790028838 -0.05876098730832699 -0.04161963350315803 -0.07711190060086832 
-0.05526426275410555 0.251207125534202 -0.08227004815744535 -0.04071317327724166 -0.07066540512932853 
-0.08308465351492569 0.2589289674702808 -0.05382461620014707 -0.04168296801187495 -0.07772403515597405 
0.01093424704239897 0.2247895945423632 -0.07323200088148479 -0.07313326604151392 -0.08070278722267794 
-0.06671976677995331 0.3241248306908961 -0.0460462917049276 -0.1080390916708695 -0.09209546249676392 
0.006166995233398831 0.2570455487914337 -0.138827187536657 0.01549174434236136 -0.1215773535148372 
-0.07194421064254757 0.2967476362739508 -0.1020583564457144 -0.04855032109040389 -0.07324065526812493 
-0.116552380511736 0.3300136852513051 -0.04777864068254935 -0.07295881384552554 -0.08330812148522332 
-0.06955341164314922 0.239193491547837 -0.0293493747218516 -0.05982358153444674 -0.07014223170725886 
-0.06905614997278835 0.2843199963214503 -0.06592992530141169 -0.07011384819725702 -0.0731906318894278 
-0.06976279321345383 0.3128912325934382 -0.0723800756811679 -0.08915372824033664 -0.07597293189137867 
0.004108925105479363 0.266036487807368 -0.1195899547031145 -0.07452311778960892 -0.06134697511319489 
-0.09371171361233639 0.3459417110896927 -0.07188623157463868 -0.05012845549636671 -0.1196237350424775 
0.02365272221827602 0.2833576528033013 -0.1351003426406198 -0.06844967621691272 -0.09170146586839829 
-0.04274042116324528 0.264173321979765 -0.08846754564544482 -0.08462383650790943 -0.04263190270543692 
-0.09349646383021373 0.3712951250783203 -0.1132714631149633 -0.04074067582572969 -0.1168602377171644 
-0.08124145239597258 0.3353253604374285 -0.0909512911615452 -0.04516257613848469 -0.1108363673191325 
-0.07386341636230788 0.301547184081202 -0.098176062049804 -0.0450695285731895 -0.08000225225460234 
-0.09452838656729433 0.2843059558428154 -0.05609543302380017 -0.08717999237912713 -0.03863596502795346 
-0.06328051140418574 0.3187323233952681 -0.1299904833497598 -0.07987844081251581 -0.03962084403060708 
-0.08076864530021115 0.2778449195820459 -0.02074381988338387 -0.1099748446228337 -0.06372943872497409 
-0.05641000762398654 0.2294405449452126 -0.04306164468301718 -0.08768319927279536 -0.03338448333045512 
-0.07992932872484788 0.1979048629130086 -0.0555407835643456 -0.03670766505631119 -0.01709395971290547 
-0.002961557295977197 0.01251397876103955 -0.01239400595939021 -0.03062363660243838 0.0320244084856611 
-0.002961557295977197 0.01251397876103955 -0.01239400595939021 -0.03062363660243838 0.0320244084856611 
-0.1074612109500678 0.2886668449332956 -0.04798396966266117 -0.04510439965977039 -0.08004061296604552 
-0.06709822743381039 0.2558109923212369 -0.07205318963243729 -0.04254735725329831 -0.0497539526050547 
-0.002961557295977197 0.01251397876103955 -0.01239400595939021 -0.03062363660243838 0.0320244084856611 
-0.04482216978602156 0.02787874951770613 -0.02551659520734633 -0.004840731393115629 0.04318359617070603 
-0.07727752537637428 0.3036037969191101 -0.07673489215261525 -0.06061479526270415 -0.08003344543812632 
-0.04683520311964848 0.2838482253832351 -0.09291407955315988 -0.03175957164156624 -0.1028338879534031 
-0.07788410271375591 0.290449240962819 -0.07143002462219082 -0.05791027854566193 -0.08009779303320527 
0.1121981480773395 -0.01569569007372647 -0.01557082396880796 -0.04756051887240021 -0.04398138614174537 
-0.08672101157774199 0.2583880799701124 -0.08135357053499657 -0.02286485591397409 -0.05894401453483662 
-0.08336810088034161 0.2816778974394417 -0.06988013199047168 -0.04688696468473344 -0.07847478894400046 
-0.005257675972138495 0.2257490065013788 -0.0748696667229195 -0.1123796433094621 -0.01648265070939459 
-0.06252081591765241 0.2807440574829813 -0.08712679221436981 -0.08532155756617182 -0.04068245587929659 
-0.06654210684707609 0.2714421156809072 -0.06202658695832698 -0.04779234472038159 -0.08859529806993081 
-0.04903057212389619 0.03125175452536073 -0.05385961824645626 0.0826985760479983 -0.01550894635748654 
-0.09247441248564084 0.3173486878701189 -0.05204034014302123 -0.06242807542812567 -0.1008525290920066 
-0.06314028554231925 0.270005185515507 -0.06135077594690067 -0.04802320897684344 -0.09067279837751195 
-0.07667627831847944 0.2840275483862635 -0.08202008497509618 -0.08154958512638696 -0.03982211455244361 
-0.007453182418452833 0.1869571815550901 -0.05668294664539721 -0.05363227971182995 -0.05888563932124287 
0.06474984284408371 -0.08507008040154668 0.1357228482037068 -0.05951524780674594 -0.06512452846889376 
-0.03631736877936612 -0.09529709232781809 0.2227524663240678 -0.0206400496001285 -0.06872817427778677 
-0.04586502041624516 -0.1086770498309545 0.2645340509306194 -0.02491165929213294 -0.0874513194434369 
-0.0108056341055422 -0.1462175974356161 0.2536647834239313 -0.03289314003386033 -0.1126356103887515 
-0.09031756871427737 -0.06282742935833245 0.2174006885253866 -0.01742676587914621 -0.1473450053864664 
-0.08449419835574344 -0.004707251768079244 0.1871034273871516 -0.02653797354285007 -0.1692656365050013 
-0.08449419835574344 -0.004707251768079244 0.1871034273871516 -0.02653797354285007 -0.1692656365050013 
-0.04543243869490621 -0.077353537876689 0.1913650874063747 -0.02077256176733236 -0.1517260035653775 
-0.03820528747697888 -0.1136651352005094 0.2080277966777726 -0.03594797452147507 -0.1205864819474538 
-0.02301346848924413 -0.06211017658598698 0.308935661351447 -0.1375237759253345 -0.07147545524582659 
-0.05017445572366978 -0.09510771718831328 0.2684264503225736 -0.05590564573286867 -0.06243685238013908 
-0.1220485083533169 -0.1104334460176547 0.2327517648564779 -0.05659303128461748 0.0004820409685796832 
-0.1189750212553731 -0.05320803373198822 0.2878747912431843 -0.0730628507019067 -0.03603843751666697 
-0.1220485083533169 -0.1104334460176547 0.2327517648564779 -0.05659303128461748 0.0004820409685796832 
-0.1220485083533169 -0.1104334460176547 0.2327517648564779 -0.05659303128461748 0.0004820409685796832 
-0.1220485083533169 -0.1104334460176547 0.2327517648564779 -0.05659303128461748 0.0004820409685796832 
0.0354208464789391 -0.09953127625748812 0.1951538761012822 -0.03640984867647321 -0.0908111049853244 
-0.1220485083533169 -0.1104334460176547 0.2327517648564779 -0.05659303128461748 0.0004820409685796832 
-0.05608499900840349 -0.05364610849246646 0.1529289622885208 0.03305505342065722 -0.07749271951550332 
0.1535991466443367 -0.09863712462885055 0.1227288555922949 -0.09371196348628376 -0.0752301421159937 
-0.06061527494285075 -0.0443021045251463 0.1336020391080819 0.04024835182177826 -0.05959483778646402 
-0.0876793639306938 -0.05235824450485644 0.1657834440943696 -0.0008840123535434127 -0.02049453724493528 
-0.05791667658335244 0.0171590465759993 0.2376400630514531 -0.1575815816641232 -0.04933385867479072 
-0.06521891849720503 -0.05465749492376817 0.1455937850212706 0.01729045679087731 -0.03606214381377926 
-0.1215240413236794 -0.07452083166776183 0.2397415356630327 0.001905183761053252 -0.04580755332445521 
0.05706969081384065 -0.1174245041858951 0.1891881929984478 -0.04847020962916131 -0.07410018158264949 
0.08999682611761055 -0.03451360378153363 -0.003298417972045378 -0.03452331232542811 -0.02881900348956801 
0.05560473231190702 -0.06361525548738058 0.2134650373143444 -0.1466215564804832 -0.041684515071901 
-0.06406744511211182 -0.05171554342696005 0.1020159641809736 -0.01299604373205336 0.0213542012765965 
0.110740501682585 -0.1864379775712401 0.2180791579598174 -0.0885577751068963 -0.06674188165194371 
-0.04802944988651556 -0.1405436248087041 0.25672154837864 0.01544416638948106 -0.0710624761914742 
-0.08879091621949732 -0.006090353050802075 0.1769067104197489 0.02378303076082011 -0.09736258810689558 
-0.05631138620454536 -0.01090002375401857 0.2067412951138684 -0.09591454450959387 -0.03914451387629864 
-0.09856022277612367 -0.03338437341794928 0.2922252399868375 -0.1021117321639756 -0.05464597886000662 
-0.08900260051482339 -0.07100871951855277 0.3111343951850656 -0.1008267424283239 -0.03054268430868503 
-0.08853867154675894 -0.04185793520975375 0.2807994343207297 -0.0434831916915281 -0.09347172245145892 
-0.05658307847412414 -0.06847933589453208 0.3240007194655574 -0.08711826916442436 -0.09300099994159131 
-0.06717075697187865 -0.1052768725480883 0.3533592306317491 -0.0853093932555839 -0.07181550382506649 
-0.05974239857363468 -0.07901545703717849 0.3603860211675162 -0.1114477088038814 -0.08594428610195806 
-0.0274700401170248 -0.1233827409197704 0.2339673807305125 -0.05752566182248325 -0.01586607561303573 
-0.05268631411586314 -0.06008341533642075 0.2408306237799819 -0.05491689320614791 -0.06462161270337415 
-0.02534196912660343 -0.07107997251638128 0.2569936872852372 -0.0794496779905111 -0.05735539876959014 
-0.04031447875487768 -0.02291379930462946 0.2495329423707047 -0.09913683573534512 -0.07591574295855494 
-0.01053375453221419 -0.1416316971369538 0.2398826661030675 -0.005163115870161646 -0.07141795508826618 
0.04363913163904085 -0.0655313059149885 0.1994376527013692 -0.09069848840587193 -0.07048533289071526 
0.1586681235252849 -0.07619658743125639 -0.1301377052852208 0.1412730988611115 -0.07825615822703036 
-0.1258426069002543 -0.06075417938490579 -0.0327876137677745 0.3497756929879802 -0.1367680461228661 
-0.1483796044629634 -0.1036270100263717 -0.06041505683177261 0.3402866247446182 -0.02138541556348919 
-0.0207257932794898 -0.1086094665291454 -0.1123505847313644 0.3510940571469168 -0.09665761624040455 
-0.1309343411005747 -0.06631726086544175 -0.06759272649705947 0.3368274041268863 -0.06417674509421017 
-0.1604961232291409 -0.07781632619429518 -0.06057924343897443 0.3716121963595939 -0.06609663674277308 
-0.002795394389260114 -0.08461869103737459 -0.1336581264615324 0.3358364078674959 -0.08689605822628768 
-0.1298668781647979 -0.04047789753475604 -0.04948663028903691 0.2616079160841781 -0.02805366008733234 
-0.04964589472508657 -0.04342213417672824 -0.1271834174865836 0.2857838889013795 -0.06741179015313738 
-0.1102372772875373 -0.03443084079069072 -0.03806489106191654 0.1853968388291372 -0.0718494972196843 
-0.1080877128316265 -0.04891923220131224 -0.02856598236688992 0.1746246310620687 -0.05970285455873714 
-0.1080877128316265 -0.04891923220131224 -0.02856598236688992 0.1746246310620687 -0.05970285455873714 
-0.1080877128316265 -0.04891923220131224 -0.02856598236688992 0.1746246310620687 -0.05970285455873714 
-0.1080877128316265 -0.04891923220131224 -0.02856598236688992 0.1746246310620687 -0.05970285455873714 
-0.1080877128316265 -0.04891923220131224 -0.02856598236688992 0.1746246310620687 -0.05970285455873714 
-0.1080877128316265 -0.04891923220131224 -0.02856598236688992 0.1746246310620687 -0.05970285455873714 
-0.1080877128316265 -0.04891923220131224 -0.02856598236688992 0.1746246310620687 -0.05970285455873714 
-0.144696555187617 -0.03312037227261717 0.002611564120939843 0.1642303425108739 -0.05667444706361184 
-0.05178505157889246 -0.04808509858188759 -0.03070228310943429 0.19390622250693 -0.06081856064228135 
-0.01655886626379957 -0.05539516522604804 -0.04272267329501634 0.1881277611128544 -0.06901624740194051 
-0.0513686601573158 -0.05170242678553041 -0.04357078262363515 0.1980109760328937 -0.04893657466186099 
-0.0513686601573158 -0.05170242678553041 -0.04357078262363515 0.1980109760328937 -0.04893657466186099 
-0.0513686601573158 -0.05170242678553041 -0.04357078262363515 0.1980109760328937 -0.04893657466186099 
-0.03789542479462603 -0.04514324292481182 -0.1022922475348172 0.2114188506177972 -0.01229192069659405 
-0.0513686601573158 -0.05170242678553041 -0.04357078262363515 0.1980109760328937 -0.04893657466186099 
-0.0513686601573158 -0.05170242678553041 -0.04357078262363515 0.1980109760328937 -0.04893657466186099 
0.01685559360649011 -0.08736657252660135 -0.12394266119014 0.2641343542562714 -0.06361695423190657 
-0.06226655925427121 -0.04026436352033133 0.128898193836205 0.018818642343403 -0.0417868642168677 
-0.1025420857709421 -0.04568971430830281 -0.05428056142811282 0.2632385150822814 -0.05889398730062431 
0.008710230703443162 -0.1005090312648536 -0.1503482210264108 0.3421854067333607 -0.076550954372478 
0.05281340618015154 0.00850383442930961 -0.02151822557911464 -0.02229543158985765 -0.03058446394903929 
-0.04903057212389619 0.03125175452536073 -0.05385961824645626 0.0826985760479983 -0.01550894635748654 
-0.03187912338852764 0.01188177969065091 -0.06349225662662002 0.07362197134161445 -0.02793154990272687 
-0.03187912338852764 0.01188177969065091 -0.06349225662662002 0.07362197134161445 -0.02793154990272687 
-0.04903057212389619 0.03125175452536073 -0.05385961824645626 0.0826985760479983 -0.01550894635748654 
-0.04903057212389619 0.03125175452536073 -0.05385961824645626 0.0826985760479983 -0.01550894635748654 
0.02665457579123733 -0.06680700533826467 -0.07197622951941111 0.1843333965386523 -0.05117616202541331 
0.01439611140877368 -0.1219243187834765 -0.09505856379342935 0.3324209553425133 -0.1210246948996059 
-0.04355386454952199 -0.07375585384899062 -0.06320608584210298 0.2647470897339181 -0.08222535896735093 
-0.04355386454952199 -0.07375585384899062 -0.06320608584210298 0.2647470897339181 -0.08222535896735093 
-0.04355386454952199 -0.07375585384899062 -0.06320608584210298 0.2647470897339181 -0.08222535896735093 
-0.04355386454952199 -0.07375585384899062 -0.06320608584210298 0.2647470897339181 -0.08222535896735093 
-0.04355386454952199 -0.07375585384899062 -0.06320608584210298 0.2647470897339181 -0.08222535896735093 
-0.1053184443847529 -0.1257485959669189 -0.01297808934192998 0.3380570391259461 -0.1000246620533487 
-0.1053184443847529 -0.1257485959669189 -0.01297808934192998 0.3380570391259461 -0.1000246620533487 
-0.06144991269611907 0.01583575051103492 -0.009648347855893604 -0.01220722557895277 0.06543983799969842 
-0.06144991269611907 0.01583575051103492 -0.009648347855893604 -0.01220722557895277 0.06543983799969842 
-0.002961557295977197 0.01251397876103955 -0.01239400595939021 -0.03062363660243838 0.0320244084856611 
-0.05881623279102997 0.02122868729905769 -0.01236088475285207 2.37534574581176e-05 0.04677174411385119 
-0.06374872267368069 0.01005609599769431 -0.007211565162486557 -0.008939972070375071 0.06380088895372808 
-0.0322522454286346 0.01988885463473779 -0.01248370112624865 -0.07865912654981622 0.1096727324260473 
0.0713941072465718 0.01795581956992629 -0.08492098228247014 -0.04906714547929102 0.04838965535638769 
-0.0322522454286346 0.01988885463473779 -0.01248370112624865 -0.07865912654981622 0.1096727324260473 
0.01317043903686954 0.01855515359423043 -0.05510984306664497 -0.05629078086530131 0.08040448425839847 
-0.04945872286762629 -0.06504926348857529 -0.04636299811369491 -0.05799228598039513 0.2167819684815856 
-0.03974530597729708 -0.07622170900990242 -0.04680963586898039 -0.05513571776955137 0.2170124030361814 
-0.04945872286762629 -0.06504926348857529 -0.04636299811369491 -0.05799228598039513 0.2167819684815856 
-0.04945872286762629 -0.06504926348857529 -0.04636299811369491 -0.05799228598039513 0.2167819684815856 
-0.09860029978817844 -0.07377914159917606 -0.07613043246561652 -0.09647573777241182 0.3483043690522631 
-0.04945872286762629 -0.06504926348857529 -0.04636299811369491 -0.05799228598039513 0.2167819684815856 
-0.06699064454501569 -0.08066920821376151 -0.05381084294797407 -0.06949357629654609 0.2848598723415652 
-0.04515881888356704 -0.06688348730075203 -0.06914820065441783 -0.09487612766548342 0.2865059280370522 
-0.03538021497384935 -0.08021522801228828 -0.05864112442259836 -0.05366871925376307 0.2256880527045518 
-0.1081275717583601 -0.09527118315869319 -0.0251702267690167 -0.05355201671528223 0.2836394459410261 
-0.01160434734502375 -0.03858106405515213 -0.03186456372173322 -0.0884334544443192 0.184822999049773 
-0.05374167269316698 -0.09902054177028521 -0.08908840633327773 -0.07320632707473546 0.3263331227459276 
-0.02701919506715702 -0.1154254353703978 -0.07464051058347103 -0.06479961644646005 0.2765300858520987 
0.02236747124035476 -0.1256411548110291 -0.09585489621344656 -0.07439289397198739 0.2707671731327962 
-0.05468638330914417 -0.1019903925562139 -0.08920881062040785 -0.0745445717465288 0.331679315016902 
-0.0619379742335669 -0.1057749251927236 -0.07246723367315205 -0.0737804665563936 0.3243606724012572 
-0.07766819984375112 -0.03979785898317075 -0.0744806957418002 -0.04377257943682252 0.2500135798891059 
-0.05541464807798552 -0.1558054230891014 -0.05609296921232691 0.04096178513104037 0.2458335093729724 
-0.02289024927299355 -0.1092355018550979 -0.08970795959728801 -0.04316401669732325 0.2729655778297483 
-0.08271278514828453 -0.06654213990706892 -0.02736179213036359 -0.07579253844360137 0.2631312329570215 
-0.08399638960679694 -0.1009040047969763 -0.03468038997455911 -0.04101896565491901 0.2589071959579372 
-0.07303495329305865 -0.06845351578940714 -0.08318859129370461 -0.05713068755381472 0.27915147895441 
-0.07486856537571418 -0.08860102032252631 -0.03037753849270347 -0.07253915985687423 0.2553008045705862 
-0.04825593210205697 -0.1177792280482651 -0.05883832868675998 -0.02285634112811194 0.2510384277111381 
-0.06602334243845741 -0.068982864839132 -0.1242992320297316 -0.03281159314253441 0.2985501236694219 
-0.003247205143154617 -0.08193188769398713 -0.09621722265835644 -0.07996259638575495 0.2716370358382572 
-0.05165820518195818 -0.08072794060746311 -0.1027998043746145 -0.07465474647240582 0.3194546510417349 
-0.07099482304179984 -0.1382186695456288 -0.01263143489825257 -0.05928101182524501 0.2941411569832512 
-0.004911573562393921 -0.0831491600625929 -0.09103356209249819 -0.07222109831704766 0.2654142101007678 
-0.1011966572391765 -0.05273959682407958 -0.04034226080556334 -0.08727900296206542 0.2961688896283206 
-0.07195090194314781 -0.1001029141399826 -0.06689293975637457 -0.03550629115416605 0.2736344391230815 
-0.0820336682475221 -0.04878271198279852 -0.06595098463882454 -0.0869340938053037 0.2971688615819973 
-0.1250202688339725 -0.0559113106703125 -0.03735391739592766 -0.0516507718383515 0.2778371282847312 
-0.03999044298745204 -0.01716873542008595 -0.0981306632119483 -0.07341927472695794 0.2387530215833207 
0.01700584548178722 -0.1015353853871711 -0.1025533981338637 -0.06959196860072928 0.2737649590835431 
-0.07195090194314781 -0.1001029141399826 -0.06689293975637457 -0.03550629115416605 0.2736344391230815 
-0.6202693207233463 -0.5782036041435004 -0.6034493991504671 -0.5996864334040675 -0.6064275561539815 
